A: 
[[ 0.11066851  0.0070323   0.11641019 -0.18778959 -0.29642105 -0.09293371
  -0.75228609  0.32285866  0.44675487  0.62993074  0.79246052  0.57690913]
 [ 0.10443765 -0.00488537  0.16583526 -0.1732069  -0.29768878 -0.14941026
  -0.4323869   0.01197727  0.22238572  0.5769458   0.07610278 -0.80896312]
 [ 0.04120623 -0.13854749  0.72920873 -0.0207932  -0.33037864 -0.79066856
  -0.03800221 -0.31541498 -0.09603039 -0.81294029  0.75561577  0.79109991]
 [ 0.15136814  0.04918447 -0.03301264 -0.27062105 -0.34376912  0.0847988
  -0.24839578 -0.69540632 -0.76937409  0.54958203  0.52305241  0.74401216]
 [ 0.08545178 -0.12530798  0.72508474 -0.09950108 -0.43263634 -0.77197284
   0.02340382  0.92761688 -0.53313032 -0.3892322   0.59946586  0.51189677]
 [ 0.06609006 -0.00654355  0.12171536 -0.10840715 -0.19376291 -0.11303798
   0.21432642 -0.74192429  0.36641094  0.40665572  0.1698383  -0.23105861]
 [-0.07240664  0.0283581  -0.23629736  0.11139399  0.24530551  0.23732788
   0.70016683 -0.53991736  0.50036037 -0.96176291  0.51090824  0.97560926]
 [-0.27774236 -0.07439616 -0.0164411   0.49104056  0.65547979 -0.07069745
   0.16095119  0.92313495  0.21281221  0.60559417  0.75344126 -0.04314037]
 [-0.25581637 -0.0540447  -0.08548736  0.44723732  0.62629863  0.01242786
  -0.80036516  0.77923983  0.55722066  0.40917465  0.51448647 -0.6962284 ]
 [-0.08467033 -0.08866546  0.31558386  0.17265889  0.09698462 -0.37496252
   0.15144744  0.22114362  0.14663303 -0.26696864  0.31483789  0.94954036]
 [ 0.07211327  0.0979304  -0.37768355 -0.1548533  -0.0476679   0.43940266
   0.92619629 -0.83729242  0.82681799 -0.04797867  0.04941992  0.07919675]
 [ 0.06984951  0.11625327 -0.4697866  -0.15743875 -0.01282384  0.54020888
  -0.01024875  0.67499082 -0.39914306  0.71077179 -0.18692968  0.12343149]
 [-0.35948079 -0.14749352  0.22749316  0.65337129  0.76858427 -0.36573914
  -0.50334592 -0.7745101  -0.58096013  0.72549023  0.34611942  0.57320458]
 [ 0.36427884  0.1377137  -0.17344891 -0.65800327 -0.79715282  0.30769764
  -0.12057939 -0.0948223   0.50517288  0.39708535 -0.87771661 -0.57340742]
 [-0.00441302 -0.06689555  0.3190124   0.03067154 -0.09200072 -0.35307589
   0.39603735  0.10248042  0.42317264  0.75204138 -0.21551965 -0.84098289]
 [ 0.36603592  0.10483512 -0.0113153  -0.64950362 -0.85327492  0.1295309
   0.28617072 -0.63943591 -0.85609642 -0.42352934 -0.63504853  0.64778623]
 [-0.1121881   0.13188725 -0.79342838  0.14198807  0.51715019  0.83876152
   0.51684475  0.12418961  0.31315069  0.16855406  0.74147669 -0.19126652]
 [ 0.11378258 -0.07095309  0.49954487 -0.16586458 -0.42661191 -0.51428792
  -0.84649258 -0.65013087 -0.35839933 -0.40968564 -0.31833324  0.33404231]
 [ 0.19647873  0.02727837  0.13479784 -0.33854637 -0.50320452 -0.08576151
   0.30821387 -0.2137482  -0.68252228  0.34839458 -0.69577338  0.89781537]
 [ 0.1618265   0.08608244 -0.19805428 -0.30097736 -0.31531105  0.27007768
  -0.95375436  0.55618348 -0.32606744  0.13228604  0.75507502  0.13372848]] 
x segnato:[[-0.43555879]
 [ 0.97912472]
 [ 0.86470408]
 [ 0.45684609]
 [-0.08189306]
 [-0.24692641]
 [ 0.        ]
 [ 0.        ]
 [ 0.        ]
 [ 0.        ]
 [ 0.        ]
 [ 0.        ]]
Matrici Hi 

[[ 0.12399773  0.0208677   0.06732585 -0.21492769 -0.31188017 -0.03456274
   0.01307166 -0.35154582  0.80424074  0.30460955  0.59612096  0.66922168]
 [ 0.05189467  0.01433504  0.00096081 -0.09189951 -0.12179568  0.01553664
   0.71193821 -0.11029526 -0.88062167 -0.1539453   0.40796374 -0.39955947]
 [-0.08342088 -0.04125492  0.08693635  0.15406668  0.16740443 -0.12251245
  -0.03330088  0.39398733  0.21989362  0.93494426  0.64488428 -0.28300736]
 [-0.22572563 -0.03993706 -0.11308843  0.39193309  0.56470878  0.05247697
  -0.51344705 -0.97483065 -0.69061541  0.2023525  -0.70697439 -0.91841317]
 [-0.26352412 -0.0356185  -0.18549965  0.45373324  0.67642439  0.12021189
  -0.2293917   0.24652988  0.39979003 -0.69639027 -0.71255742 -0.42560471]
 [ 0.13161354  0.05215097 -0.07430399 -0.23856941 -0.28427751  0.12399902
   0.52566521  0.06489375  0.94129945  0.0449674  -0.22872425 -0.89926186]
 [ 0.01307166  0.71193821 -0.03330088 -0.51344705 -0.2293917   0.52566521
  -0.702052   -0.43829086  0.77568852  0.48078132  0.98083629 -0.0087614 ]
 [-0.35154582 -0.11029526  0.39398733 -0.97483065  0.24652988  0.06489375
  -0.74209272  0.48701167 -0.78161928 -0.99837997 -0.71464697 -0.62396282]
 [ 0.80424074 -0.88062167  0.21989362 -0.69061541  0.39979003  0.94129945
   0.3729357   0.39201115 -0.62972237 -0.28883209  0.87185588 -0.27005486]
 [ 0.30460955 -0.1539453   0.93494426  0.2023525  -0.69639027  0.0449674
   0.0558127   0.95631486  0.82557701  0.03420294  0.65116076 -0.39720642]
 [ 0.59612096  0.40796374  0.64488428 -0.70697439 -0.71255742 -0.22872425
  -0.86245769 -0.36498818 -0.51662129  0.45395305 -0.78239489  0.28697946]
 [ 0.66922168 -0.39955947 -0.28300736 -0.91841317 -0.42560471 -0.89926186
   0.89666423  0.99703952 -0.22615014  0.94188035 -0.91764179  0.0006515 ]]

[[-0.05983487  0.02746328 -0.21484451  0.09065081  0.20899293  0.21769967
  -0.23182827  0.29949679 -0.99399714 -0.09800263 -0.61907774 -0.93236394]
 [-0.01726714  0.00261642 -0.03620597  0.0280076   0.05203708  0.03438981
   0.83409972  0.29635285 -0.19408019  0.23168736  0.3439057   0.12909303]
 [ 0.00248144  0.02465488 -0.1164112  -0.01273613  0.03153285  0.12911992
  -0.5751732   0.72648079 -0.61902589  0.67114033 -0.12403666 -0.44632246]
 [ 0.10621779 -0.04690473  0.37241145 -0.16156471 -0.36812101 -0.37656108
   0.66304286 -0.98225286  0.36243238  0.14312345  0.34138177 -0.68119458]
 [ 0.13927981 -0.07220135  0.54030153 -0.20813169 -0.49937573 -0.55106224
  -0.21104188  0.61614156 -0.68860696  0.15636154  0.86074997  0.75749967]
 [-0.02187048 -0.01839571  0.05961958  0.04302965  0.03207509 -0.07271601
   0.26855331 -0.30187914  0.42115123  0.57464541  0.53863374 -0.96468185]
 [-0.23182827  0.83409972 -0.5751732   0.66304286 -0.21104188  0.26855331
   0.32872117  0.4459078  -0.81266934  0.46599022  0.97929255  0.41796473]
 [ 0.29949679  0.29635285  0.72648079 -0.98225286  0.61614156 -0.30187914
   0.06591368 -0.08483284  0.95828685  0.31696853 -0.30919917 -0.70779011]
 [-0.99399714 -0.19408019 -0.61902589  0.36243238 -0.68860696  0.42115123
  -0.41484497 -0.37786658  0.77306712 -0.64708375 -0.49704615 -0.99473768]
 [-0.09800263  0.23168736  0.67114033  0.14312345  0.15636154  0.57464541
  -0.26742376  0.39458637  0.38316494 -0.67723063  0.05920742 -0.06616668]
 [-0.61907774  0.3439057  -0.12403666  0.34138177  0.86074997  0.53863374
  -0.10510151 -0.88464054  0.57593575 -0.85526193 -0.63572914  0.97873318]
 [-0.93236394  0.12909303 -0.44632246 -0.68119458  0.75749967 -0.96468185
   0.82185137 -0.25159279  0.22339503  0.20001841  0.90134264  0.42887269]]

[[ 0.06363516  0.0334492  -0.07593244 -0.11821399 -0.12461508  0.10405481
  -0.66623859  0.83266759 -0.04643812  0.99366128  0.06631651  0.83329383]
 [-0.02301208  0.00108821 -0.03659773  0.03816079  0.06561189  0.03298444
  -0.25232841  0.60405828  0.04498744 -0.2949304   0.32191175 -0.50523682]
 [ 0.19838875  0.0402243   0.07449792 -0.34625059 -0.48833313 -0.01867883
  -0.23265178 -0.50032082  0.09916741  0.44154579 -0.26546712 -0.7415032 ]
 [-0.09856446 -0.05639781  0.13990461  0.1846984   0.18586516 -0.1857451
   0.90357352  0.49617986  0.28241145 -0.79954882 -0.5642932   0.17677203]
 [-0.21261094 -0.09120893  0.15386365  0.38781278  0.44837476 -0.23760471
  -0.53394486 -0.11085051 -0.80545981  0.41579333  0.37853225 -0.69587558]
 [-0.19834427 -0.03364444 -0.10640611  0.34388619  0.49846441  0.05386717
   0.65841605  0.53901215 -0.1039124   0.25693075  0.6549588  -0.83498847]
 [-0.66623859 -0.25232841 -0.23265178  0.90357352 -0.53394486  0.65841605
   0.74424069  0.98833943 -0.39872598  0.42139553  0.13960625  0.09022887]
 [ 0.83266759  0.60405828 -0.50032082  0.49617986 -0.11085051  0.53901215
   0.91544961 -0.5331422  -0.29314159  0.55092102 -0.49175684 -0.92945554]
 [-0.04643812  0.04498744  0.09916741  0.28241145 -0.80545981 -0.1039124
   0.32841862 -0.30905593 -0.36754893  0.65969803 -0.60552884  0.77908211]
 [ 0.99366128 -0.2949304   0.44154579 -0.79954882  0.41579333  0.25693075
   0.65868104 -0.61521476  0.40860715  0.33422935 -0.63650014  0.31968007]
 [ 0.06631651  0.32191175 -0.26546712 -0.5642932   0.37853225  0.6549588
   0.17485565 -0.64758804  0.59318502  0.33960876  0.69488077 -0.87985303]
 [ 0.83329383 -0.50523682 -0.7415032   0.17677203 -0.69587558 -0.83498847
   0.52250953  0.72107423 -0.31736818  0.05475022  0.96007714  0.01111201]]

[[-0.08684323 -0.06266024  0.18627917  0.16724768  0.14354941 -0.23311786
  -0.95140569  0.67595799 -0.8664345   0.29116539 -0.32771415 -0.7482099 ]
 [-0.028253   -0.02784141  0.09682804  0.05700606  0.03508121 -0.11577403
   0.48564775  0.55267186  0.38538552 -0.40959964  0.72621955  0.74811948]
 [ 0.01910911  0.05001306 -0.2169919  -0.04940844  0.02487077  0.24531296
  -0.5541689  -0.39808884  0.12923906  0.96105555  0.82874541 -0.35129345]
 [ 0.15527335  0.11462963 -0.34566915 -0.29993739 -0.25261844  0.43070586
  -0.99676083 -0.93907936 -0.62556299  0.2083004   0.08659817 -0.08209259]
 [ 0.19717368  0.13064709 -0.36648095 -0.37568438 -0.34403282  0.46704746
   0.87717794  0.42199257 -0.60667675  0.61096499 -0.5633675   0.67718919]
 [-0.04883727 -0.0751707   0.29877355  0.10795102  0.01849037 -0.34497229
   0.85627007 -0.18596434  0.50560344 -0.73621359 -0.4125323  -0.7165511 ]
 [-0.95140569  0.48564775 -0.5541689  -0.99676083  0.87717794  0.85627007
   0.8379649   0.18577066  0.02580309 -0.55972425  0.30551315  0.03153763]
 [ 0.67595799  0.55267186 -0.39808884 -0.93907936  0.42199257 -0.18596434
   0.62460883 -0.31187474 -0.13516136  0.81736773 -0.88597512  0.74727352]
 [-0.8664345   0.38538552  0.12923906 -0.62556299 -0.60667675  0.50560344
   0.70034759  0.89672547 -0.199506    0.06470352  0.41017793 -0.64954116]
 [ 0.29116539 -0.40959964  0.96105555  0.2083004   0.61096499 -0.73621359
   0.1859157   0.11260693 -0.25452038 -0.73764438 -0.27224961 -0.47823894]
 [-0.32771415  0.72621955  0.82874541  0.08659817 -0.5633675  -0.4125323
  -0.19803425  0.97432431  0.09438112 -0.00796483 -0.49665005  0.38054041]
 [-0.7482099   0.74811948 -0.35129345 -0.08209259  0.67718919 -0.7165511
   0.72374087  0.07390525 -0.50035937  0.3822368  -0.729635   -0.97337094]]

[[ 0.04925401  0.02581907 -0.05842808 -0.09147371 -0.09656322  0.08015975
   0.09217071  0.82696442 -0.50354327  0.91588911 -0.21488535  0.21736777]
 [-0.02744867 -0.00181661 -0.02852089  0.0466019   0.07340725  0.0226621
   0.17940599  0.53805928  0.66503355  0.3164022   0.75490619  0.82308476]
 [ 0.20037702  0.04395594  0.05907273 -0.35087912 -0.4880397  -0.00103896
  -0.99774235  0.51746772  0.51489528 -0.80591008  0.26225534 -0.99027395]
 [-0.0729356  -0.0426083   0.10777828  0.13697743  0.13617235 -0.14213446
   0.84126264  0.22423994  0.83816327  0.34238695  0.55782187 -0.62586867]
 [-0.17958188 -0.0745435   0.11783329  0.32669745  0.38261012 -0.18732387
  -0.3422323  -0.84743556  0.92560796 -0.59146423  0.57379759 -0.58108773]
 [-0.2051351  -0.04019813 -0.08380423  0.35753995  0.50711186  0.02678021
  -0.19987779  0.93665138  0.66676478  0.82315469  0.04665678  0.45623091]
 [ 0.09217071  0.17940599 -0.99774235  0.84126264 -0.3422323  -0.19987779
   0.9007794  -0.78952427 -0.03569084  0.70906148 -0.83700426 -0.10040877]
 [ 0.82696442  0.53805928  0.51746772  0.22423994 -0.84743556  0.93665138
  -0.43813353 -0.75335874  0.56501408  0.20239237  0.84075301 -0.16940748]
 [-0.50354327  0.66503355  0.51489528  0.83816327  0.92560796  0.66676478
  -0.03099083 -0.00801336 -0.07252332 -0.90421738 -0.12140078 -0.31287077]
 [ 0.91588911  0.3164022  -0.80591008  0.34238695 -0.59146423  0.82315469
  -0.13308469 -0.45657663 -0.37391526 -0.37750127  0.06757058  0.76461761]
 [-0.21488535  0.75490619  0.26225534  0.55782187  0.57379759  0.04665678
  -0.39161939  0.821565    0.5390083  -0.01443584  0.40408117  0.78879423]
 [ 0.21736777  0.82308476 -0.99027395 -0.62586867 -0.58108773  0.45623091
  -0.40488781  0.23181916  0.96235194 -0.36818096 -0.99232156  0.4205204 ]]

[[-0.03387669 -0.02110462  0.05644522  0.06407981  0.06120036 -0.0730563
  -0.8308402  -0.81337151 -0.98153897 -0.42317167  0.28193264  0.06758086]
 [ 0.01434245 -0.00455867  0.04166317 -0.02243354 -0.04694082 -0.04134089
  -0.06910492  0.90938544 -0.10372527  0.72500406  0.86400488 -0.47599387]
 [-0.11577692 -0.00656661 -0.12562336  0.19618285  0.31133542  0.10145623
   0.25285508  0.00874559  0.67231157 -0.54215703 -0.77670566  0.38747834]
 [ 0.0517436   0.03693149 -0.10903122 -0.09951048 -0.08615914  0.1367385
  -0.99011669  0.7979419   0.02465062  0.22139357 -0.87368494  0.38639835]
 [ 0.11644522  0.05151317 -0.09184343 -0.21294428 -0.24314164  0.1384829
   0.55841049  0.60827404 -0.6113904  -0.87178367 -0.2507803  -0.20731842]
 [ 0.11679347  0.00048953  0.15653247 -0.19577039 -0.32363013 -0.13520392
  -0.08057728  0.94632377  0.15045485  0.9081747   0.57638538  0.4564201 ]
 [-0.8308402  -0.06910492  0.25285508 -0.99011669  0.55841049 -0.08057728
   0.31924605 -0.16401086  0.48577102 -0.8516786  -0.85097668 -0.07192832]
 [-0.81337151  0.90938544  0.00874559  0.7979419   0.60827404  0.94632377
  -0.08329725  0.73398392 -0.27875232  0.02000053  0.47622239  0.48991328]
 [-0.98153897 -0.10372527  0.67231157  0.02465062 -0.6113904   0.15045485
   0.1995325   0.73294701 -0.78290577  0.68974813 -0.00108089  0.66894298]
 [-0.42317167  0.72500406 -0.54215703  0.22139357 -0.87178367  0.9081747
   0.03115569  0.2630905   0.5373863  -0.46349439 -0.34646372 -0.79485176]
 [ 0.28193264  0.86400488 -0.77670566 -0.87368494 -0.2507803   0.57638538
  -0.93930002  0.57812848  0.73810903 -0.51401719 -0.77818833  0.91888761]
 [ 0.06758086 -0.47599387  0.38747834  0.38639835 -0.20731842  0.4564201
   0.41295878  0.45912649  0.97392865 -0.01642376  0.92917779  0.8322246 ]]

[[ 0.03852947  0.0404702  -0.14420363 -0.07861162 -0.04394184  0.1712851
  -0.6261104  -0.17683757 -0.30091934  0.97602245 -0.80000091 -0.78160889]
 [ 0.0135957   0.026133   -0.10847053 -0.03186416  0.00296676  0.12392081
  -0.904855   -0.13729387 -0.98439098 -0.53691904  0.89512194 -0.72588536]
 [-0.01363193 -0.0719047   0.33080636  0.0478542  -0.07420211 -0.36902519
  -0.23895642 -0.06278508 -0.47410635 -0.2813183   0.42061889 -0.90240882]
 [-0.06925882 -0.07687227  0.27925489  0.14274421  0.07255916 -0.32998658
   0.70931326  0.89218567 -0.04992101 -0.6142085  -0.87013138 -0.63161459]
 [-0.0858262  -0.07167699  0.23147143  0.16868241  0.12667189 -0.28261049
  -0.10590006 -0.03360214 -0.21626954 -0.03433066 -0.37580122  0.63144314]
 [ 0.02734885  0.09220672 -0.41078172 -0.07789209  0.0677445   0.46157301
   0.58480558 -0.52410873 -0.52218686  0.61336207  0.82249909 -0.07036985]
 [-0.6261104  -0.904855   -0.23895642  0.70931326 -0.10590006  0.58480558
  -0.38868862 -0.98115901  0.65321711 -0.50280339 -0.16189148  0.26324298]
 [-0.17683757 -0.13729387 -0.06278508  0.89218567 -0.03360214 -0.52410873
   0.2763314  -0.11811005 -0.50542698  0.84181709  0.90787849 -0.59337536]
 [-0.30091934 -0.98439098 -0.47410635 -0.04992101 -0.21626954 -0.52218686
   0.15048627  0.64647886 -0.92170533  0.76008234  0.96828319  0.39772425]
 [ 0.97602245 -0.53691904 -0.2813183  -0.6142085  -0.03433066  0.61336207
   0.22485633 -0.47730715  0.6036345   0.65178974  0.97030941 -0.82333098]
 [-0.80000091  0.89512194  0.42061889 -0.87013138 -0.37580122  0.82249909
   0.81028803 -0.6724946  -0.84669726  0.72250053  0.70161846  0.77985606]
 [-0.78160889 -0.72588536 -0.90240882 -0.63161459  0.63144314 -0.07036985
  -0.08084959  0.90553837 -0.05946348 -0.88104007  0.29606756 -0.89272992]]

[[-0.02685061 -0.0252612   0.08620004  0.05375944  0.03520737 -0.10360973
  -0.99922903 -0.59027114  0.7117129  -0.12871559 -0.30819006  0.97575279]
 [ 0.01745808  0.01362633 -0.0424508  -0.03398016 -0.02725284  0.05237887
  -0.7042163  -0.25948549  0.90293014  0.05217242 -0.2681764   0.68584666]
 [-0.12135468 -0.10057527  0.32353528  0.23824088  0.18031351 -0.39545938
   0.38926483 -0.81882416 -0.98850416 -0.98175528  0.3974871  -0.59281857]
 [ 0.03889237  0.03756403 -0.12959    -0.078208   -0.04947912  0.15529176
   0.94537625 -0.2121754   0.20415938 -0.69137791 -0.23763045  0.52596943]
 [ 0.1017861   0.09139969 -0.30558032 -0.20227512 -0.14026224  0.36940867
   0.65346368 -0.97537078 -0.84899897 -0.88755052 -0.11066204  0.55655771]
 [ 0.12518906  0.10279109 -0.32908386 -0.24543366 -0.1875101   0.4028021
  -0.4913717   0.72964689 -0.69514388  0.21248202  0.8614734   0.18001072]
 [-0.99922903 -0.7042163   0.38926483  0.94537625  0.65346368 -0.4913717
   0.89106231  0.34439605  0.64327204  0.66520573  0.11682213 -0.49524821]
 [-0.59027114 -0.25948549 -0.81882416 -0.2121754  -0.97537078  0.72964689
   0.73024531  0.86074258 -0.41286821 -0.80066303  0.72270576 -0.51912392]
 [ 0.7117129   0.90293014 -0.98850416  0.20415938 -0.84899897 -0.69514388
   0.76547829 -0.19845925  0.03039158 -0.51667963 -0.51946726 -0.71315058]
 [-0.12871559  0.05217242 -0.98175528 -0.69137791 -0.88755052  0.21248202
   0.79375393 -0.50365676 -0.74168453 -0.7458483  -0.08361331 -0.24075367]
 [-0.30819006 -0.2681764   0.3974871  -0.23763045 -0.11066204  0.8614734
  -0.0938307  -0.26858765 -0.78081159 -0.20939965  0.03764244 -0.99373832]
 [ 0.97575279  0.68584666 -0.59281857  0.52596943  0.55655771  0.18001072
   0.22791544 -0.180221   -0.63966075 -0.24742654 -0.85417663  0.55966987]]

[[-0.02760793 -0.01156633  0.01863212  0.05026171  0.05865451 -0.02936815
  -0.03876222 -0.52165987 -0.72074022  0.7018804   0.26218754  0.57285885]
 [ 0.02227653  0.00324264  0.01455515 -0.03843615 -0.0568192  -0.00892095
   0.90856644  0.0991163  -0.34877816  0.18950587  0.23281154  0.28846587]
 [-0.14579587 -0.03149193 -0.04536613  0.25513158  0.35586632  0.00338436
   0.12798004  0.06169293 -0.17357741  0.19814582 -0.45617273 -0.21314818]
 [ 0.03848379  0.01824224 -0.03626962 -0.07079941 -0.07845764  0.05228899
   0.15320327 -0.93698859  0.89188729  0.43489877 -0.2950709   0.96819562]
 [ 0.1113992   0.03717913 -0.02906613 -0.19950494 -0.25146619  0.06766637
  -0.61434241 -0.42904191  0.89781492  0.09472278 -0.22362203 -0.57786148]
 [ 0.15188972  0.03101637  0.05596805 -0.26517176 -0.37353311 -0.01312263
   0.53619233 -0.21287514 -0.59807902 -0.08666018  0.27309764 -0.20827343]
 [-0.03876222  0.90856644  0.12798004  0.15320327 -0.61434241  0.53619233
  -0.31234388  0.90636626 -0.9098828  -0.99887312 -0.62386747 -0.15546417]
 [-0.52165987  0.0991163   0.06169293 -0.93698859 -0.42904191 -0.21287514
  -0.87956427  0.77622257  0.5540708   0.34428944 -0.90672805 -0.94228323]
 [-0.72074022 -0.34877816 -0.17357741  0.89188729  0.89781492 -0.59807902
   0.39073713 -0.76192794  0.86156785 -0.97594432  0.4475381   0.45289853]
 [ 0.7018804   0.18950587  0.19814582  0.43489877  0.09472278 -0.08666018
  -0.59017093  0.33712827 -0.0880869  -0.66403752  0.20784718  0.45196612]
 [ 0.26218754  0.23281154 -0.45617273 -0.2950709  -0.22362203  0.27309764
  -0.88534858 -0.74052641 -0.55137288 -0.15466191  0.60921061  0.14788978]
 [ 0.57285885  0.28846587 -0.21314818  0.96819562 -0.57786148 -0.20827343
   0.93794345 -0.14066342  0.79683149  0.81813748  0.54610955 -0.15986609]]

[[-0.048728    0.01481199 -0.1382651   0.07645244  0.1584264   0.136834
   0.04518895 -0.63454004  0.48013367  0.91332045  0.29464494  0.22223342]
 [-0.04055491 -0.0204423   0.04414079  0.07503366  0.0807813  -0.06162815
  -0.43689611  0.91428327  0.86684268  0.07829733 -0.36934948  0.77642406]
 [ 0.13073892  0.11947378 -0.40258668 -0.26053416 -0.17692453  0.48560307
   0.17425564 -0.14587081 -0.99192237 -0.32089445 -0.06935288  0.92142277]
 [ 0.0957211  -0.01769211  0.21619789 -0.15415187 -0.29343815 -0.20771524
   0.51869442 -0.38953546  0.05586175  0.92905608 -0.52863659 -0.54991571]
 [ 0.07213616 -0.07299986  0.45282455 -0.09540489 -0.31412921 -0.47610401
  -0.0711574  -0.29037389  0.05191784 -0.68084637 -0.54665975  0.88854528]
 [-0.15970368 -0.12696556  0.39957621  0.31165021  0.24569787 -0.49154733
   0.499207   -0.02269675 -0.63160844  0.66948881  0.50860963 -0.50551956]
 [ 0.04518895 -0.43689611  0.17425564  0.51869442 -0.0711574   0.499207
   0.38523685  0.49208977  0.29397965  0.60695505  0.49430866  0.97940665]
 [-0.63454004  0.91428327 -0.14587081 -0.38953546 -0.29037389 -0.02269675
  -0.07082611 -0.71924033  0.24106153  0.13682993  0.64072982 -0.20996655]
 [ 0.48013367  0.86684268 -0.99192237  0.05586175  0.05191784 -0.63160844
   0.36170694 -0.63720781 -0.54521732 -0.2445701  -0.31974309  0.16979564]
 [ 0.91332045  0.07829733 -0.32089445  0.92905608 -0.68084637  0.66948881
   0.57925715 -0.5177068   0.8652925  -0.75322661  0.84448778  0.17328741]
 [ 0.29464494 -0.36934948 -0.06935288 -0.52863659 -0.54665975  0.50860963
  -0.79699824 -0.19080498 -0.93548564 -0.03593146  0.65307055 -0.28474289]
 [ 0.22223342  0.77642406  0.92142277 -0.54991571  0.88854528 -0.50551956
  -0.56871748  0.55943582  0.6980047  -0.35329614 -0.31279778  0.34724656]]

[[ 0.11425178  0.05422454 -0.1080012  -0.21021442 -0.23282368  0.15559302
  -0.77510403 -0.90649126  0.87683085  0.86106256  0.4150599  -0.12516881]
 [ 0.02916843  0.01934174 -0.05428626 -0.05558113 -0.05087067  0.06917067
  -0.58041376 -0.80369191  0.37168136  0.31162268 -0.60563041 -0.06103128]
 [ 0.01373572 -0.02019456  0.11680571 -0.01597584 -0.06962441 -0.1243686
  -0.34056563  0.72365009  0.39038944 -0.16096473 -0.55295896 -0.48108846]
 [-0.20149445 -0.09754388  0.19976773  0.3714001   0.40762566 -0.28465223
   0.14885742  0.02197854  0.88180875  0.63559967  0.99242455 -0.01889628]
 [-0.27187405 -0.12046384  0.21536653  0.49724498  0.56738336 -0.32435486
  -0.88016828  0.1635482   0.81793439 -0.10057726 -0.70307376 -0.77831197]
 [ 0.02139583  0.03960243 -0.16329978 -0.04961505  0.00229428  0.18685652
   0.24661055  0.81337671  0.91962051 -0.87083665  0.73452557  0.22485453]
 [-0.77510403 -0.58041376 -0.34056563  0.14885742 -0.88016828  0.24661055
  -0.79627917  0.28050107  0.0653368  -0.33994203 -0.12174812 -0.98193594]
 [-0.90649126 -0.80369191  0.72365009  0.02197854  0.1635482   0.81337671
   0.86882433  0.07890711 -0.81790316 -0.98463871 -0.00743763 -0.36106382]
 [ 0.87683085  0.37168136  0.39038944  0.88180875  0.81793439  0.91962051
   0.68844758 -0.55193981  0.74286131 -0.58600378 -0.19096764  0.14608921]
 [ 0.86106256  0.31162268 -0.16096473  0.63559967 -0.10057726 -0.87083665
  -0.00297805  0.62449445 -0.70085172 -0.26250774 -0.70433774 -0.80557934]
 [ 0.4150599  -0.60563041 -0.55295896  0.99242455 -0.70307376  0.73452557
  -0.27391501  0.5065051   0.12225261 -0.18902192  0.04603283 -0.85660605]
 [-0.12516881 -0.06103128 -0.48108846 -0.01889628 -0.77831197  0.22485453
   0.89239628  0.30425024  0.92882607  0.48623681 -0.53664984  0.96443722]]

[[-0.00081098  0.02805198 -0.137396   -0.0084044   0.04597198  0.15119969
   0.18617888 -0.42871071 -0.26824666  0.02773997  0.65535207 -0.76673317]
 [ 0.03208505  0.01772402 -0.04245805 -0.05990276 -0.06149282  0.05706453
  -0.17661328 -0.03890327  0.03579491  0.37599902  0.35435918  0.87161774]
 [-0.15699096 -0.04794551  0.01934255  0.2796067   0.36131742 -0.07152768
   0.83331824  0.60839163  0.37485209 -0.39422697 -0.74823064  0.3274335 ]
 [-0.00980798 -0.05314837  0.24488029  0.03492249 -0.05559105 -0.27308135
   0.34906296 -0.45852216  0.34986     0.08998143 -0.10268262  0.17775913]
 [ 0.05225759 -0.050291    0.31544485 -0.07001631 -0.22352447 -0.33102006
   0.36013829  0.90740721 -0.90724017 -0.21119871  0.73002988  0.97538235]
 [ 0.17280027  0.06182388 -0.06526126 -0.31091329 -0.383598    0.12720214
   0.73184979 -0.77747695 -0.6149013   0.87238376  0.09317513  0.34745974]
 [ 0.18617888 -0.17661328  0.83331824  0.34906296  0.36013829  0.73184979
   0.20363542 -0.43641443  0.45124626  0.80519847 -0.84966486  0.43574644]
 [-0.42871071 -0.03890327  0.60839163 -0.45852216  0.90740721 -0.77747695
  -0.15390029 -0.60595566 -0.81153788 -0.09099557  0.01249651 -0.87742616]
 [-0.26824666  0.03579491  0.37485209  0.34986    -0.90724017 -0.6149013
  -0.32130076  0.92831627 -0.11867414  0.65171472 -0.14789121  0.73552231]
 [ 0.02773997  0.37599902 -0.39422697  0.08998143 -0.21119871  0.87238376
   0.67613218 -0.80316645 -0.07617802 -0.02379358 -0.2659181   0.03247216]
 [ 0.65535207  0.35435918 -0.74823064 -0.10268262  0.73002988  0.09317513
   0.57111296  0.09781358  0.83103435 -0.37518136  0.40878295  0.72137114]
 [-0.76673317  0.87161774  0.3274335   0.17775913  0.97538235  0.34745974
   0.28041977  0.25141103 -0.26236059 -0.76708748  0.46904363 -0.4838325 ]]

[[ 0.06450463  0.00744678  0.05158521 -0.11062082 -0.16755523 -0.03623674
  -0.12936291 -0.80377801  0.85666548 -0.95250703 -0.31558548  0.67138155]
 [-0.00633594 -0.01258106  0.05250521  0.01498956 -0.00200976 -0.05990555
   0.65357221 -0.07327702 -0.09653443  0.79988325 -0.03720484  0.60923943]
 [ 0.11854955  0.07125818 -0.18491277 -0.22334012 -0.21821347  0.24175121
   0.6411942   0.08942662 -0.97669316  0.52133422  0.70963604  0.72488922]
 [-0.10582419 -0.00809307 -0.10466514  0.18004574  0.28131278  0.08153571
  -0.94913974 -0.71118961  0.29808044  0.23304439 -0.69224209  0.77655036]
 [-0.18903584 -0.04029117 -0.0614473   0.33061006  0.46225125  0.00728346
   0.88842856 -0.25771473  0.22692993  0.62321717 -0.6561833   0.46219106]
 [-0.11005515 -0.07617028  0.22033617  0.21082361  0.18696473 -0.27808386
  -0.6369816   0.35999073 -0.28565687 -0.83776984  0.97185407  0.07953743]
 [-0.12936291  0.65357221  0.6411942  -0.94913974  0.88842856 -0.6369816
  -0.2566547   0.80179181  0.18982836 -0.70050026  0.8600149   0.30954185]
 [-0.80377801 -0.07327702  0.08942662 -0.71118961 -0.25771473  0.35999073
  -0.47469056 -0.93406937  0.27205104 -0.94651699 -0.14666522  0.83338946]
 [ 0.85666548 -0.09653443 -0.97669316  0.29808044  0.22692993 -0.28565687
   0.2812893  -0.36912656  0.79130942 -0.87079351  0.86430303  0.65437513]
 [-0.95250703  0.79988325  0.52133422  0.23304439  0.62321717 -0.83776984
   0.81086197 -0.63455173 -0.49541748 -0.4851888  -0.7304503   0.02262253]
 [-0.31558548 -0.03720484  0.70963604 -0.69224209 -0.6561833   0.97185407
  -0.14437017 -0.57772839 -0.43999486 -0.02055432  0.35712881  0.61031482]
 [ 0.67138155  0.60923943  0.72488922  0.77655036  0.46219106  0.07953743
  -0.0077723  -0.79181681  0.07486606 -0.732349    0.87164831  0.41534396]]

[[-0.07485876 -0.02045446 -0.00247445  0.13248833  0.17604108 -0.02121193
   0.45260256 -0.2928288  -0.8216162   0.40136324 -0.03902443  0.66497079]
 [-0.05360995 -0.01517778  0.00079989  0.09506547  0.12524643 -0.0180261
   0.23829644  0.81851434 -0.43470858 -0.14521491 -0.69545727  0.98041455]
 [ 0.1586139   0.04591173 -0.00725309 -0.28161692 -0.36899479  0.05871983
  -0.30879055  0.47863886 -0.67117007 -0.57582345  0.35309634  0.74969192]
 [ 0.14402703  0.03953827  0.00386572 -0.25496947 -0.33841301  0.04179812
   0.92673593  0.91317194  0.84772822  0.59567239 -0.66202775 -0.77798677]
 [ 0.12436768  0.03315728  0.00811942 -0.21982426 -0.29375419  0.03082202
  -0.82398501  0.15524985 -0.7796101   0.86344085  0.70524892 -0.35130009]
 [-0.19878833 -0.05715227  0.00720415  0.35281102  0.46306045 -0.07151357
  -0.30166136  0.56869346 -0.05143598 -0.10363267 -0.36398113 -0.30572091]
 [ 0.45260256  0.23829644 -0.30879055  0.92673593 -0.82398501 -0.30166136
   0.32012343 -0.37812534 -0.69722162 -0.88090089 -0.91608874 -0.72661194]
 [-0.2928288   0.81851434  0.47863886  0.91317194  0.15524985  0.56869346
   0.09146065 -0.98988602 -0.0254608  -0.76111146 -0.28280105  0.61807466]
 [-0.8216162  -0.43470858 -0.67117007  0.84772822 -0.7796101  -0.05143598
   0.87580844 -0.63497664  0.28633395 -0.61074654  0.29502689  0.11821719]
 [ 0.40136324 -0.14521491 -0.57582345  0.59567239  0.86344085 -0.10363267
  -0.22195089  0.67483824 -0.60821608  0.36186298  0.14035451 -0.4682935 ]
 [-0.03902443 -0.69545727  0.35309634 -0.66202775  0.70524892 -0.36398113
   0.13829686  0.67514267 -0.79954568  0.86285101 -0.73455866  0.08594373]
 [ 0.66497079  0.98041455  0.74969192 -0.77798677 -0.35130009 -0.30572091
   0.03318351 -0.84515302  0.22807772  0.08238592  0.54938696 -0.06110355]]

[[ 0.01385075 -0.01835367  0.10801817 -0.01680915 -0.06707486 -0.11464483
  -0.05175655  0.31677741 -0.85482896 -0.72706812  0.53877311  0.62293731]
 [ 0.011939   -0.01701444  0.09891025 -0.01407352 -0.05967777 -0.10521605
   0.88216293  0.31809357  0.27405767  0.9077586  -0.4127325   0.83496596]
 [-0.03916094  0.05769361 -0.33359149  0.04550644  0.19868572  0.35521236
   0.57779901 -0.71211757 -0.05800079  0.35211614 -0.91026527  0.90102708]
 [-0.02735154  0.03665917 -0.21532608  0.03304898  0.13310264  0.22861863
   0.41989357  0.08998368 -0.12036447 -0.66483318 -0.25838019 -0.10805513]
 [-0.01986322  0.02445991 -0.14586641  0.02475348  0.09329115  0.15444422
  -0.1451694  -0.47897898 -0.97351396 -0.31211052 -0.53377338 -0.09881   ]
 [ 0.04759866 -0.06946825  0.4022799  -0.05553974 -0.2404724  -0.42823294
   0.55484656  0.37031276  0.05047336 -0.89015547  0.30152358  0.59583784]
 [-0.05175655  0.88216293  0.57779901  0.41989357 -0.1451694   0.55484656
  -0.24880265  0.06653868 -0.05312133  0.53732118  0.41455789  0.40154631]
 [ 0.31677741  0.31809357 -0.71211757  0.08998368 -0.47897898  0.37031276
  -0.88991531 -0.85905577 -0.17267452 -0.77042605  0.73153914  0.57022435]
 [-0.85482896  0.27405767 -0.05800079 -0.12036447 -0.97351396  0.05047336
  -0.735585   -0.92668449  0.96109476 -0.65670855 -0.20066942 -0.32501589]
 [-0.72706812  0.9077586   0.35211614 -0.66483318 -0.31211052 -0.89015547
  -0.32931219 -0.36872645  0.65496298  0.71197939  0.48643121  0.19145058]
 [ 0.53877311 -0.4127325  -0.91026527 -0.25838019 -0.53377338  0.30152358
  -0.36906035  0.15316844  0.21135453 -0.62330266 -0.74678985  0.57474265]
 [ 0.62293731  0.83496596  0.90102708 -0.10805513 -0.09881     0.59583784
  -0.51853765 -0.77197133  0.23048497 -0.33228335 -0.44267284 -0.3724144 ]]

[[ 0.01141562 -0.00792672  0.05404479 -0.01635968 -0.04406073 -0.05592581
  -0.48869409 -0.73871473 -0.98253423 -0.60008092  0.67942287 -0.03703776]
 [-0.02571979 -0.00690216 -0.00146005  0.04547633  0.0606794  -0.00661563
   0.88224169  0.13430089  0.53528692 -0.9524793   0.26207239  0.46961949]
 [ 0.14049369  0.02274945  0.08062789 -0.24320921 -0.35476486 -0.04395092
   0.03098053  0.19687531  0.63751279 -0.89555398 -0.56913117  0.82600951]
 [-0.01016738  0.01567736 -0.09000346  0.01157184  0.05267326  0.09596418
   0.2340573  -0.00896281  0.64529131 -0.58218216  0.10534936  0.7911316 ]
 [-0.07179153  0.01125927 -0.15238455  0.11631453  0.21694824  0.14502297
  -0.21202808 -0.25678583  0.23378548 -0.71461764  0.2517362  -0.88777802]
 [-0.15122311 -0.02761289 -0.07159708  0.26287088  0.37698597  0.03056454
   0.71557091 -0.69309584 -0.17168287  0.11970471 -0.2488044   0.64523958]
 [-0.48869409  0.88224169  0.03098053  0.2340573  -0.21202808  0.71557091
   0.83503698 -0.5579226  -0.6649123  -0.96642682  0.54759429 -0.04253885]
 [-0.73871473  0.13430089  0.19687531 -0.00896281 -0.25678583 -0.69309584
   0.52949423 -0.18562103 -0.17373618  0.95984255 -0.30560309 -0.25252996]
 [-0.98253423  0.53528692  0.63751279  0.64529131  0.23378548 -0.17168287
  -0.92972297  0.39917201  0.107125    0.03755087 -0.01143229 -0.68177508]
 [-0.60008092 -0.9524793  -0.89555398 -0.58218216 -0.71461764  0.11970471
  -0.91772157  0.16691749  0.98687856 -0.01801609  0.11641657  0.81460258]
 [ 0.67942287  0.26207239 -0.56913117  0.10534936  0.2517362  -0.2488044
  -0.17491845  0.87710196 -0.04653309  0.29644494 -0.68965586  0.86058923]
 [-0.03703776  0.46961949  0.82600951  0.7911316  -0.88777802  0.64523958
  -0.38681905  0.58131314  0.48371136  0.3147967   0.49156851  0.72494762]]

[[ 0.01339244  0.02908326 -0.12308114 -0.0325505   0.00812933  0.13996187
  -0.98384402 -0.52213248 -0.94488105  0.60878344  0.45997974  0.55142637]
 [-0.01504676 -0.00086145 -0.0162874   0.02549937  0.04044967  0.01314257
   0.09663795 -0.53798526  0.22814111  0.86948359 -0.66897243 -0.95911344]
 [ 0.09132769  0.04375652 -0.08833244 -0.16817921 -0.18546674  0.12658001
  -0.064056    0.74888038  0.36014193  0.77104865  0.99348838  0.55401244]
 [-0.01719247 -0.04840742  0.2117986   0.04563976 -0.02769181 -0.23897517
   0.79636557 -0.36116266 -0.6573715  -0.55402933 -0.8156649   0.57792931]
 [-0.06064804 -0.08212113  0.31647282  0.13014999  0.04046234 -0.36826021
  -0.57459603  0.86787051  0.2036185   0.72572099 -0.51491828 -0.88416512]
 [-0.09639258 -0.03893442  0.05801257  0.17498346  0.20704976 -0.09477651
  -0.09694103 -0.90019041 -0.68491318  0.8394438   0.9006327   0.13154923]
 [-0.98384402  0.09663795 -0.064056    0.79636557 -0.57459603 -0.09694103
  -0.33595293 -0.53033052  0.65588806  0.40492047 -0.58050538  0.062112  ]
 [-0.52213248 -0.53798526  0.74888038 -0.36116266  0.86787051 -0.90019041
   0.4861594   0.26066772  0.3272616   0.33221056 -0.35181217 -0.69310463]
 [-0.94488105  0.22814111  0.36014193 -0.6573715   0.2036185  -0.68491318
   0.29961871 -0.50570404 -0.1216012   0.58361651  0.4823078  -0.3372059 ]
 [ 0.60878344  0.86948359  0.77104865 -0.55402933  0.72572099  0.8394438
   0.13388512 -0.21228823  0.56937116  0.23055772  0.92728512  0.03123509]
 [ 0.45997974 -0.66897243  0.99348838 -0.8156649  -0.51491828  0.9006327
   0.41858661 -0.37430942 -0.1188498  -0.05122129  0.85942047 -0.35306388]
 [ 0.55142637 -0.95911344  0.55401244  0.57792931 -0.88416512  0.13154923
   0.73842371  0.85361078 -0.41638164  0.50718307 -0.9300203   0.57224543]]

[[ 0.01923191  0.03723783 -0.15475545 -0.0451681   0.00461928  0.17674562
   0.05393632 -0.63799837 -0.60682811  0.25779589  0.66155851 -0.77108137]
 [ 0.02464696  0.02025525 -0.06487656 -0.04832672 -0.03688863  0.07939898
  -0.83708775 -0.41419698 -0.00622912  0.8675252  -0.69422422  0.95803215]
 [-0.09358182 -0.04774525  0.10464496  0.17334248  0.18551109 -0.14528304
  -0.62319018 -0.36146719  0.36901381 -0.14581262  0.22819063 -0.12813654]
 [-0.04078625 -0.06941329  0.28175508  0.09246389  0.00510175 -0.32363722
   0.96242423  0.30786059 -0.20235558 -0.98074279 -0.79736613  0.33846498]
 [-0.0150038  -0.07185967  0.32872097  0.05013607 -0.07032156 -0.36716508
   0.51320875 -0.24476793  0.53325228  0.6173218  -0.24490734 -0.89187649]
 [ 0.10931063  0.06454074 -0.16484623 -0.20552944 -0.20302167  0.2166762
   0.87135669 -0.04993277  0.30189076  0.54868267 -0.8807628   0.69430623]
 [ 0.05393632 -0.83708775 -0.62319018  0.96242423  0.51320875  0.87135669
   0.70950432 -0.88257876 -0.07931282  0.35109607  0.04992073 -0.97458301]
 [-0.63799837 -0.41419698 -0.36146719  0.30786059 -0.24476793 -0.04993277
   0.37035698 -0.39476577 -0.31072766 -0.88184564  0.20026761  0.90366846]
 [-0.60682811 -0.00622912  0.36901381 -0.20235558  0.53325228  0.30189076
   0.00448505 -0.7859925   0.233646    0.13913186 -0.58430237 -0.19010906]
 [ 0.25779589  0.8675252  -0.14581262 -0.98074279  0.6173218   0.54868267
   0.07767535 -0.46166648  0.7511132   0.46160666 -0.44432233  0.80486468]
 [ 0.66155851 -0.69422422  0.22819063 -0.79736613 -0.24490734 -0.8807628
  -0.79285355  0.3438461  -0.44299601 -0.47855441 -0.8577155   0.23708054]
 [-0.77108137  0.95803215 -0.12813654  0.33846498 -0.89187649  0.69430623
  -0.90294676 -0.82830594 -0.64645928  0.68051966  0.53945026  0.6387438 ]]

[[ 0.05686808  0.00064175  0.07425752 -0.09546323 -0.15695052 -0.0636718
  -0.70561332  0.6646851   0.85624244 -0.96125501  0.76810731  0.68949195]
 [ 0.03153217  0.01794575 -0.04428761 -0.05905399 -0.05961163  0.05890454
  -0.68778952 -0.5332525   0.8576761  -0.62816169 -0.43161227  0.70803667]
 [-0.0758258  -0.08631755  0.31621036  0.15702939  0.07607826 -0.37282469
  -0.54404028  0.92779123 -0.46565636 -0.94396415  0.05003346 -0.34682965]
 [-0.10621365 -0.00732022 -0.10895     0.18042901  0.28359898  0.0861346
   0.20433632 -0.06430155  0.1586223   0.71895098  0.36400255  0.1574553 ]
 [-0.10880727  0.0261863  -0.27527273  0.17311183  0.34302324  0.2686517
  -0.50919646 -0.74496833 -0.42151143  0.64600816  0.03440413  0.33604437]
 [ 0.10177316  0.09535774 -0.3248284  -0.20363091 -0.1340576   0.39062273
   0.39038755 -0.42222126  0.28547087 -0.33157783  0.88346045 -0.88700847]
 [-0.70561332 -0.68778952 -0.54404028  0.20433632 -0.50919646  0.39038755
   0.05597034 -0.40743859  0.31278193 -0.18520299  0.16386056 -0.27036103]
 [ 0.6646851  -0.5332525   0.92779123 -0.06430155 -0.74496833 -0.42222126
   0.9214365   0.61998896 -0.48414717  0.63562575 -0.10349539 -0.38641961]
 [ 0.85624244  0.8576761  -0.46565636  0.1586223  -0.42151143  0.28547087
  -0.1145794  -0.8116804  -0.04791741 -0.96897523  0.54573717  0.49926312]
 [-0.96125501 -0.62816169 -0.94396415  0.71895098  0.64600816 -0.33157783
  -0.39254467  0.84799911 -0.40243403  0.0663697  -0.447724   -0.95507127]
 [ 0.76810731 -0.43161227  0.05003346  0.36400255  0.03440413  0.88346045
  -0.57797645  0.37809186  0.56377785  0.75966367  0.20764403  0.69118753]
 [ 0.68949195  0.70803667 -0.34682965  0.1574553   0.33604437 -0.88700847
  -0.23797634  0.55674286  0.5161679  -0.41257194  0.75647283  0.01824115]]

[[-0.06768927 -0.02229858  0.01624029  0.12112299  0.15325375 -0.03954942
  -0.71826022  0.10022634  0.03127312  0.68953751  0.14119206 -0.17763492]
 [-0.03409171 -0.02115012  0.05637371  0.06445576  0.06172667 -0.07304624
  -0.29043176 -0.10460827 -0.27055105  0.34513047 -0.58956339  0.33912715]
 [ 0.07353805  0.07241961 -0.25179894 -0.14836125 -0.09138423  0.30108889
   0.62165098 -0.24398565 -0.86237525 -0.12223357  0.82713082 -0.66831521]
 [ 0.12522721  0.0447052  -0.0468175  -0.22528264 -0.2781439   0.09165683
  -0.98618221 -0.23236923  0.69199399 -0.61024628  0.93856886 -0.59027728]
 [ 0.13487397  0.02897134  0.04275209 -0.23596289 -0.32945918 -0.00399556
   0.17333995 -0.99615842  0.38700622  0.3023643   0.86900823 -0.829601  ]
 [-0.10271184 -0.08696308  0.2827652   0.20228148  0.14974797 -0.34455438
  -0.31021324 -0.35181034 -0.6007278  -0.95158163 -0.40330839  0.82113959]
 [-0.71826022 -0.29043176  0.62165098 -0.98618221  0.17333995 -0.31021324
   0.29331599 -0.74767198  0.23952863 -0.67517372 -0.66121428 -0.19016375]
 [ 0.10022634 -0.10460827 -0.24398565 -0.23236923 -0.99615842 -0.35181034
   0.78651634 -0.08521431 -0.46077567  0.89908426 -0.93922488 -0.31808088]
 [ 0.03127312 -0.27055105 -0.86237525  0.69199399  0.38700622 -0.6007278
  -0.30189372  0.00227222 -0.68627392  0.43832869 -0.07442398 -0.20629834]
 [ 0.68953751  0.34513047 -0.12223357 -0.61024628  0.3023643  -0.95158163
  -0.85422491  0.62652584  0.51412484 -0.39078412 -0.33885431  0.35888207]
 [ 0.14119206 -0.58956339  0.82713082  0.93856886  0.86900823 -0.40330839
   0.8387176  -0.44997336 -0.64564925 -0.59282172  0.20045238 -0.58864395]
 [-0.17763492  0.33912715 -0.66831521 -0.59027728 -0.829601    0.82113959
  -0.68515854 -0.7897519  -0.23496902  0.32119696  0.84635739  0.55591754]]
