A: 
[[-0.06717684  0.33666826  0.06391132  0.37235045  0.47307958 -0.73354289
  -0.43046758 -0.09091781  0.52577384  0.97990204  0.65104405 -0.85725044]
 [ 0.15684931 -0.07027797 -0.58927119  0.36713159  0.46866939 -0.73212977
  -0.52431091  0.11152719 -0.33703882 -0.19577963 -0.71985137 -0.77444045]
 [-0.54198858 -0.23115918  0.24776537  0.42039674 -0.07001884  0.41237942
   0.59518623 -0.27450297 -0.26351551 -0.00484869  0.95671699  0.15155697]
 [ 0.43250341 -0.42194783 -1.04126076  0.09327322  0.12824347 -0.47693693
  -0.33182597  0.10186219 -0.38505808 -0.60839405  0.89749414 -0.49226733]
 [-0.11396299  0.30562137 -0.096284   -0.02490655 -0.0011371  -0.27021013
  -1.00402625  0.74139592  0.91535657 -0.34004161 -0.68708041  0.25200122]
 [-0.31099088  0.29976884  0.27612054  0.37863418  0.64090987 -0.30802828
  -0.67884564  0.59293216  0.73763221 -0.01055841 -0.64740079  0.89270501]
 [ 0.81653685 -0.29897254 -0.69103422 -0.29403087  0.35313869 -0.34260548
  -0.04671767 -0.00002149  0.8567939   0.60434005  0.45212722  0.36235139]
 [-0.0375972  -0.49246322 -0.34076961 -0.45777998 -0.71414796  0.99629721
   0.04737195  0.65936131 -0.19331029 -0.09508906 -0.12453365 -0.00321962]
 [ 0.04298401  0.72592592  0.50829175 -0.0723227   0.08829279 -0.63758996
  -0.39668808 -0.26380999  0.1845562   0.31573548 -0.20745295 -0.00828743]
 [-0.25008271  0.21447464  0.8159263  -0.00090258  0.69452362  0.47897699
  -0.15960729  0.77495511  0.80140581 -0.07395548 -0.92990272  0.51147341]] 
x segnato:[[ 0.32609576]
 [-0.97366194]
 [-0.08113415]
 [-0.28514705]
 [-0.7206034 ]
 [-0.52426197]
 [-0.72977776]
 [-0.37386127]
 [ 0.        ]
 [ 0.        ]
 [ 0.        ]
 [ 0.        ]]
Matrici Hi 

[[-0.54268675 -0.16056785 -0.14462689  0.34967497 -0.66649401  0.13904204
   0.28648725 -0.42368052  0.27732552 -0.93313326  0.49229863  0.85043572]
 [-0.29295669  0.25099882  0.03863771  0.10953533 -0.19505984 -0.16577197
  -0.54473754  0.28038007 -0.56315553  0.17326237  0.05766402 -0.98600932]
 [-0.38191501 -0.07058053 -0.49145086  0.2937608  -0.44525455 -0.17951008
  -0.56380292  0.26196378  0.20052491  0.67736918 -0.88898556  0.33773068]
 [ 0.24013344  0.01471058  0.51698549 -0.28465364  0.73165776  0.45789252
   0.0715137   0.60394911  0.57762529 -0.09294855 -0.67260098 -0.68546873]
 [-0.60249872 -0.42919518  0.26585536  0.30455694  0.11601104  0.92690346
   0.38304876  0.50282655  0.26411774 -0.60029111 -0.91055844  0.81486897]
 [ 0.36508043 -0.27398047 -0.73918062  0.04290634 -0.17079417 -0.45291159
   0.11674601 -0.49418852  0.70604169  0.56202821 -0.95085135 -0.17476335]
 [-0.24265994 -0.3722341  -0.64278895  0.22873701 -0.69998648  0.02506021
   0.13718826 -0.31247057  0.77244336  0.49116953 -0.89296314 -0.62240785]
 [ 0.37959963 -0.07188465  0.11140989 -0.0921322   0.62803046 -0.03275808
   0.23773368 -0.00609069  0.67691768 -0.79934737  0.25116794 -0.27130122]
 [ 0.27732552 -0.56315553  0.20052491  0.57762529  0.26411774  0.70604169
   0.77244336  0.67691768  0.58670459  0.41812346  0.46805201  0.58724605]
 [-0.93313326  0.17326237  0.67736918 -0.09294855 -0.60029111  0.56202821
   0.49116953 -0.79934737  0.46761468  0.83067723  0.52528293 -0.26782651]
 [ 0.49229863  0.05766402 -0.88898556 -0.67260098 -0.91055844 -0.95085135
  -0.89296314  0.25116794 -0.87817173 -0.63615427 -0.47371908  0.06156789]
 [ 0.85043572 -0.98600932  0.33773068 -0.68546873  0.81486897 -0.17476335
  -0.62240785 -0.27130122  0.54957054 -0.88738719  0.59630374  0.1917316 ]]

[[-0.57754011 -0.1572236  -0.21113697  0.56722499 -0.10011893 -0.03816899
  -0.17707893  0.11334854  0.14925365  0.95449407 -0.51863637 -0.59943623]
 [-0.29052287 -0.3872356  -0.27963223  0.33981754 -0.0330268   0.22809183
   0.18276202  0.0617246  -0.19865837  0.03490003 -0.26851861  0.40643534]
 [-0.25981339 -0.33491792 -0.21963239  0.29637833  0.38082271  0.29067392
  -0.30363927  0.76807017  0.37240531  0.9836296  -0.96205708 -0.598861  ]
 [ 0.61799886  0.1241378   0.14376938 -0.55790675 -0.06349157 -0.03610853
   0.40548008 -0.46729636  0.88027355  0.5190179  -0.24655609  0.55481441]
 [ 0.10770511 -0.19300461 -0.42355752 -0.04280243 -0.03865292 -0.00199327
  -0.29816388  0.34598241  0.26368592 -0.07979843 -0.71044421  0.56275893]
 [ 0.08173337  0.317344    0.21837461 -0.18541412  0.38913573 -0.07652909
  -0.76539454  0.81316349  0.3733926  -0.28320606  0.61706931 -0.51227358]
 [-0.19504399  0.13582761  0.37435205  0.2001123   0.49925392  0.02624585
  -0.13565183  0.30593507  0.95604605  0.1140811   0.86264014  0.40555847]
 [ 0.34227524  0.13803631 -0.30981327 -0.42530496 -0.19831242 -0.14767148
  -0.68399236  0.50644691 -0.78677381  0.68832478  0.8871622   0.95547   ]
 [ 0.14925365 -0.19865837  0.37240531  0.88027355  0.26368592  0.3733926
   0.95604605 -0.78677381  0.13878689 -0.63621057 -0.25715214  0.98791292]
 [ 0.95449407  0.03490003  0.9836296   0.5190179  -0.07979843 -0.28320606
   0.1140811   0.68832478  0.7067754   0.73012088  0.63975932  0.87545914]
 [-0.51863637 -0.26851861 -0.96205708 -0.24655609 -0.71044421  0.61706931
   0.86264014  0.8871622  -0.92882875  0.22578727 -0.09979226  0.26588987]
 [-0.59943623  0.40643534 -0.598861    0.55481441  0.56275893 -0.51227358
   0.40555847  0.95547    -0.43410137  0.09927447  0.62753729  0.04706493]]

[[ 0.73939891 -0.02189071 -0.17127675 -0.27101398  0.65826152 -0.36249974
   0.00454316 -0.02507995 -0.27543875 -0.35229256 -0.02733231 -0.39843404]
 [ 0.21084775 -0.26658908 -0.24842178 -0.11286706  0.07653736  0.16829189
   0.11823678  0.12304729  0.65001741  0.06858762 -0.74283499 -0.21171796]
 [ 0.03193862 -0.48550102 -0.58188712  0.1885951  -0.07572662  0.06755169
   0.22307142 -0.09314374  0.11996527  0.80003087  0.71301399 -0.84783686]
 [-0.62221555  0.32708345  0.35009111  0.10434477 -0.80222573  0.11937535
  -0.07220622 -0.22826139 -0.88191777 -0.55842332  0.04631708 -0.37291996]
 [ 0.36491219  0.12905487 -0.072892   -0.0894334  -0.01242195 -0.47453133
   0.27911738 -0.71409424  0.31853101  0.16947824  0.40911375  0.62191544]
 [-0.15772667 -0.25629196 -0.22643941  0.36122301  0.22395816 -0.03952584
   0.08926741  0.00132297 -0.73692494  0.0347119  -0.17927255 -0.13771951]
 [-0.3332114  -0.05264299 -0.31155531  0.27620653 -0.39393374 -0.14610454
  -0.23321977 -0.03721024 -0.20480028  0.25452565  0.1799021  -0.66910324]
 [ 0.34687723 -0.06219032  0.14697515 -0.00088625  0.62758449 -0.11642348
   0.39850955 -0.25150577  0.75997699 -0.82396587  0.19347135 -0.22625801]
 [-0.27543875  0.65001741  0.11996527 -0.88191777  0.31853101 -0.73692494
  -0.20480028  0.75997699 -0.41673883 -0.54886119  0.96006472  0.40800226]
 [-0.35229256  0.06858762  0.80003087 -0.55842332  0.16947824  0.0347119
   0.25452565 -0.82396587 -0.3459723  -0.80456892 -0.61605386 -0.24082667]
 [-0.02733231 -0.74283499  0.71301399  0.04631708  0.40911375 -0.17927255
   0.1799021   0.19347135 -0.71166321 -0.62338761 -0.65770896 -0.66961029]
 [-0.39843404 -0.21171796 -0.84783686 -0.37291996  0.62191544 -0.13771951
  -0.66910324 -0.22625801 -0.50240821  0.34849728 -0.41288673 -0.30590358]]

[[ 0.34905227  0.0146529  -0.23683549 -0.3707595  -0.28307067 -0.05715592
  -0.10872945 -0.02080521  0.86827848 -0.77613729 -0.29124537  0.2907083 ]
 [-0.0298837  -0.40631934 -0.19849683  0.06590436  0.22890937  0.41857924
   0.09276766  0.43863875  0.39363341 -0.61114758  0.57490107 -0.98937074]
 [ 0.37435197 -0.0943433  -0.28905378 -0.37930105 -0.13648794  0.07054573
  -0.16240908  0.22599362  0.85066076  0.69716884  0.87822753  0.14697515]
 [ 0.10065611  0.46827347  0.68399676 -0.13832614  0.30385861 -0.17084681
   0.12110371 -0.26072208 -0.90478671 -0.6791376  -0.10360805  0.59703525]
 [ 0.70534452  1.01659368  0.85593727 -1.11422967 -0.39837518 -0.28040185
  -0.22310377 -0.33658663 -0.8129822  -0.25105429 -0.90387835 -0.77821695]
 [-0.18463422  0.02624357 -0.36394888  0.13304124 -0.5210156  -0.26279147
  -0.27189947 -0.15274092 -0.52837994  0.0700717   0.23012799 -0.44047022]
 [ 0.89729911  0.23903847 -0.42823733 -0.59928277 -0.20073068 -0.69813606
  -0.20672571 -0.45900773  0.92210367 -0.5210954  -0.70610647 -0.74582388]
 [-0.81148933  0.23750859  0.47626593  0.29478652 -0.45756488  0.30334063
  -0.12917853  0.12566668  0.68625209  0.49558098  0.12973502 -0.34775889]
 [ 0.86827848  0.39363341  0.85066076 -0.90478671 -0.8129822  -0.52837994
   0.92210367  0.68625209 -0.1094335   0.20976425  0.5879646  -0.8335575 ]
 [-0.77613729 -0.61114758  0.69716884 -0.6791376  -0.25105429  0.0700717
  -0.5210954   0.49558098 -0.6823155  -0.84751503  0.75920771  0.57710815]
 [-0.29124537  0.57490107  0.87822753 -0.10360805 -0.90387835  0.23012799
  -0.70610647  0.12973502  0.2209862  -0.44991346  0.85735587 -0.98978746]
 [ 0.2907083  -0.98937074  0.14697515  0.59703525 -0.77821695 -0.44047022
  -0.74582388 -0.34775889  0.42455253  0.68707693  0.84924481 -0.42593349]]

[[ 0.34017935 -0.3901039  -0.01825393 -0.15888359  0.84352553  0.48853276
   0.04942051  0.79100007 -0.75173195 -0.53444766 -0.51547144 -0.22242682]
 [ 0.34435582 -0.08621537 -0.5772699  -0.19517352 -0.30787705 -0.30750747
  -0.2357189  -0.09222954  0.71535053 -0.40454874  0.04948018  0.14613521]
 [ 0.28361091  0.17065436 -0.32165126 -0.42377106 -0.89980302 -0.26576639
  -0.04670576 -0.53255838 -0.54707633  0.53557317  0.76211164  0.56178153]
 [-0.41624494  0.31584009 -0.02595159  0.31198052 -0.40814985 -0.45200196
  -0.3977689  -0.22269896 -0.76148282  0.49656566 -0.57243946 -0.38556784]
 [-0.15082478  0.05745101  0.02933071  0.10109463 -0.03636468 -0.03806871
  -0.12922822  0.06650928  0.59145085  0.05431133 -0.98080347  0.07597739]
 [-0.15911561  0.19494679  0.65505493 -0.15649934 -0.37053442  0.34170504
   0.73188851 -0.65954314 -0.95763803  0.67924012  0.12544528 -0.27576319]
 [ 0.07713808  0.17401878  0.22770857 -0.35054989 -0.13577125  0.23454138
  -0.20880921  0.33869936  0.2107174  -0.39477182 -0.08625615  0.23304695]
 [-0.32897785  0.00228231  0.46783794  0.30153488 -0.07061599  0.13648459
   0.86195323 -0.83173101  0.49353765 -0.42411931 -0.87780087  0.82419164]
 [-0.75173195  0.71535053 -0.54707633 -0.76148282  0.59145085 -0.95763803
   0.2107174   0.49353765 -0.23804926 -0.81902597 -0.98874887 -0.8734423 ]
 [-0.53444766 -0.40454874  0.53557317  0.49656566  0.05431133  0.67924012
  -0.39477182 -0.42411931  0.6820643   0.72442435  0.65764497  0.3864824 ]
 [-0.51547144  0.04948018  0.76211164 -0.57243946 -0.98080347  0.12544528
  -0.08625615 -0.87780087  0.43388411  0.68455529  0.75133921  0.96861128]
 [-0.22242682  0.14613521  0.56178153 -0.38556784  0.07597739 -0.27576319
   0.23304695  0.82419164 -0.6028522  -0.86294179 -0.8459032   0.80426626]]

[[ 0.30430833  0.20114103  0.42258711 -0.3571511   0.18508565  0.10491316
   0.2252697  -0.10183957 -0.52046088  0.94410936  0.74135413 -0.16058327]
 [ 0.27526573  0.29026017  0.20591218 -0.32431919 -0.19804688 -0.18459612
   0.11252109 -0.39769133 -0.55593779 -0.4029459  -0.3405751  -0.55104848]
 [ 0.25251228 -0.32363997 -0.15120319 -0.25653756 -0.1426491   0.38642232
   0.47641765 -0.12800903 -0.66234091  0.35176753 -0.48055066 -0.34727924]
 [-0.15847355 -0.13038819 -0.40142651  0.35394688  0.15551312 -0.27524251
  -0.39896208  0.25483026  0.78009972  0.76937323 -0.1172939  -0.90269596]
 [ 0.20549146 -0.43793601 -0.06068792 -0.01895195  0.58592192  0.44176875
   0.33635478  0.35711267  0.30283153  0.22253291 -0.05138983  0.00504155]
 [-0.32239022 -0.63230112 -0.25983634  0.21459911 -0.10743846  0.73455618
   0.41063927  0.28769225  0.21415581  0.70918048  0.65690616  0.70570319]
 [ 0.13425329 -0.41220966 -0.43236449 -0.01446357  0.06754221  0.22516365
   0.04342782  0.27483511 -0.32838579 -0.54072517 -0.58073513  0.80009637]
 [-0.38642108 -0.3298649   0.18628428  0.24351694  0.10732846  0.61210173
   0.42425761  0.17498828  0.72136011 -0.6665438   0.67398834 -0.32762237]
 [-0.52046088 -0.55593779 -0.66234091  0.78009972  0.30283153  0.21415581
  -0.32838579  0.72136011  0.09387255  0.90997047 -0.02606273 -0.33274915]
 [ 0.94410936 -0.4029459   0.35176753  0.76937323  0.22253291  0.70918048
  -0.54072517 -0.6665438   0.36243556  0.19825155 -0.34513341 -0.08133585]
 [ 0.74135413 -0.3405751  -0.48055066 -0.1172939  -0.05138983  0.65690616
  -0.58073513  0.67398834  0.1470848  -0.11226187 -0.69545695 -0.4677942 ]
 [-0.16058327 -0.55104848 -0.34727924 -0.90269596  0.00504155  0.70570319
   0.80009637 -0.32762237  0.0806044   0.1623589  -0.47856018  0.90889353]]

[[ 0.17172664  0.14681749  0.68732314 -0.05012226  0.73475841  0.12419102
   0.48577497 -0.1521186   0.04301435 -0.76602717 -0.88810094  0.00719897]
 [ 0.03047399 -0.02414519 -0.05764197  0.30097595  0.50767074 -0.33256491
  -0.02190229 -0.07169428 -0.99970288  0.26936434  0.20028766 -0.44159082]
 [ 0.01475579 -0.27068344 -0.35861536  0.25404399  0.40379137 -0.08748948
  -0.19132624  0.3339314   0.70624012  0.66745238  0.29237897  0.28284725]
 [-0.2059942   0.16947963 -0.63985779  0.04147842 -0.94401243 -0.49547677
  -0.77157785 -0.02022485 -0.45054842  0.01807255  0.39223884 -0.58369952]
 [ 0.07949493  0.51709325 -0.10507241 -0.17826919 -0.38222963 -0.61998193
  -0.79976019  0.04910666 -0.8189432  -0.98133539 -0.45223649 -0.37045798]
 [ 0.07106321 -0.37167484  0.00801464 -0.30852425 -0.08361814  0.79287264
   0.29668775  0.43383009 -0.97328046 -0.59847919 -0.48400992  0.55413311]
 [-0.14620676 -0.45093383 -0.22284278  0.16886139  0.14043636  0.43702538
   0.17423016  0.33923375 -0.17784477  0.95197151  0.76263033 -0.60794741]
 [ 0.24829607  0.35456644  0.25845525 -0.58021636 -0.42580587  0.08424946
  -0.18318269  0.04560196 -0.10473502 -0.36627544  0.72092834  0.18346685]
 [ 0.04301435 -0.99970288  0.70624012 -0.45054842 -0.8189432  -0.97328046
  -0.17784477 -0.10473502 -0.69865525 -0.62837522  0.12009804  0.06752998]
 [-0.76602717  0.26936434  0.66745238  0.01807255 -0.98133539 -0.59847919
   0.95197151 -0.36627544  0.7801318  -0.28345926 -0.57008352 -0.02273434]
 [-0.88810094  0.20028766  0.29237897  0.39223884 -0.45223649 -0.48400992
   0.76263033  0.72092834 -0.75750386  0.89115694  0.35440022  0.73793922]
 [ 0.00719897 -0.44159082  0.28284725 -0.58369952 -0.37045798  0.55413311
  -0.60794741  0.18346685  0.88001174  0.80601211 -0.27037315  0.19933888]]

[[ 0.49948352 -0.49783133 -0.89196614  0.04740659  0.15922909 -0.32364068
   0.10735416 -0.19246488 -0.62131659  0.60069387  0.23625655 -0.00717646]
 [-0.31400955  0.05641791  0.29204345  0.22579865 -0.11871497  0.0695339
   0.36956967 -0.40295267  0.68690655 -0.89390783  0.10467601 -0.65199244]
 [-0.23618549 -0.05735621  0.47418038 -0.01799405 -0.4146785   0.47511119
   0.96409228 -0.75213749  0.73427407 -0.68747815  0.91113994  0.19181832]
 [-0.46006695  0.55183945  0.76978738 -0.00374243  0.02669201  0.13782781
  -0.48759243  0.48830435  0.46576742 -0.12653497  0.14916322 -0.34489566]
 [-0.11172106  0.037562    0.46276391 -0.0378684   0.22896112  0.36376615
   0.24278876  0.13031372  0.81908708 -0.74734721 -0.39892295  0.87375619]
 [ 0.34723327 -0.28371134 -0.13846072 -0.34725431 -0.19031314  0.35024062
   0.52025996 -0.22565883  0.15343461 -0.40481201 -0.28215432 -0.76798225]
 [ 0.39970091 -0.26087401 -0.57309462 -0.2762644  -0.47837872 -0.06907693
   0.23560674 -0.39928925 -0.8825751  -0.6593844  -0.62632955  0.86792409]
 [-0.0566338  -0.00367451  0.52836815 -0.07311818  0.456509    0.47411134
   0.21920598  0.34719989  0.82766383 -0.96201307  0.96123766  0.9436502 ]
 [-0.62131659  0.68690655  0.73427407  0.46576742  0.81908708  0.15343461
  -0.8825751   0.82766383  0.04734507  0.36866112  0.08657067  0.99973406]
 [ 0.60069387 -0.89390783 -0.68747815 -0.12653497 -0.74734721 -0.40481201
  -0.6593844  -0.96201307  0.97788431 -0.97984004  0.40192783  0.22531738]
 [ 0.23625655  0.10467601  0.91113994  0.14916322 -0.39892295 -0.28215432
  -0.62632955  0.96123766 -0.36351317  0.49464242  0.72998096  0.84374804]
 [-0.00717646 -0.65199244  0.19181832 -0.34489566  0.87375619 -0.76798225
   0.86792409  0.9436502   0.61213892 -0.46258258 -0.0620402   0.48078777]]

[[-0.17168128  0.57358855  0.6957684  -0.19681318 -0.13206561 -0.00732697
  -0.22455806  0.04205638 -0.99351785  0.27338639 -0.05394542 -0.59815849]
 [ 0.27784911 -0.05784151 -0.22960225 -0.13200663  0.22381846 -0.10732647
  -0.26675326  0.29913999 -0.23501494 -0.00964353  0.8481017  -0.70574493]
 [-0.01234225  0.24375391 -0.12326651 -0.10907819 -0.41937922 -0.2812052
  -0.39216072 -0.04258072 -0.35695272 -0.48575117 -0.55579089 -0.09215592]
 [-0.14642019 -0.22344016 -0.40842922  0.12621449 -0.30105475  0.04386331
  -0.12796123  0.10148188  0.73241433 -0.79555127  0.56369442  0.9243184 ]
 [-0.39607026  0.69327847  0.30779697 -0.4448316  -1.14555966  0.06032577
  -0.94713678  0.44370601  0.0038064   0.84206849  0.62523292  0.40017953]
 [-0.0495652  -0.01807834  0.08510844  0.0819941  -0.13226362 -0.02200381
   0.40734238 -0.4935174  -0.97921396  0.61343125 -0.74115808 -0.18491218]
 [-0.68518627  0.56102943  0.50527286  0.36138688 -0.7036611  -0.36744237
   0.08130132 -0.83129408  0.10576731 -0.45960157  0.62421594  0.94866445]
 [ 0.45620512 -0.2986004  -0.24655408 -0.45427613  0.14251185  0.41121813
  -0.03521804  0.54173297  0.63166613  0.21820855 -0.30578515 -0.23553317]
 [-0.99351785 -0.23501494 -0.35695272  0.73241433  0.0038064  -0.97921396
   0.10576731  0.63166613  0.79369488  0.2467095  -0.89280047 -0.61193619]
 [ 0.27338639 -0.00964353 -0.48575117 -0.79555127  0.84206849  0.61343125
  -0.45960157  0.21820855  0.17453938  0.13571135 -0.53586657 -0.59524863]
 [-0.05394542  0.8481017  -0.55579089  0.56369442  0.62523292 -0.74115808
   0.62421594 -0.30578515 -0.40002007 -0.89274962 -0.3618478   0.24226851]
 [-0.59815849 -0.70574493 -0.09215592  0.9243184   0.40017953 -0.18491218
   0.94866445 -0.23553317  0.39730858  0.58730782 -0.13941242 -0.78708832]]

[[-0.33492575 -0.43450436 -0.22384769  0.16499868 -0.48424734  0.50755105
   0.47189587 -0.15683086  0.39609171 -0.88923     0.14556074  0.1813479 ]
 [ 0.34032739 -0.18799131 -0.32140531  0.07768425  0.39399337 -0.2973014
   0.12053541 -0.17590731  0.29231927 -0.15085192 -0.05567095  0.38576184]
 [ 0.12755549  0.20841827 -0.16412622 -0.03111557  0.0499918  -0.42092958
  -0.51447919  0.15369852 -0.42873195  0.41057353  0.36779224 -0.23682889]
 [-0.08338158  0.27242158 -0.0871418  -0.01392605 -0.06681687 -0.28484733
  -0.76237935  0.46077908 -0.05883421  0.60943445  0.07792446  0.99306447]
 [-0.80706895 -0.19704492 -0.63415809  0.36888108 -0.84487709  0.20699195
  -0.933101    0.83803943 -0.72865193  0.00171655  0.41088963 -0.47491277]
 [-0.05431857  0.39762311  0.57706722 -0.20232534 -0.02162917  0.06582656
  -0.04257458  0.00214487  0.55302474  0.14935349  0.77385837 -0.24255009]
 [-0.26036835  0.54283323  0.32432784 -0.30015302 -0.75231745 -0.00860295
  -0.54910388  0.15375661  0.62691611 -0.66454315 -0.80244583  0.1689635 ]
 [-0.16833016 -0.28191301 -0.01505884  0.26774355  0.33986911  0.2407258
   0.19825667  0.17813955 -0.44982342 -0.47476879 -0.13796248 -0.65416598]
 [ 0.39609171  0.29231927 -0.42873195 -0.05883421 -0.72865193  0.55302474
   0.62691611 -0.44982342  0.14348505 -0.82378851  0.49132762  0.25780939]
 [-0.88923    -0.15085192  0.41057353  0.60943445  0.00171655  0.14935349
  -0.66454315 -0.47476879  0.21204297  0.60593869 -0.10181818 -0.31954034]
 [ 0.14556074 -0.05567095  0.36779224  0.07792446  0.41088963  0.77385837
  -0.80244583 -0.13796248 -0.81916648  0.16068491  0.64509533 -0.15065222]
 [ 0.1813479   0.38576184 -0.23682889  0.99306447 -0.47491277 -0.24255009
   0.1689635  -0.65416598  0.21691862  0.70578385 -0.95155293  0.11375453]]
