A: 
[[-0.09292533 -0.07809153  0.52176698 -0.26980397 -0.15439497  0.16972369
  -0.80914181  0.84568979 -0.08858455 -0.65832536 -0.29807297 -0.68462367]
 [-0.06003497  0.16053043  0.1786184  -0.4174211   0.18599095  0.13223227
   0.81484348  0.81414478  0.59593406 -0.85878154  0.59200403  0.16747405]
 [ 0.0080582   0.30659603 -0.27044933 -0.32208816  0.41944893  0.01737206
   0.47122659  0.05476398  0.68238884  0.30801448  0.70681756  0.54919425]
 [ 0.10387896  0.42858521 -0.83961852 -0.09165656  0.63481107 -0.15320208
   0.60981683  0.63060341  0.95013919 -0.94500395 -0.31994242 -0.23471536]
 [-0.08194638 -0.40388174  0.71175811  0.14810951 -0.58987582  0.11381455
  -0.21986638 -0.50342012  0.07804453  0.7505536  -0.58045968 -0.53068908]
 [-0.03186951 -0.21227334  0.31827004  0.12120838 -0.30416696  0.03835514
   0.45546825  0.5712856   0.06992601 -0.29307542 -0.23997946 -0.04402846]
 [-0.15448059  0.30911139  0.53770433 -0.95430408  0.33778921  0.32913006
   0.85329037  0.76634373 -0.06904045  0.3254171   0.87108461 -0.69084422]
 [-0.00626074 -0.19806549  0.1799721   0.20398881 -0.27152226 -0.00920076
   0.51221984  0.30115163 -0.24909158 -0.73740639 -0.38199348  0.19182094]
 [ 0.04398614  0.11916198 -0.30871797  0.03299617  0.18440501 -0.07154106
  -0.31862979  0.21006285  0.64515029  0.11752084  0.3664589   0.91073135]
 [-0.11456803  0.28924223  0.35371657 -0.77687562  0.3317685   0.25051518
   0.95764684 -0.65798183  0.26079564 -0.84564289  0.24222291 -0.82441334]
 [ 0.04339801  0.22653273 -0.38643499 -0.09300332  0.32951241 -0.05892214
  -0.82908418  0.67043236  0.02608872 -0.28497676 -0.65942719  0.46972963]
 [-0.05634676 -0.03823015  0.30953016 -0.17411105 -0.08126582  0.10389099
  -0.58967183  0.91892077  0.58214242  0.6412829  -0.5786224   0.51193317]
 [-0.04871567 -0.26422822  0.4412503   0.11585061 -0.38334752  0.06507836
  -0.23070426  0.96447082  0.42379557  0.67949699 -0.02028037  0.66027254]
 [-0.01525961 -0.45622733  0.41872966  0.46662459 -0.62586773 -0.01958624
  -0.67431266  0.87770423 -0.46573488 -0.38055486  0.48010988  0.54891221]
 [-0.06115348 -0.13385928  0.40531406 -0.08252907 -0.21329467  0.10286744
   0.9042844  -0.35268687 -0.83519183  0.49347284 -0.42909846 -0.49432622]
 [-0.13319836 -0.03754386  0.69201922 -0.47245578 -0.12055742  0.25124258
  -0.85979821  0.89135464  0.92345285  0.70258377  0.32658327  0.93697629]
 [ 0.05677692  0.37165771 -0.56211732 -0.20842909  0.53306122 -0.06902882
  -0.23285763  0.06559528  0.66735631 -0.03551515 -0.84079176  0.27409182]
 [ 0.11027291 -0.07743219 -0.49140532  0.51617893 -0.04715613 -0.21961414
  -0.01253945  0.6777403  -0.40390864 -0.24078255  0.27986022 -0.13562192]
 [ 0.03508213 -0.05786061 -0.13137831  0.20250321 -0.06000166 -0.07342405
   0.81167047 -0.89244366  0.44353882  0.8993004   0.16484301  0.70803326]
 [-0.00051036 -0.2698772   0.20525306  0.3090011  -0.36576935 -0.02790672
  -0.55307336 -0.90655882  0.63312916  0.20319938  0.48505099 -0.58947508]] 
x segnato:[[ 0.89537924]
 [-0.15440824]
 [-0.34003559]
 [ 0.54741893]
 [ 0.00038071]
 [-0.15982437]
 [ 0.        ]
 [ 0.        ]
 [ 0.        ]
 [ 0.        ]
 [ 0.        ]
 [ 0.        ]]
Matrici Hi 

[[-0.00623203  0.04589725 -0.00341574 -0.07701615  0.05889833  0.01685539
  -0.38386918 -0.15921503  0.83756765  0.7567165   0.23778377  0.51913649]
 [-0.04720069  0.20582659  0.08063358 -0.41992372  0.25405374  0.11248472
  -0.78443978  0.22410908 -0.85564175 -0.7390503  -0.16404487  0.85534272]
 [ 0.06651178 -0.38333767 -0.04354233  0.69923683 -0.48435532 -0.16849131
   0.11565742 -0.65309627  0.25990036 -0.20481768  0.4497214  -0.29163589]
 [ 0.03025978 -0.05946727 -0.10613842  0.18568337 -0.06470142 -0.06435447
  -0.55001668  0.64265311  0.99585116 -0.08078214 -0.26262438 -0.78396111]
 [-0.06718681  0.3027775   0.10741666 -0.60902164  0.37489714  0.16116264
   0.68135108  0.25232368  0.35428272  0.4214753   0.35333421  0.18228344]
 [ 0.00689118 -0.06592784  0.01517607  0.10264933 -0.08568135 -0.02026245
  -0.571685   -0.72951512 -0.94086596 -0.64576431 -0.10959795  0.08226546]
 [-0.38386918 -0.78443978  0.11565742 -0.55001668  0.68135108 -0.571685
  -0.44366398 -0.48822928 -0.19709487 -0.29751603  0.63654802 -0.6289008 ]
 [-0.15921503  0.22410908 -0.65309627  0.64265311  0.25232368 -0.72951512
  -0.40314648 -0.26869114  0.33454219  0.87847243 -0.20812718 -0.61611923]
 [ 0.83756765 -0.85564175  0.25990036  0.99585116  0.35428272 -0.94086596
   0.52204091  0.26931785  0.25760884 -0.3672308  -0.80103394  0.1027888 ]
 [ 0.7567165  -0.7390503  -0.20481768 -0.08078214  0.4214753  -0.64576431
  -0.56378638  0.12164952  0.98254297 -0.74444374 -0.47420893 -0.8658097 ]
 [ 0.23778377 -0.16404487  0.4497214  -0.26262438  0.35333421 -0.10959795
  -0.65283579  0.55030184 -0.83247389  0.22612936 -0.2190801  -0.73850548]
 [ 0.51913649  0.85534272 -0.29163589 -0.78396111  0.18228344  0.08226546
  -0.76375589  0.27330176 -0.8273283  -0.43307368  0.48977384  0.15212072]]

[[-0.02098691 -0.06295344  0.15187772 -0.0087164  -0.09624332  0.03348138
  -0.20907923 -0.29385133 -0.92057096 -0.92228612 -0.23303244 -0.37860001]
 [ 0.02412663  0.04240189 -0.15208846  0.04455412  0.07005299 -0.04169794
  -0.11553938 -0.55207761 -0.05684721 -0.02552798  0.19666492 -0.27257989]
 [ 0.08647033  0.28189162 -0.64267512  0.00997446  0.42702884 -0.13554076
  -0.77389782 -0.61791684 -0.30428247  0.70374228  0.96474152  0.59765819]
 [-0.109058   -0.29260237  0.76329012 -0.08508748 -0.4533562   0.17768133
  -0.44883341 -0.00875091 -0.39589864  0.0009434   0.1386644  -0.28738947]
 [ 0.02169165  0.02447874 -0.1264909   0.05577907  0.0445048  -0.03894987
  -0.4708427   0.20061827  0.88787822  0.36426904 -0.41421529 -0.90604667]
 [ 0.0428015   0.125182   -0.30733585  0.02147268  0.19193809 -0.0686265
  -0.17550581 -0.71098046 -0.80122062 -0.44099719 -0.52064764 -0.2032032 ]
 [-0.20907923 -0.11553938 -0.77389782 -0.44883341 -0.4708427  -0.17550581
   0.69115226 -0.41897841  0.59841503 -0.45325241  0.60735602  0.4369423 ]
 [-0.29385133 -0.55207761 -0.61791684 -0.00875091  0.20061827 -0.71098046
  -0.56475644 -0.84113566 -0.16428761 -0.67623883  0.46340852  0.78428723]
 [-0.92057096 -0.05684721 -0.30428247 -0.39589864  0.88787822 -0.80122062
  -0.64080087  0.50115013  0.29383097 -0.91553804 -0.38406917 -0.30916801]
 [-0.92228612 -0.02552798  0.70374228  0.0009434   0.36426904 -0.44099719
  -0.54813211 -0.78187787 -0.9715667   0.38665741 -0.84535946  0.35393284]
 [-0.23303244  0.19666492  0.96474152  0.1386644  -0.41421529 -0.52064764
   0.72908511  0.92594348  0.58748017  0.28987538 -0.45359579  0.42035885]
 [-0.37860001 -0.27257989  0.59765819 -0.28738947 -0.90604667 -0.2032032
  -0.61096515 -0.44938942  0.91972268 -0.0106644   0.44552096  0.684738  ]]

[[-0.01000615  0.0457693   0.01548942 -0.09148136  0.05674982  0.02407441
   0.8842394  -0.89686784 -0.32189536 -0.60656161  0.99231676 -0.08596061]
 [ 0.0148505  -0.10450507  0.00448533  0.17791841 -0.13376198 -0.03964455
   0.28421655  0.26380015 -0.495336   -0.4866845  -0.77907438  0.37926394]
 [ 0.03871308 -0.14960439 -0.08056347  0.32227708 -0.18235253 -0.09020167
   0.46250011 -0.38902286 -0.00749219  0.90696424 -0.45907183  0.83283041]
 [-0.0558539   0.29762978  0.05480349 -0.55921123  0.37385664  0.13889334
  -0.23762704  0.8643815  -0.78879111 -0.11660105 -0.22562443  0.40378271]
 [ 0.01487562 -0.11758031  0.01418116  0.19308217 -0.15145699 -0.04109214
   0.09783772  0.94788617 -0.21188407 -0.85383492  0.22752058 -0.57919956]
 [ 0.02076519 -0.09889724 -0.0292038   0.19435706 -0.12307162 -0.05037925
   0.43169003 -0.22609675 -0.83485459 -0.0925219   0.49720746  0.11389306]
 [ 0.8842394   0.28421655  0.46250011 -0.23762704  0.09783772  0.43169003
  -0.90083487  0.8641481  -0.49021825  0.20435911 -0.72476323 -0.78660694]
 [-0.89686784  0.26380015 -0.38902286  0.8643815   0.94788617 -0.22609675
   0.98189982  0.0693443  -0.60956997 -0.12233429  0.74449354  0.71955113]
 [-0.32189536 -0.495336   -0.00749219 -0.78879111 -0.21188407 -0.83485459
  -0.14255747 -0.1777515  -0.87263865  0.43801982  0.59708033 -0.1238963 ]
 [-0.60656161 -0.4866845   0.90696424 -0.11660105 -0.85383492 -0.0925219
  -0.11793248 -0.45849594  0.4920663  -0.97262625 -0.41018661  0.37033833]
 [ 0.99231676 -0.77907438 -0.45907183 -0.22562443  0.22752058  0.49720746
   0.10247402  0.41919036 -0.39160266 -0.52132999  0.84035653  0.08264416]
 [-0.08596061  0.37926394  0.83283041  0.40378271 -0.57919956  0.11389306
  -0.69730562  0.56142996  0.7817468  -0.22147958  0.95490342  0.43013064]]

[[ 0.01173226 -0.04644474 -0.02358446  0.0989428  -0.05676122 -0.0274546
   0.8974648   0.56539845  0.48573105  0.68734116  0.72246632 -0.07315269]
 [ 0.00498588  0.04517336 -0.05877859 -0.03274855  0.06378896 -0.00472005
  -0.53330091  0.7703251  -0.67048797  0.62961678 -0.68058484 -0.9601127 ]
 [-0.06221491  0.19753567  0.16168726 -0.46850222  0.23496728  0.14037055
  -0.24162931 -0.41685523  0.97599817 -0.59718281  0.71344944 -0.38585515]
 [ 0.03967975 -0.23187755 -0.0235842   0.42082244 -0.29327145 -0.10085983
   0.84278344  0.70037487  0.19230307  0.87129922  0.3697036  -0.05514062]
 [ 0.01289271  0.03687222 -0.09194866  0.00743045  0.05668461 -0.02076114
   0.64296504 -0.25796831  0.5575783  -0.11936605  0.47967607 -0.8913815 ]
 [-0.02195002  0.09384141  0.03890613 -0.19311868  0.11560429  0.05210872
   0.72814617  0.23550076  0.04117434  0.80190519  0.08126013  0.75097774]
 [ 0.8974648  -0.53330091 -0.24162931  0.84278344  0.64296504  0.72814617
  -0.57181088  0.50652252 -0.60932224 -0.70763341 -0.89878641 -0.76468083]
 [ 0.56539845  0.7703251  -0.41685523  0.70037487 -0.25796831  0.23550076
   0.7160079   0.95009997 -0.19635659 -0.23298898 -0.14516509 -0.53575426]
 [ 0.48573105 -0.67048797  0.97599817  0.19230307  0.5575783   0.04117434
   0.97046116 -0.83035974 -0.97666565  0.07914146 -0.21976881 -0.51132377]
 [ 0.68734116  0.62961678 -0.59718281  0.87129922 -0.11936605  0.80190519
  -0.21344171  0.14065295 -0.53111425 -0.96542199 -0.67295199  0.31238464]
 [ 0.72246632 -0.68058484  0.71344944  0.3697036   0.47967607  0.08126013
   0.50368836  0.50038417 -0.01671778  0.41616569 -0.19957547 -0.72878336]
 [-0.07315269 -0.9601127  -0.38585515 -0.05514062 -0.8913815   0.75097774
   0.41468203 -0.13802336 -0.41141264 -0.24668229 -0.06560216 -0.62434916]]

[[ 0.01498064  0.02547274 -0.09379192  0.02865002  0.04233872 -0.02598252
   0.99187895 -0.26063793 -0.20591801  0.84147536  0.85551273 -0.7465638 ]
 [-0.04422714 -0.20716078  0.37601651  0.06747096 -0.30371037  0.06258446
   0.44123622  0.61344924 -0.30692663 -0.51472919  0.11397706  0.17555059]
 [-0.0414391   0.02865389  0.18499717 -0.19346145  0.01711918  0.08248054
  -0.948916    0.74842383 -0.99506679  0.98394276 -0.09881037  0.0096541 ]
 [ 0.10896458  0.33733488 -0.79642395  0.0331809   0.5138898  -0.17271462
  -0.94197206 -0.91211954 -0.45728071  0.59039611  0.32542784  0.48755237]
 [-0.05205778 -0.26723222  0.46016273  0.10637209 -0.38916505  0.07116166
  -0.28278441 -0.63881795  0.6493667  -0.71401108  0.10514289  0.01491345]
 [-0.03344246 -0.07098816  0.21998731 -0.04768342 -0.11364371  0.05649119
   0.40919329 -0.65305474  0.42088411  0.92873281 -0.41519931 -0.56894088]
 [ 0.99187895  0.44123622 -0.948916   -0.94197206 -0.28278441  0.40919329
   0.57836831  0.28142692 -0.19923614 -0.76380368 -0.29818488 -0.62960251]
 [-0.26063793  0.61344924  0.74842383 -0.91211954 -0.63881795 -0.65305474
   0.0517744  -0.96807334  0.21533171 -0.99034407  0.76719641  0.00477666]
 [-0.20591801 -0.30692663 -0.99506679 -0.45728071  0.6493667   0.42088411
   0.90324181 -0.11536926  0.43372599 -0.65939077  0.23173478  0.97200054]
 [ 0.84147536 -0.51472919  0.98394276  0.59039611 -0.71401108  0.92873281
  -0.56177445  0.04951715 -0.74439913  0.36126621  0.05544736 -0.59346104]
 [ 0.85551273  0.11397706 -0.09881037  0.32542784  0.10514289 -0.41519931
  -0.42911393 -0.76138381 -0.40003883  0.65804155 -0.90231669  0.61577722]
 [-0.7465638   0.17555059  0.0096541   0.48755237  0.01491345 -0.56894088
   0.49358401  0.29295946  0.98692926  0.23205254  0.33269344 -0.25389232]]

[[-0.00264455 -0.01451746  0.02408392  0.00648919 -0.02104545  0.0035142
   0.33559622 -0.06433176 -0.17875391  0.52361441 -0.44357079 -0.55394211]
 [-0.03752295 -0.13082765  0.28526972  0.00547025 -0.19682156  0.05790645
  -0.96968443  0.45563432 -0.16054813  0.01834019 -0.96030788 -0.87462781]
 [ 0.04136375  0.17061748 -0.33429795 -0.0364489   0.25272017 -0.06100827
   0.91680477  0.43712828 -0.92177537 -0.33564883 -0.16163099 -0.73155671]
 [ 0.03299821  0.09454288 -0.23546571  0.01882151  0.14531202 -0.0531188
  -0.73731553 -0.96061668  0.93000144 -0.09643713 -0.51118063  0.02938786]
 [-0.05220243 -0.18478141  0.39895333  0.0108047  -0.27757531  0.08026352
  -0.38472172 -0.59385181  0.0896967   0.80489893 -0.0153036  -0.191227  ]
 [ 0.00105194  0.01381881 -0.0156221  -0.01185038  0.01926574 -0.00053692
   0.23915839 -0.6938453  -0.52148884 -0.17778761 -0.52655472 -0.2805812 ]
 [ 0.33559622 -0.96968443  0.91680477 -0.73731553 -0.38472172  0.23915839
   0.06875507  0.6210046   0.24508364  0.95724134 -0.01284563  0.52410087]
 [-0.06433176  0.45563432  0.43712828 -0.96061668 -0.59385181 -0.6938453
   0.57811007  0.18540216 -0.05742472 -0.51570588  0.75787441  0.20502304]
 [-0.17875391 -0.16054813 -0.92177537  0.93000144  0.0896967  -0.52148884
   0.00029212  0.80038782 -0.33852408  0.7856823   0.39725616  0.58393999]
 [ 0.52361441  0.01834019 -0.33564883 -0.09643713  0.80489893 -0.17778761
  -0.11024794  0.08690852  0.70602168 -0.01248707  0.33270973 -0.94366097]
 [-0.44357079 -0.96030788 -0.16163099 -0.51118063 -0.0153036  -0.52655472
  -0.0781097  -0.08369404  0.39374319  0.49094763 -0.02101274  0.47132602]
 [-0.55394211 -0.87462781 -0.73155671  0.02938786 -0.191227   -0.2805812
  -0.64399608  0.9274406  -0.49199111  0.01302363 -0.83057696 -0.06462319]]

[[ 0.01982736  0.00792641 -0.10476711  0.06763403  0.02111181 -0.03714873
  -0.65263339 -0.76381643 -0.49970815  0.1633635   0.09974005 -0.62118297]
 [-0.04751134 -0.10611878  0.31648951 -0.0616746  -0.16858519  0.07969274
  -0.85618104 -0.51976169  0.64643349  0.06847691 -0.4589467  -0.48673569]
 [-0.06312683  0.04020493  0.2844059  -0.29074215  0.0214126   0.12527914
   0.46517299 -0.46738504  0.32499546 -0.98265497  0.88832843 -0.96110428]
 [ 0.13151446  0.15296921 -0.77032522  0.33293244  0.27599992 -0.23566166
  -0.39602041  0.4891826   0.7934577   0.87910171 -0.6761685   0.29340027]
 [-0.05396909 -0.13957127  0.37379966 -0.04813068 -0.21727056  0.08848794
   0.36525612  0.70672351  0.52445599 -0.20081292 -0.45301835 -0.77252795]
 [-0.0430822  -0.02654797  0.23464899 -0.13621461 -0.05850217  0.07972117
  -0.57244702  0.43608632 -0.03368494 -0.38019504 -0.8602295  -0.10628285]
 [-0.65263339 -0.85618104  0.46517299 -0.39602041  0.36525612 -0.57244702
   0.20375492 -0.93038629  0.12227551 -0.42437247  0.36428114 -0.96321272]
 [-0.76381643 -0.51976169 -0.46738504  0.4891826   0.70672351  0.43608632
  -0.87976489 -0.0318906  -0.96208679  0.54798248  0.40560059 -0.17901999]
 [-0.49970815  0.64643349  0.32499546  0.7934577   0.52445599 -0.03368494
   0.62379983  0.92589784 -0.85897749 -0.42961438 -0.65783988  0.8888669 ]
 [ 0.1633635   0.06847691 -0.98265497  0.87910171 -0.20081292 -0.38019504
  -0.45775868 -0.55312515 -0.38877481 -0.0651992   0.31344573  0.09195457]
 [ 0.09974005 -0.4589467   0.88832843 -0.6761685  -0.45301835 -0.8602295
   0.78812194 -0.39984468 -0.4074709   0.00229625  0.54250444  0.6976319 ]
 [-0.62118297 -0.48673569 -0.96110428  0.29340027 -0.77252795 -0.10628285
   0.08342319  0.6316592  -0.83410568 -0.47389858 -0.17589315  0.91285539]]

[[-0.00053719 -0.05466653  0.0437382   0.06091186 -0.07431755 -0.00482145
  -0.38864764  0.84082378  0.06359     0.1131158   0.90478069 -0.21779862]
 [-0.0559033  -0.08522161  0.34261617 -0.11824619 -0.14467557  0.09801167
   0.02842787  0.86849626  0.63073376  0.47133155  0.44226627 -0.10082823]
 [ 0.04466716  0.33645249 -0.47532273 -0.214749    0.47904404 -0.0495897
  -0.97738412  0.69682219 -0.10516332 -0.46591305 -0.78890299 -0.26403207]
 [ 0.06233698 -0.11345766 -0.2254481   0.37209249 -0.1210342  -0.13160566
  -0.2914199  -0.8647754   0.76325053  0.82873591 -0.25527264  0.62276929]
 [-0.07599254 -0.1440283   0.4869055  -0.12826528 -0.23483303  0.13021659
   0.21147628  0.21709313  0.51462122 -0.65375911  0.88815385 -0.54829612]
 [-0.00495382  0.09564153 -0.04714975 -0.12938708  0.12693736  0.01972993
   0.5870644  -0.82090733 -0.11169109  0.31359048  0.68341131 -0.78092479]
 [-0.38864764  0.02842787 -0.97738412 -0.2914199   0.21147628  0.5870644
  -0.01969105 -0.56190187  0.85056542  0.29935387 -0.45464253  0.81492261]
 [ 0.84082378  0.86849626  0.69682219 -0.8647754   0.21709313 -0.82090733
  -0.75256178 -0.29200415  0.11646078 -0.12196249  0.86379125  0.77784037]
 [ 0.06359     0.63073376 -0.10516332  0.76325053  0.51462122 -0.11169109
   0.94277479 -0.74262312 -0.33290942  0.96088669  0.70423185  0.54611768]
 [ 0.1131158   0.47133155 -0.46591305  0.82873591 -0.65375911  0.31359048
   0.58277167 -0.53276517  0.67692051  0.71696248  0.73840732  0.2876518 ]
 [ 0.90478069  0.44226627 -0.78890299 -0.25527264  0.88815385  0.68341131
  -0.40217777 -0.85053658  0.58369823 -0.44522832  0.63299925  0.46890178]
 [-0.21779862 -0.10082823 -0.26403207  0.62276929 -0.54829612 -0.78092479
   0.93194523 -0.51795336  0.59515095  0.08446375  0.09492746 -0.71783467]]

[[ 0.00296321 -0.05831069  0.0290305   0.07866383 -0.07742098 -0.01191963
   0.74485869 -0.20927583 -0.67142491  0.08437648  0.18303386 -0.45526528]
 [-0.06338932  0.08527359  0.25186219 -0.34369067  0.08231297  0.13060584
  -0.36981395 -0.25624267 -0.63374833 -0.44411802  0.33050687  0.5357443 ]
 [ 0.03284515  0.2265519  -0.33385721 -0.13388397  0.32401543 -0.03869663
  -0.50248744 -0.04845079 -0.35744034  0.55142468 -0.63703332 -0.44716171]
 [ 0.08451588 -0.32402726 -0.17781833  0.70060225 -0.39460694 -0.19664637
  -0.19068803 -0.80887424  0.73600369  0.72352802  0.03632503  0.71779056]
 [-0.0842991   0.08497092  0.35629743 -0.42430038  0.07095969  0.17064489
   0.63613763 -0.11722836  0.04285478  0.00665517  0.00149349  0.20325248]
 [-0.01246319  0.12087318 -0.02867731 -0.18753608  0.1571792   0.0368214
   0.33785518 -0.35004126 -0.49075502  0.22288273 -0.72040054 -0.64851932]
 [ 0.74485869 -0.36981395 -0.50248744 -0.19068803  0.63613763  0.33785518
   0.72002321 -0.09149672  0.80556884  0.41613166  0.22424778  0.41865591]
 [-0.20927583 -0.25624267 -0.04845079 -0.80887424 -0.11722836 -0.35004126
  -0.66809614  0.78747966 -0.62704236 -0.97077951  0.16577592  0.79301975]
 [-0.67142491 -0.63374833 -0.35744034  0.73600369  0.04285478 -0.49075502
  -0.44531074 -0.01266112  0.55927523  0.13730996  0.9510155   0.19940141]
 [ 0.08437648 -0.44411802  0.55142468  0.72352802  0.00665517  0.22288273
  -0.19317281  0.80500784 -0.00520153  0.66627658  0.93734822  0.95824073]
 [ 0.18303386  0.33050687 -0.63703332  0.03632503  0.00149349 -0.72040054
   0.46804191  0.05823306 -0.02985     0.1547953   0.16498548 -0.72474418]
 [-0.45526528  0.5357443  -0.44716171  0.71779056  0.20325248 -0.64851932
  -0.28903919  0.45000149  0.03236539 -0.28784133 -0.70534755 -0.39732696]]

[[-0.00203397  0.04138129 -0.02094553 -0.05555844  0.05497934  0.00832691
  -0.52838635  0.14469829 -0.4608279  -0.3861556  -0.32104573 -0.95978741]
 [-0.04609249  0.08169295  0.16834965 -0.2725949   0.08651608  0.09707503
  -0.94065604  0.69053865 -0.0454731  -0.29745278 -0.98179405  0.19661644]
 [ 0.04475759 -0.26759257 -0.0220644   0.48163692 -0.33898376 -0.11441354
  -0.26045951 -0.31621782 -0.29449272 -0.9192583  -0.17838708  0.47082242]
 [ 0.04523683  0.06608596 -0.27508469  0.09899763  0.11317722 -0.07961857
  -0.195248   -0.96474855 -0.27290746 -0.79747673  0.5007891  -0.15553247]
 [-0.06348885  0.13229638  0.21703859 -0.39825999  0.14594515  0.1358294
  -0.26540276 -0.59749001 -0.52660078 -0.60058577 -0.36766802 -0.8052653 ]
 [-0.00103535 -0.07055942  0.05815829  0.07729634 -0.09610246 -0.00556779
  -0.41699081  0.09885343  0.02078103 -0.51999347  0.09810551  0.6310254 ]
 [-0.52838635 -0.94065604 -0.26045951 -0.195248   -0.26540276 -0.41699081
   0.68763079 -0.77398692  0.71097392  0.61178788 -0.93758221  0.90555042]
 [ 0.14469829  0.69053865 -0.31621782 -0.96474855 -0.59749001  0.09885343
  -0.05286053  0.41884166 -0.95207135 -0.12759064 -0.48260662 -0.18166485]
 [-0.4608279  -0.0454731  -0.29449272 -0.27290746 -0.52660078  0.02078103
   0.95559104 -0.14520786 -0.48413918  0.68019104 -0.58960244  0.66811245]
 [-0.3861556  -0.29745278 -0.9192583  -0.79747673 -0.60058577 -0.51999347
  -0.77168678 -0.56696227 -0.3488547  -0.92567156  0.32337421 -0.49841614]
 [-0.32104573 -0.98179405 -0.17838708  0.5007891  -0.36766802  0.09810551
  -0.35978724  0.85669505 -0.6679253  -0.07572488  0.24925931 -0.17709658]
 [-0.95978741  0.19661644  0.47082242 -0.15553247 -0.8052653   0.6310254
  -0.90510858 -0.07825706 -0.8323649  -0.74147898 -0.89995261  0.21693227]]

[[-0.00267495 -0.0454348   0.04745803  0.04199724 -0.06293359  0.00026342
   0.68583803  0.5761971  -0.56978453 -0.11988027  0.04801529  0.16170309]
 [ 0.04823919  0.11815672 -0.32915879  0.05062147  0.18526943 -0.07979918
   0.64924296  0.98793739 -0.81494135  0.62668685 -0.44664654 -0.34137035]
 [-0.02290217  0.13768335  0.01072091 -0.24732392  0.17448233  0.0586258
  -0.82950881 -0.82465403  0.23199622  0.61671293  0.00802742  0.83660804]
 [-0.06594248 -0.31206536  0.56303471  0.10427418 -0.45715052  0.09297178
  -0.73559984 -0.69815537  0.52894825 -0.2452014   0.01028902 -0.43391795]
 [ 0.06393172  0.13624419 -0.42095131  0.09053776  0.21797864 -0.1079364
  -0.05547722  0.9541205   0.40231541  0.66669573  0.84471138  0.76086104]
 [ 0.01028928  0.09971733 -0.12617805 -0.07506538  0.14043498 -0.00904566
   0.07365938  0.65386933  0.16742548 -0.98593366  0.17517139  0.34035771]
 [ 0.68583803  0.64924296 -0.82950881 -0.73559984 -0.05547722  0.07365938
   0.0446685  -0.50368254  0.50687179 -0.68085806  0.99897623  0.22135201]
 [ 0.5761971   0.98793739 -0.82465403 -0.69815537  0.9541205   0.65386933
   0.82007091  0.10886903  0.29182724 -0.02904031 -0.21364906 -0.68336753]
 [-0.56978453 -0.81494135  0.23199622  0.52894825  0.40231541  0.16742548
   0.31533244  0.59992301 -0.10443125  0.66566658  0.81383259  0.93379813]
 [-0.11988027  0.62668685  0.61671293 -0.2452014   0.66669573 -0.98593366
   0.12044298 -0.82937331 -0.814572   -0.81067704 -0.79065975  0.8608594 ]
 [ 0.04801529 -0.44664654  0.00802742  0.01028902  0.84471138  0.17517139
  -0.94746812 -0.95013198  0.30774378 -0.51925581 -0.98505979  0.53825303]
 [ 0.16170309 -0.34137035  0.83660804 -0.43391795  0.76086104  0.34035771
  -0.71905615 -0.5781317  -0.98897305 -0.15668184 -0.70735268 -0.22858221]]

[[ 0.01599363 -0.0353882  -0.05312661  0.10270164 -0.0395568  -0.03443772
  -0.66416468 -0.88824987  0.82585166  0.24808519  0.17771725 -0.86955947]
 [ 0.01823371 -0.00690328 -0.085686    0.07855185  0.0001935  -0.03568188
   0.04405717 -0.83552215 -0.24905026  0.99591412 -0.88100223  0.49703912]
 [-0.09340298  0.181549    0.32912684 -0.57083486  0.19699349  0.19842822
  -0.38566679  0.83390359 -0.08685949  0.94142434  0.06987603 -0.98489051]
 [ 0.04091358 -0.1290614  -0.10696031  0.30712547 -0.15337892 -0.09222
  -0.26759571  0.36309768  0.83016107  0.29770565 -0.18574718 -0.26727224]
 [ 0.03306486 -0.02787008 -0.1438513   0.16013493 -0.0204404  -0.0663483
  -0.40485615  0.63496853  0.45449901  0.03231639  0.94651569 -0.10562871]
 [-0.0286986   0.06707897  0.09264073 -0.18840972  0.07582722  0.06217732
  -0.333544    0.93093298  0.0037118  -0.91892363 -0.24673047 -0.30423612]
 [-0.66416468  0.04405717 -0.38566679 -0.26759571 -0.40485615 -0.333544
  -0.34205881 -0.82006623 -0.77884923  0.9848876   0.77030851 -0.74094549]
 [-0.88824987 -0.83552215  0.83390359  0.36309768  0.63496853  0.93093298
   0.88276803  0.41670186 -0.93222316 -0.39604995 -0.09717604 -0.58062725]
 [ 0.82585166 -0.24905026 -0.08685949  0.83016107  0.45449901  0.0037118
   0.45793334 -0.29460596  0.63693558  0.42758518 -0.58734467  0.20942166]
 [ 0.24808519  0.99591412  0.94142434  0.29770565  0.03231639 -0.91892363
   0.75836592  0.35311223  0.93916256  0.01537688  0.01899918 -0.40356874]
 [ 0.17771725 -0.88100223  0.06987603 -0.18574718  0.94651569 -0.24673047
   0.03937233 -0.17290096 -0.14794432 -0.97341838  0.14507628  0.34285122]
 [-0.86955947  0.49703912 -0.98489051 -0.26727224 -0.10562871 -0.30423612
   0.76285535  0.94728043  0.5274215  -0.04791677  0.92076583 -0.19524229]]

[[-0.0117868  -0.04447228  0.09214566  0.00560892 -0.0663988   0.01782834
  -0.76122428  0.71492646 -0.72095124  0.23439994 -0.64514203 -0.58371412]
 [ 0.03683776 -0.12842747 -0.08712384  0.29061425 -0.15465349 -0.08434127
  -0.88036375  0.5644987  -0.36679454 -0.9648254   0.92107053 -0.4186288 ]
 [ 0.03107224  0.31810023 -0.39378514 -0.24623865  0.44707402 -0.02550067
   0.60159386  0.57216568  0.47835488  0.45002799 -0.38646499 -0.26539474]
 [-0.08808393 -0.02420188  0.45716148 -0.31315563 -0.07887691  0.16621343
   0.35380241  0.13528254  0.93924753 -0.97264219 -0.07473137 -0.43953316]
 [ 0.04372168 -0.19720794 -0.06976889  0.3965225  -0.24420205 -0.1048951
  -0.88262428 -0.18073398 -0.91896552  0.83984684  0.90820016  0.97378108]
 [ 0.0265309   0.07148102 -0.18591243  0.02035534  0.11069396 -0.04319315
  -0.42720215 -0.58035069  0.78562884 -0.98465636  0.04622041 -0.40578234]
 [-0.76122428 -0.88036375  0.60159386  0.35380241 -0.88262428 -0.42720215
   0.67273841 -0.53042897  0.56724926 -0.66958224 -0.58022378 -0.8436401 ]
 [ 0.71492646  0.5644987   0.57216568  0.13528254 -0.18073398 -0.58035069
  -0.85732318 -0.71741437 -0.56570623  0.90464121 -0.10664286 -0.83887904]
 [-0.72095124 -0.36679454  0.47835488  0.93924753 -0.91896552  0.78562884
   0.86396814  0.91058834  0.65837352  0.08866778  0.68855567 -0.14451405]
 [ 0.23439994 -0.9648254   0.45002799 -0.97264219  0.83984684 -0.98465636
   0.00902837  0.68974574 -0.22068578  0.96425293 -0.42657817  0.84319274]
 [-0.64514203  0.92107053 -0.38646499 -0.07473137  0.90820016  0.04622041
   0.56970047 -0.53360081 -0.39403522  0.84857001  0.19263257  0.72718972]
 [-0.58371412 -0.4186288  -0.26539474 -0.43953316  0.97378108 -0.40578234
   0.40864106  0.6813484  -0.77752368 -0.38678961 -0.21421079  0.88036966]]

[[ 0.00186182  0.01027803 -0.01699875 -0.00463469  0.01489423 -0.00246794
  -0.13137728 -0.15418255  0.58851013  0.46172314 -0.07372578 -0.93833477]
 [-0.06826129  0.04128871  0.30918044 -0.31187059  0.02019321  0.1352348
  -0.69561812  0.98115815 -0.47875915 -0.11613686 -0.27578204  0.59335079]
 [ 0.04199353 -0.08223521 -0.14751442  0.25734942 -0.08939571 -0.08927784
  -0.1609327   0.7479289   0.01226804 -0.690871    0.53080859 -0.11904315]
 [ 0.08586548 -0.00778214 -0.42208164  0.34142114  0.034399   -0.16538523
   0.16801798 -0.29085619 -0.2637894  -0.49169657 -0.7269303   0.32474954]
 [-0.09147378  0.06129757  0.40983525 -0.42480068  0.03514328  0.18186066
  -0.75381109 -0.82755678 -0.41685701 -0.55528697  0.44048608 -0.29158628]
 [-0.01087395 -0.01527768  0.06566773 -0.0244974  -0.02638199  0.01920364
   0.08310449 -0.65870845 -0.43357416 -0.3863042   0.98821191  0.38425072]
 [-0.13137728 -0.69561812 -0.1609327   0.16801798 -0.75381109  0.08310449
   0.02464604 -0.08807563  0.20018734  0.8162974   0.59082462 -0.84545136]
 [-0.15418255  0.98115815  0.7479289  -0.29085619 -0.82755678 -0.65870845
  -0.96752204 -0.39079834 -0.03915124  0.78749472 -0.52153302 -0.1039928 ]
 [ 0.58851013 -0.47875915  0.01226804 -0.2637894  -0.41685701 -0.43357416
   0.70953655  0.26637999 -0.54589473 -0.93139894 -0.42314871 -0.22762585]
 [ 0.46172314 -0.11613686 -0.690871   -0.49169657 -0.55528697 -0.3863042
  -0.68998302  0.62269462  0.95785993 -0.61845069 -0.71355191 -0.89072986]
 [-0.07372578 -0.27578204  0.53080859 -0.7269303   0.44048608  0.98821191
   0.98545009 -0.66286268  0.10002778 -0.84042397  0.18321183 -0.60257799]
 [-0.93833477  0.59335079 -0.11904315  0.32474954 -0.29158628  0.38425072
   0.43831451 -0.46585621 -0.61790579  0.11781587 -0.54854704 -0.56438752]]

[[ 0.00608104  0.04044646 -0.06068606 -0.02306156  0.05796035 -0.00732472
   0.72046105  0.37963354 -0.47713628  0.88587027 -0.0829831   0.31766529]
 [-0.0155579   0.05829354  0.03375043 -0.12740818  0.07080619  0.03605422
  -0.46600766  0.04083201  0.98818186  0.6271519   0.44187158  0.05498382]
 [-0.01862018 -0.24535796  0.27708994  0.21063022 -0.34204021  0.00942315
  -0.44425068  0.59689765  0.87239941 -0.09989518 -0.3494329   0.26607952]
 [ 0.04147177  0.08942943 -0.27385451  0.05752161  0.14282146 -0.06990479
  -0.77358801  0.28272692  0.31172003  0.16920398  0.96351594 -0.35664612]
 [-0.01788793  0.10011664  0.01394848 -0.18462197  0.12622894  0.04499578
  -0.97431308 -0.93626504  0.80763317 -0.97162885  0.02614076  0.5883582 ]
 [-0.01331883 -0.07127234  0.11991083  0.03055868 -0.10349667  0.01789592
   0.91413887 -0.56925317 -0.31221473 -0.57985845  0.47804262  0.81538735]
 [ 0.72046105 -0.46600766 -0.44425068 -0.77358801 -0.97431308  0.91413887
   0.72798826 -0.75700605  0.63448538  0.79926396 -0.39879548 -0.4120502 ]
 [ 0.37963354  0.04083201  0.59689765  0.28272692 -0.93626504 -0.56925317
  -0.30095839 -0.67652955 -0.08637215 -0.36821111 -0.76147608 -0.20357062]
 [-0.47713628  0.98818186  0.87239941  0.31172003  0.80763317 -0.31221473
   0.98385758 -0.23595978  0.55121075 -0.15286866  0.74138053  0.11542594]
 [ 0.88587027  0.6271519  -0.09989518  0.16920398 -0.97162885 -0.57985845
   0.92790351  0.64308276 -0.45131165 -0.87640953 -0.80267798 -0.23799073]
 [-0.0829831   0.44187158 -0.3494329   0.96351594  0.02614076  0.47804262
   0.00317443  0.51557625 -0.20926735  0.06876875  0.88408454  0.45382671]
 [ 0.31766529  0.05498382  0.26607952 -0.35664612  0.5883582   0.81538735
   0.24029193  0.51623447 -0.77123893  0.46816893  0.65389143 -0.11828759]]

[[ 0.01839135 -0.04760886 -0.05589692  0.12606686 -0.05485271 -0.04034066
  -0.33516728  0.89827955 -0.06279184 -0.28008908 -0.36677981  0.5459129 ]
 [ 0.01415186 -0.14382239  0.03749909  0.22051842 -0.18737617 -0.04251379
  -0.8564748   0.56160047  0.98984348  0.37419646 -0.44608012  0.65441967]
 [-0.10228649  0.34529534  0.25040668 -0.79391347  0.41411047  0.2329782
   0.77026987 -0.25158216 -0.0034965  -0.64600393 -0.09862428  0.48268341]
 [ 0.05490053 -0.01860662 -0.25963147  0.23400405  0.00353329 -0.10720264
  -0.11752633  0.8933016  -0.4652422  -0.01291649 -0.80187947  0.94476227]
 [ 0.02879156 -0.21969928  0.02153184  0.36463265 -0.28247652 -0.07869031
   0.11570601 -0.65021281  0.60012987  0.77993588  0.60255037  0.15577958]
 [-0.03373045  0.07584423  0.11113416 -0.21799215  0.08506479  0.07275847
  -0.83248343 -0.58093065 -0.07036211  0.1397062  -0.01037485 -0.54425336]
 [-0.33516728 -0.8564748   0.77026987 -0.11752633  0.11570601 -0.83248343
   0.24061823  0.36994176  0.67670262  0.57926795 -0.55476732 -0.2408619 ]
 [ 0.89827955  0.56160047 -0.25158216  0.8933016  -0.65021281 -0.58093065
   0.63820702  0.17430376 -0.41750373 -0.82356578 -0.46386975 -0.62014147]
 [-0.06279184  0.98984348 -0.0034965  -0.4652422   0.60012987 -0.07036211
   0.07539702  0.16706916  0.18097853  0.41925752 -0.32496001  0.06970383]
 [-0.28008908  0.37419646 -0.64600393 -0.01291649  0.77993588  0.1397062
  -0.46930155  0.24687881 -0.09844658 -0.44043816 -0.91968867 -0.56644954]
 [-0.36677981 -0.44608012 -0.09862428 -0.80187947  0.60255037 -0.01037485
   0.48564642 -0.68224669 -0.39810748  0.79809783 -0.73070953  0.60908674]
 [ 0.5459129   0.65441967  0.48268341  0.94476227  0.15577958 -0.54425336
   0.69901666  0.58493547 -0.94319515 -0.94771696  0.15206873 -0.86409033]]

[[-0.00515795  0.01124777  0.01725723 -0.03293126  0.01253371  0.01108852
   0.66358847  0.87626361 -0.55494713  0.16107192  0.22397496 -0.135899  ]
 [-0.05094009  0.14187492  0.14730484 -0.36071098  0.16548515  0.11280619
  -0.46192761 -0.36265769  0.80800507  0.88778663  0.74935981 -0.05405369]
 [ 0.06396764 -0.16262019 -0.19664795  0.43505562 -0.18676296 -0.13999249
   0.31052694  0.70873695 -0.40691879 -0.08341611 -0.15711355 -0.96118895]
 [ 0.03872727 -0.11993211 -0.10292156  0.28814089 -0.1421591  -0.08705306
  -0.60196481 -0.16155877 -0.94664228 -0.88566988 -0.92309304  0.09940978]
 [-0.07168905  0.19803181  0.20853081 -0.50575589  0.23068082  0.15857987
  -0.78574273 -0.85834811 -0.27727398 -0.44119328  0.09951502  0.25571408]
 [ 0.0044326  -0.00637041 -0.01730575  0.02450269 -0.00630779 -0.00917643
   0.99911829 -0.62394441  0.05929511 -0.59083753  0.27942694  0.4162751 ]
 [ 0.66358847 -0.46192761  0.31052694 -0.60196481 -0.78574273  0.99911829
  -0.94281653  0.44529629 -0.23037006 -0.43319286 -0.34087367  0.22326815]
 [ 0.87626361 -0.36265769  0.70873695 -0.16155877 -0.85834811 -0.62394441
   0.58084562  0.43676073  0.00887844  0.99536098 -0.90583323 -0.81693153]
 [-0.55494713  0.80800507 -0.40691879 -0.94664228 -0.27727398  0.05929511
  -0.31149921  0.18174245  0.3603138   0.21744803 -0.66835728  0.79472058]
 [ 0.16107192  0.88778663 -0.08341611 -0.88566988 -0.44119328 -0.59083753
   0.7850279  -0.93677375 -0.38202104 -0.89348081 -0.76627153  0.83354898]
 [ 0.22397496  0.74935981 -0.15711355 -0.92309304  0.09951502  0.27942694
  -0.28573994  0.58124527 -0.50368138  0.67934257  0.37536951 -0.33591367]
 [-0.135899   -0.05405369 -0.96118895  0.09940978  0.25571408  0.4162751
  -0.44749289  0.89218104  0.0689587  -0.70890213  0.72107237 -0.2513454 ]]

[[ 0.00529259  0.02842445 -0.04772673 -0.01226142  0.04126597 -0.00710045
  -0.22087443 -0.26923904  0.85514025  0.80701246  0.86704903  0.06853004]
 [-0.05612201 -0.08319022  0.34218035 -0.12143376 -0.14203887  0.09864823
  -0.6438852   0.07112465  0.17521175  0.62166335  0.02177401 -0.76457737]
 [ 0.01577762 -0.07917302 -0.01916252  0.15231816 -0.09896886 -0.03871002
   0.48425917  0.68409249  0.42819463 -0.60651702  0.36034875 -0.30012873]
 [ 0.08516073  0.20591312 -0.57907969  0.09245331  0.32344364 -0.14116298
   0.31202414  0.89276202 -0.1042435   0.90862317  0.77230488  0.05620244]
 [-0.07323768 -0.09779061  0.43844616 -0.17087828 -0.17077025  0.12988596
   0.56849898 -0.31175713 -0.37300069 -0.92928696  0.98744317  0.48909185]
 [-0.0161494  -0.06337632  0.12808668  0.01050076 -0.09428428  0.02416552
   0.02052879 -0.49658358 -0.74231578 -0.57145901 -0.49676666  0.02016273]
 [-0.22087443 -0.6438852   0.48425917  0.31202414  0.56849898  0.02052879
   0.23590201 -0.21893233  0.88766948 -0.05469409  0.43389332  0.36725114]
 [-0.26923904  0.07112465  0.68409249  0.89276202 -0.31175713 -0.49658358
   0.52766697 -0.33888041  0.54274018  0.07620467 -0.08341396  0.89121093]
 [ 0.85514025  0.17521175  0.42819463 -0.1042435  -0.37300069 -0.74231578
   0.34691893 -0.52754016  0.39904474 -0.54737242 -0.50089727  0.38595595]
 [ 0.80701246  0.62166335 -0.60651702  0.90862317 -0.92928696 -0.57145901
   0.73247554  0.24644024  0.76364768 -0.8482696  -0.39807264 -0.25531694]
 [ 0.86704903  0.02177401  0.36034875  0.77230488  0.98744317 -0.49676666
   0.18012065  0.11742322 -0.42699971 -0.63151737 -0.92737182  0.9256461 ]
 [ 0.06853004 -0.76457737 -0.30012873  0.05620244  0.48909185  0.02016273
  -0.33246337 -0.28226702  0.63846594 -0.94063398 -0.5413813  -0.93233876]]

[[-0.00711538 -0.06628569  0.08524923  0.04883108 -0.09349647  0.00654138
   0.25296022 -0.21750823  0.94526855  0.86593754  0.98746871  0.06294887]
 [-0.01288006 -0.08948666  0.13140524  0.0532457  -0.1279352   0.0151056
  -0.71099718 -0.38488504  0.60999899 -0.81886104  0.94033392 -0.82875787]
 [ 0.04513531  0.39756235 -0.52355657 -0.28335276  0.56205185 -0.04394632
  -0.21306848 -0.41209464 -0.75648774 -0.64780705 -0.75866382  0.17131351]
 [-0.01270776 -0.15353014  0.17865076  0.12770955 -0.21458091  0.00792088
  -0.75988088  0.31375306 -0.88020468  0.83362393 -0.55469007  0.76522709]
 [-0.02116773 -0.15588558  0.22258185  0.09766839 -0.22219855  0.02388144
   0.00866446  0.63006692  0.05349111 -0.12969909 -0.26657736  0.24717812]
 [ 0.01225735  0.11745196 -0.14930712 -0.08788086  0.16548349 -0.01091914
  -0.86411825 -0.54346864  0.54742715 -0.57018361 -0.84201542  0.36532278]
 [ 0.25296022 -0.71099718 -0.21306848 -0.75988088  0.00866446 -0.86411825
   0.94966178  0.16097164 -0.93717817 -0.16866402  0.08907275  0.00407506]
 [-0.21750823 -0.38488504 -0.41209464  0.31375306  0.63006692 -0.54346864
  -0.60602802  0.00918346 -0.30878283  0.23180984  0.7938001  -0.68892238]
 [ 0.94526855  0.60999899 -0.75648774 -0.88020468  0.05349111  0.54742715
   0.11183718 -0.43934014 -0.54388616  0.0757978   0.51969259  0.27063943]
 [ 0.86593754 -0.81886104 -0.64780705  0.83362393 -0.12969909 -0.57018361
   0.43604566  0.59798276  0.83126971 -0.53445042  0.99066069  0.02246912]
 [ 0.98746871  0.94033392 -0.75866382 -0.55469007 -0.26657736 -0.84201542
   0.58971765 -0.8491556   0.2474625  -0.8910601   0.2449225  -0.97563223]
 [ 0.06294887 -0.82875787  0.17131351  0.76522709  0.24717812  0.36532278
   0.26390436  0.03901368  0.7011171  -0.46900504 -0.25821107  0.2159165 ]]

[[ 0.01338085 -0.02874079 -0.0450983   0.08492573 -0.03192145 -0.02871913
  -0.65639473  0.22869273  0.15082102 -0.3568741   0.36985779 -0.60344829]
 [ 0.033306   -0.19266111 -0.02127558  0.35095582 -0.2434953  -0.08444789
   0.96251443  0.23418269 -0.97876779 -0.34049605  0.28306087  0.22192723]
 [-0.09170275  0.28794638  0.24073644 -0.68685266  0.34198027  0.20655754
   0.93101726  0.56172459  0.3437419  -0.40959667 -0.561434    0.60012294]
 [ 0.01342976  0.11072315 -0.15009588 -0.07558799  0.15698406 -0.01388612
   0.48132763 -0.64347238 -0.33522464 -0.44916022  0.10311349 -0.88965567]
 [ 0.05211025 -0.27596812 -0.05241678  0.51975604 -0.34647892 -0.12940059
   0.3893752  -0.44279209  0.1007139   0.67623124 -0.01195444 -0.54909405]
 [-0.0220783   0.03445836  0.08414912 -0.1251888   0.03511301  0.04599883
  -0.17343468 -0.22116094  0.62342371 -0.64461791 -0.27721225 -0.65945669]
 [-0.65639473  0.96251443  0.93101726  0.48132763  0.3893752  -0.17343468
   0.92165252 -0.81217415 -0.42166945 -0.05536149  0.58279914 -0.34879245]
 [ 0.22869273  0.23418269  0.56172459 -0.64347238 -0.44279209 -0.22116094
  -0.66240421 -0.90904678  0.37534375  0.03411283 -0.45716203 -0.36959389]
 [ 0.15082102 -0.97876779  0.3437419  -0.33522464  0.1007139   0.62342371
  -0.23418331  0.40007125 -0.53063822  0.48908813  0.99646502  0.46779521]
 [-0.3568741  -0.34049605 -0.40959667 -0.44916022  0.67623124 -0.64461791
  -0.46985059  0.35001442 -0.77957887 -0.56180154  0.6598428  -0.68127782]
 [ 0.36985779  0.28306087 -0.561434    0.10311349 -0.01195444 -0.27721225
   0.51167851 -0.82879826 -0.31198053 -0.26038789 -0.97344665 -0.33248644]
 [-0.60344829  0.22192723  0.60012294 -0.88965567 -0.54909405 -0.65945669
   0.88414494  0.05945911 -0.60112952 -0.77385289 -0.1865223   0.15256783]]
