A: 
[[-0.80922902  0.60781909 -0.36397042  0.42862626 -0.83146566  0.18665014
  -0.33532202 -0.65019192  0.36255404 -0.11956853  0.18990504 -0.83462492]
 [ 0.36774612 -0.63934343 -1.04147769 -0.10025488  0.78150661  0.33015428
  -0.33902297  0.3089147   0.40583196  0.47015261  0.22108666  0.14785417]
 [-0.02797202 -0.31731    -0.67852753 -0.28665211 -0.58046536  0.30214723
  -0.26795125  0.56475602  0.37161187 -0.51565938  0.5224391  -0.30625952]
 [ 0.14187051  0.00185766 -0.18520236  0.01495687  0.62204495 -0.19510072
   0.00950403  0.49590918 -0.9263888   0.86091339  0.03335259  0.44651609]
 [ 0.71600745 -0.33454897 -0.06900537 -0.18888946  1.00063484  0.12068769
   0.0850122   0.63108667 -0.50862498  0.70238226 -0.89568564  0.96989749]
 [-0.36405924  0.08687294 -0.20732433  0.13986963  0.2997442  -0.6098562
   0.00784811  0.1624295  -0.03520516  0.74431127  0.88993714 -0.88136081]
 [-0.27127671 -0.45427518 -0.43297082 -0.17617058 -0.18099181 -0.4307298
  -0.06122765  0.15179324  0.8619585   0.18672854 -0.25197037 -0.83854747]
 [-0.22879264  0.1540372   0.56459343  0.03531563 -0.6213077  -0.0710376
   0.15624634 -0.60203693  0.02797372  0.27934373  0.52646106 -0.19617866]
 [-0.08982657  0.11801171 -0.85227829  0.15691987  0.91305277 -0.32196254
  -0.22474241  0.91606338 -0.85457864  0.71475604 -0.52250713 -0.97392911]
 [ 0.33152554  0.24565658  0.49161275  0.30038872  0.76452008  0.22150258
   0.13150374 -0.65726146  0.57122242 -0.31231139  0.94076156 -0.39519531]] 
x segnato:[[ 0.47825361]
 [-0.85703702]
 [-0.59596769]
 [ 0.38204006]
 [ 0.21376597]
 [-0.20886546]
 [-0.82577869]
 [ 0.54931294]
 [ 0.        ]
 [ 0.        ]
 [ 0.        ]
 [ 0.        ]]
Matrici Hi 

[[-0.5898914   0.33176956  0.31763     0.21494711 -0.24195859 -0.66239224
   0.14333076 -0.34395962  0.24912153  0.90383699  0.04046071  0.20117454]
 [ 0.27721341 -0.53533474 -0.33055495 -0.17557205  0.62310806 -0.18804001
   0.00391942  0.29087829  0.31560319 -0.22226632  0.43633393  0.01250525]
 [-0.57436868  0.10131003 -0.47961686  0.2730619   0.12232742 -0.4590438
  -0.16145318 -0.22648818  0.47787925  0.00633896 -0.78602413 -0.34068214]
 [ 0.2687026  -0.28408015 -0.12455274 -0.1558225   0.26165701  0.05145626
   0.00725642  0.25990134  0.70411132  0.12071034 -0.39956299  0.11767707]
 [-0.03772668  0.01183025  0.56914109  0.03144176  0.21620465 -0.49098665
   0.29144506 -0.27044787  0.09846998  0.77358909 -0.34727105  0.52994973]
 [-0.31466343  0.07168053  0.09155165 -0.03635614 -0.27263498 -0.45830534
   0.09025782  0.18082446 -0.61786725  0.75533816  0.09982328  0.48450399]
 [-0.23016698  0.09801382 -0.11039195  0.14606933  0.03781759 -0.14845645
  -0.05056024 -0.19670698  0.01569441  0.69281955  0.69504513  0.22590206]
 [ 0.06277133 -0.06613143  0.4937408   0.05268618  0.32467475 -0.31977476
   0.24151142 -0.42646445 -0.60182964  0.13699149  0.27133664  0.431555  ]
 [ 0.24912153  0.31560319  0.47787925  0.70411132  0.09846998 -0.61786725
   0.01569441 -0.60182964  0.53163949 -0.55795927  0.83094291  0.21335003]
 [ 0.90383699 -0.22226632  0.00633896  0.12071034  0.77358909  0.75533816
   0.69281955  0.13699149  0.3595231   0.74723512 -0.69479502  0.23187846]
 [ 0.04046071  0.43633393 -0.78602413 -0.39956299 -0.34727105  0.09982328
   0.69504513  0.27133664 -0.68367107 -0.7617816   0.2391698  -0.4543918 ]
 [ 0.20117454  0.01250525 -0.34068214  0.11767707  0.52994973  0.48450399
   0.22590206  0.431555   -0.04996699  0.2248364  -0.58374114  0.96490663]]

[[-0.08579638 -0.28143636  0.45379779 -0.06398618  0.23114843 -0.69726222
   0.30660633 -0.31534178  0.96341185  0.95646829 -0.93216004 -0.69194638]
 [ 0.16879075  0.04104998 -0.37836543 -0.13903618 -0.09577424  0.32638238
  -0.16067417  0.72883297  0.1473405  -0.9341284   0.81786968 -0.68917363]
 [ 0.04339997  0.19735007  0.93862609  0.04631929 -0.18503268 -0.12845626
   0.33329849 -0.59332751  0.40856433  0.557629    0.51580806 -0.92019704]
 [ 0.16127091  0.04862224 -0.40175316  0.0587802   0.31790531  0.30982657
  -0.18208209  0.27475544  0.23464831 -0.08822116  0.39918345  0.46814541]
 [ 0.13191017  0.13082846 -0.22295122  0.38830095  1.4302596  -0.25594873
  -0.02201105 -0.12624522  0.61184639 -0.18712397  0.44045394  0.58610845]
 [-0.01502259 -0.66102981 -0.11897206 -0.38442324 -0.2022641  -0.45621862
   0.10678943  0.27247662 -0.88779776  0.95968026  0.84729574 -0.51665214]
 [-0.01150109  0.17144791  0.44077122  0.09293078  0.00133906 -0.07470895
   0.14810729 -0.33654494 -0.14772601 -0.5162827   0.40086685  0.49123331]
 [-0.22617755  0.01481857 -0.06814438 -0.1827378  -0.34169659 -0.42100358
   0.05738047  0.68225769  0.62877756 -0.24533401 -0.84442546 -0.06417717]
 [ 0.96341185  0.1473405   0.40856433  0.23464831  0.61184639 -0.88779776
  -0.14772601  0.62877756 -0.61011481 -0.89335162 -0.99285263 -0.24645414]
 [ 0.95646829 -0.9341284   0.557629   -0.08822116 -0.18712397  0.95968026
  -0.5162827  -0.24533401  0.83792932 -0.69443743  0.24576347 -0.84955927]
 [-0.93216004  0.81786968  0.51580806  0.39918345  0.44045394  0.84729574
   0.40086685 -0.84442546 -0.23205997 -0.17315422  0.92117892 -0.34477592]
 [-0.69194638 -0.68917363 -0.92019704  0.46814541  0.58610845 -0.51665214
   0.49123331 -0.06417717 -0.70765085 -0.50852389  0.99454192  0.53800853]]

[[-0.31065328  0.45920427 -0.058382    0.16943652 -0.16208388 -0.12274899
  -0.05826689  0.23896479 -0.10373443 -0.05063193  0.90921799  0.30485672]
 [ 0.20556118 -0.17061859  0.50416995 -0.02017139  0.59707409 -0.43898662
   0.30390477 -0.1794845  -0.90999103 -0.44146579  0.49756849 -0.51145642]
 [-0.09889912 -0.16815695  0.0152184  -0.21011818 -0.2710333  -0.32459622
   0.08566045  0.3832643  -0.3304263  -0.25357887 -0.58713224 -0.45420933]
 [ 0.06492712  0.02380299 -0.07471216  0.08185518  0.44024739 -0.09969533
   0.00358539  0.07832914  0.28380396 -0.7990916   0.65012324 -0.53542785]
 [-0.62437032  0.79060794 -0.88017902  0.41602504 -0.1965284   0.15538893
  -0.46343277  0.50315651 -0.94620889  0.32408029 -0.5396202   0.79940597]
 [ 0.15106302  0.26861853  0.5246609   0.18945138  0.7937017  -0.37381867
   0.26460213 -0.04291912  0.84391727 -0.60752148  0.08544933  0.19545826]
 [-0.12612648 -0.04365112 -0.12870238 -0.09175731 -0.34606646 -0.02233545
  -0.04851802  0.16730523 -0.67666939  0.55605848  0.36484241  0.63186449]
 [-0.16341415  0.08170641  0.5658208   0.00193666 -0.61333929 -0.01298892
   0.15682978 -0.63030335 -0.6237361   0.8861863   0.39450391 -0.76542318]
 [-0.10373443 -0.90999103 -0.3304263   0.28380396 -0.94620889  0.84391727
  -0.67666939 -0.6237361   0.99615242  0.32174915 -0.00230244  0.60885086]
 [-0.05063193 -0.44146579 -0.25357887 -0.7990916   0.32408029 -0.60752148
   0.55605848  0.8861863   0.50098214 -0.57934482 -0.43997079 -0.98005542]
 [ 0.90921799  0.49756849 -0.58713224  0.65012324 -0.5396202   0.08544933
   0.36484241  0.39450391 -0.16636238 -0.00775425  0.99124067  0.33354296]
 [ 0.30485672 -0.51145642 -0.45420933 -0.53542785  0.79940597  0.19545826
   0.63186449 -0.76542318  0.58577089 -0.68246228 -0.39593668  0.87864991]]

[[ 0.32425399  0.18897597  0.14490659  0.08620716  0.34676307  0.36642043
   0.00280733  0.01213343  0.49564984 -0.38490618 -0.93935401  0.13388419]
 [ 0.08865762 -0.74132464 -0.31161686 -0.57525996 -0.42015365 -0.31729039
   0.0453576   0.80484341  0.20731364 -0.23802685 -0.09117384  0.41907133]
 [ 0.15865319  0.39176825  0.15683089 -0.19417043 -0.43317389  0.23161207
   0.0336525   1.01375678  0.86232314 -0.11475761  0.84581187  0.34956067]
 [ 0.0933117  -0.4068647   0.04978609 -0.34607561 -0.20751775 -0.27577621
   0.12995801  0.4231467   0.97176815  0.13347246  0.95749106  0.00863654]
 [ 0.19906551 -0.78903875 -0.10557067 -0.41805768  0.03095854 -0.3297597
   0.11972897  0.23541063  0.90581137 -0.8093798  -0.40974165  0.21887436]
 [ 0.51885361  0.19324939  0.41421491  0.03883121  0.47710791  0.39185385
   0.1188847   0.04758378 -0.07622275 -0.92018133 -0.2221958  -0.26238195]
 [-0.02915354  0.1505208  -0.0270074  -0.02355932 -0.17562665  0.06602694
  -0.02859035  0.2732503   0.5379539   0.32109458 -0.09090679 -0.34840638]
 [-0.3403079  -0.71267977 -1.07139307  0.08640091  0.17862355 -0.0718278
  -0.38325071 -0.70072574  0.08490383 -0.86968643  0.0927354   0.24008809]
 [ 0.49564984  0.20731364  0.86232314  0.97176815  0.90581137 -0.07622275
   0.5379539   0.08490383 -0.78666401  0.54589599 -0.51854064  0.58753869]
 [-0.38490618 -0.23802685 -0.11475761  0.13347246 -0.8093798  -0.92018133
   0.32109458 -0.86968643 -0.08411853 -0.18323896 -0.97117938  0.47108069]
 [-0.93935401 -0.09117384  0.84581187  0.95749106 -0.40974165 -0.2221958
  -0.09090679  0.0927354   0.82802852  0.92146798  0.78869097  0.46886943]
 [ 0.13388419  0.41907133  0.34956067  0.00863654  0.21887436 -0.26238195
  -0.34840638  0.24008809  0.59630872  0.9858373   0.13869577 -0.96125034]]

[[-0.39251955 -0.22896249 -0.13537177  0.04985754 -0.25470547 -0.32614302
  -0.03170037 -0.55147411  0.38766229 -0.3877384   0.70922303 -0.29712192]
 [ 0.0783369   0.50152845 -0.04542505  0.03291519 -0.5473547   0.70477485
  -0.17798053  0.3470191   0.9307165   0.31854024 -0.462245    0.47333811]
 [-0.6199131   0.23305347 -0.01243854  0.06774829 -1.13658414  0.00656603
  -0.11490675 -0.43033763 -0.22317365  0.97223631  0.27192266 -0.71616467]
 [ 0.24654764 -0.0328431  -0.34995476 -0.08640693 -0.06491857  0.53567301
  -0.19287616  0.33091954  0.38161265  0.71848334 -0.02426211 -0.88411519]
 [ 0.49237564 -0.88506783 -0.83794279 -0.28658226  0.31721204  0.56783285
  -0.29273309  0.03892561 -0.32954457  0.38519396 -0.53025479  0.40423339]
 [-0.44137008  0.18050044 -0.12386878  0.16340827 -0.30624243 -0.19313822
  -0.08094436 -0.2715544   0.61062139 -0.29573463 -0.11092912 -0.05913491]
 [-0.17841892 -0.00768177  0.03329111 -0.00238632 -0.32249573 -0.05586363
  -0.00491576 -0.19385709  0.89610561 -0.61906633 -0.61613166  0.8378834 ]
 [ 0.13604413  0.33788137  0.77158291  0.11668432  0.35883307 -0.25845793
   0.3190965  -0.11509241 -0.30643866 -0.05578839 -0.70108994  0.11674886]
 [ 0.38766229  0.9307165  -0.22317365  0.38161265 -0.32954457  0.61062139
   0.89610561 -0.30643866  0.2383714   0.45819917  0.59014908  0.34239226]
 [-0.3877384   0.31854024  0.97223631  0.71848334  0.38519396 -0.29573463
  -0.61906633 -0.05578839 -0.67673122 -0.68208835  0.60659581 -0.91092718]
 [ 0.70922303 -0.462245    0.27192266 -0.02426211 -0.53025479 -0.11092912
  -0.61613166 -0.70108994  0.96772355  0.53417757  0.18023745 -0.86612101]
 [-0.29712192  0.47333811 -0.71616467 -0.88411519  0.40423339 -0.05913491
   0.8378834   0.11674886  0.70494224 -0.71280183 -0.08393249  0.84854552]]

[[-0.01178651  0.72554766  0.14295105  0.30917242 -0.11873564  0.54680623
  -0.11949268 -0.10033003 -0.56429466  0.24841199  0.3152034  -0.70586184]
 [-0.35101481 -0.24702498  0.04829611 -0.0107761  -0.15424346 -0.54373926
   0.09148689 -0.38750508  0.42758308 -0.36262433  0.47436628  0.62521847]
 [-0.64451568  0.34258972  0.02785103  0.31956315 -0.43819618 -0.24506455
  -0.06762628 -0.71140416 -0.51085493  0.79028322  0.46060995 -0.66653083]
 [-0.12092369 -0.04600518  0.01637229 -0.05366488  0.04133875 -0.3727175
   0.07982681  0.22961141 -0.86596845  0.41361271  0.05321921  0.07673441]
 [ 0.11057358  0.18611162  0.17508542 -0.10460806  0.22155763 -0.29479407
   0.15228095  0.80511397 -0.90875924 -0.5923606  -0.41880016  0.69036827]
 [-0.01393773  0.96272332  0.12015286  0.42624326 -0.12871608  0.76577655
  -0.19156547 -0.13320047 -0.81208522 -0.88356458 -0.5535767   0.82515881]
 [-0.19208407  0.00352811  0.00173825  0.05535936 -0.13118968 -0.13695702
  -0.00272981 -0.22849485 -0.93696727  0.85493982  0.22002961  0.11114549]
 [ 0.34769155 -0.74662168  0.07093101 -0.25818154  0.06157119  0.13519447
   0.07523734 -0.52571271 -0.7586581  -0.50534067  0.02330131  0.53330907]
 [-0.56429466  0.42758308 -0.51085493 -0.86596845 -0.90875924 -0.81208522
  -0.93696727 -0.7586581  -0.91843569  0.5728294   0.95459218  0.10565785]
 [ 0.24841199 -0.36262433  0.79028322  0.41361271 -0.5923606  -0.88356458
   0.85493982 -0.50534067  0.35855768  0.14979932 -0.40155541  0.54676185]
 [ 0.3152034   0.47436628  0.46060995  0.05321921 -0.41880016 -0.5535767
   0.22002961  0.02330131  0.81699924 -0.12064917 -0.08278438 -0.29805339]
 [-0.70586184  0.62521847 -0.66653083  0.07673441  0.69036827  0.82515881
   0.11114549  0.53330907  0.25376665  0.9519101   0.59757388 -0.078047  ]]

[[-0.54695002  0.36368659  0.14775416  0.29007608 -0.25611164 -0.34630067
   0.01342674 -0.52679361  0.62577213 -0.77532847  0.69145982  0.00212327]
 [-0.25787977 -0.1112938  -0.20139459 -0.00525922 -0.51985929  0.09483767
  -0.12826466 -0.34953707  0.52627622  0.70791188 -0.4682603  -0.70847479]
 [-0.50700809  0.11069601  0.55985207 -0.20931426 -1.06433231 -0.63877534
   0.26633958  0.13420636 -0.13660197  0.69944403 -0.71844497 -0.83973149]
 [-0.17068663  0.03354234 -0.27343363  0.05465814 -0.28937314  0.1811185
  -0.16402063 -0.13697634  0.70353709 -0.90437289 -0.83292744 -0.30198873]
 [-0.72797977  0.49802926 -0.18812166  0.49801186 -0.69929326  0.27073898
  -0.29072027 -1.19834495 -0.50822609 -0.3179759   0.64472607  0.85503263]
 [-0.40940601  0.23996999 -0.31731747  0.28789771  0.17987043 -0.2626197
  -0.13195991 -0.17243738 -0.06756649 -0.73446455  0.65187997  0.34484011]
 [-0.13741955  0.03562802  0.3045437  -0.09320002 -0.39774069 -0.21447092
   0.13410833  0.01244502 -0.11707955 -0.92059836 -0.62027937 -0.47304633]
 [ 0.24967856 -0.21309813  0.17071403  0.14470285  0.46457305  0.24434999
   0.0266442  -0.87629703 -0.22050601 -0.06072471  0.95406564  0.78289244]
 [ 0.62577213  0.52627622 -0.13660197  0.70353709 -0.50822609 -0.06756649
  -0.11707955 -0.22050601  0.8358034  -0.81914656  0.8946017   0.7697045 ]
 [-0.77532847  0.70791188  0.69944403 -0.90437289 -0.3179759  -0.73446455
  -0.92059836 -0.06072471  0.12027188 -0.42809993  0.12742855 -0.745965  ]
 [ 0.69145982 -0.4682603  -0.71844497 -0.83292744  0.64472607  0.65187997
  -0.62027937  0.95406564 -0.09922747  0.02961847 -0.18313846 -0.32313825]
 [ 0.00212327 -0.70847479 -0.83973149 -0.30198873  0.85503263  0.34484011
  -0.47304633  0.78289244  0.36059233 -0.82617412  0.56553117  0.62011191]]

[[-0.38714008  0.79476169  0.09854931  0.42067648 -0.15032112  0.09388258
  -0.09644277 -0.22490963 -0.9306913  -0.77800842 -0.18639985  0.2589494 ]
 [ 0.21573641 -0.16318044  0.6786646  -0.15807904  0.23072674 -0.42305625
   0.36918368 -0.00677682 -0.61141339 -0.39801309 -0.40340877  0.77670239]
 [ 0.27201515  0.33421739  0.44235034  0.15457224  0.68920285 -0.07865558
   0.18953438  0.12632492 -0.94268695 -0.34270429 -0.11470258 -0.87297056]
 [ 0.01011442 -0.20286115  0.41734568 -0.17339599 -0.16715358 -0.33886255
   0.23308173 -0.06744345 -0.41270855 -0.66144704 -0.45816285  0.82723653]
 [-0.79016483  0.37312311  0.35017123 -0.07946292 -1.2482408  -0.67531201
   0.14835305  0.22732573  0.67420918 -0.24129738 -0.56306029  0.21036533]
 [-0.12276893  0.62037753  0.37968977  0.47886118  0.21435715  0.23945955
  -0.0013357  -0.82526515  0.6504932   0.72456796 -0.0488073   0.75252755]
 [ 0.05050616  0.10688281  0.02604254  0.01940777  0.15684438 -0.03535064
   0.02259793  0.20754199 -0.24172074  0.71028074  0.93606497 -0.64411195]
 [-0.2443161   0.19432354 -0.50660641  0.02774045 -0.24921622  0.05447965
  -0.21951698  0.50520686  0.6449727  -0.64822203 -0.09593728  0.13281497]
 [-0.9306913  -0.61141339 -0.94268695 -0.41270855  0.67420918  0.6504932
  -0.24172074  0.6449727  -0.43406777 -0.93746259 -0.78777719  0.89227256]
 [-0.77800842 -0.39801309 -0.34270429 -0.66144704 -0.24129738  0.72456796
   0.71028074 -0.64822203 -0.3630731   0.79158935 -0.8076406  -0.58669022]
 [-0.18639985 -0.40340877 -0.11470258 -0.45816285 -0.56306029 -0.0488073
   0.93606497 -0.09593728  0.34481354  0.44566587 -0.56459386  0.05124633]
 [ 0.2589494   0.77670239 -0.87297056  0.82723653  0.21036533  0.75252755
  -0.64411195  0.13281497 -0.11225021 -0.82518063 -0.18853941  0.17223633]]

[[ 0.28808076 -0.20792001 -0.25117378 -0.00244174  0.28227096  0.41383073
  -0.13070092 -0.15293532  0.28003644 -0.49174415  0.31784448  0.27222196]
 [ 0.17998706  0.29732033  0.3264007   0.04926545  0.18364397  0.08012685
   0.10827205  0.20367504 -0.50206297 -0.59145457  0.58429673 -0.24053005]
 [ 0.57776016 -0.00554711 -0.1716413  -0.04515982  0.64866333  0.48399518
  -0.07265815  0.50380502  0.55822214 -0.27409956  0.2865199  -0.89753422]
 [-0.00552418  0.34898727  0.29656453  0.19279584  0.20869412 -0.01235661
   0.07801701 -0.15745917  0.07707971  0.59003944 -0.65461365  0.66488611]
 [ 0.2100456  -0.00142488  0.32696291  0.26988201  0.13943736  0.61728552
  -0.03163468 -1.3465475   0.19517222 -0.77217524  0.2741134   0.14456374]
 [ 0.04333177  0.24691946 -0.1621081   0.12523661  0.46788065 -0.05922182
  -0.04320892  0.41159405 -0.52629829 -0.62723504  0.1433183  -0.58050913]
 [ 0.22099698 -0.12697063 -0.08490362 -0.06154281  0.12279491  0.23761861
  -0.0418071   0.049025   -0.36955701 -0.62190774 -0.80650026  0.39379206]
 [ 0.01211889 -0.78162023 -0.10318196 -0.46208664 -0.98174702  0.1782436
  -0.02857013 -0.30391958 -0.07911183  0.64288989 -0.71113708  0.93691951]
 [ 0.28003644 -0.50206297  0.55822214  0.07707971  0.19517222 -0.52629829
  -0.36955701 -0.07911183  0.12799814  0.55517301  0.33962447  0.23142317]
 [-0.49174415 -0.59145457 -0.27409956  0.59003944 -0.77217524 -0.62723504
  -0.62190774  0.64288989 -0.69016943 -0.57853155 -0.76817934 -0.66135027]
 [ 0.31784448  0.58429673  0.2865199  -0.65461365  0.2741134   0.1433183
  -0.80650026 -0.71113708 -0.810333    0.48028116  0.46265417  0.33458244]
 [ 0.27222196 -0.24053005 -0.89753422  0.66488611  0.14456374 -0.58050913
   0.39379206  0.93691951  0.12202808 -0.09702966  0.67685828  0.05609919]]

[[ 0.17972763  0.23552079  0.0605371   0.06788407 -0.09981408  0.51332928
  -0.08209004 -0.05879939 -0.63259604  0.51482216  0.45999804 -0.97044151]
 [ 0.06016212 -0.37751208  0.26515546 -0.11268479  0.24168738 -0.42433802
   0.20941856 -0.24679713 -0.04742382 -0.83685482 -0.57311508  0.04723042]
 [-0.27594289 -0.08591461 -0.08149587 -0.05166674 -0.90551807  0.27324625
  -0.13197184 -0.49276231 -0.75637854 -0.42629023  0.60242306 -0.41806147]
 [ 0.17922995 -0.38671397  0.08104481 -0.14734087  0.1340338  -0.07420178
   0.08881637 -0.15784759 -0.80593559  0.84872464  0.96627791  0.32908924]
 [ 0.54753376  0.14258939  0.57806642  0.06450819  0.00724654  0.85778122
   0.06246496 -0.66754659  0.77622148  0.14836697 -0.37179022  0.38815421]
 [ 0.29555823 -0.34727429 -0.25356443 -0.17631503  0.47840417 -0.07147371
   0.00208766  0.47274652  0.79164835 -0.67633213 -0.55527562  0.66957834]
 [-0.14549862  0.13012613  0.03568837  0.05023278 -0.43482059  0.19876247
  -0.06548195 -0.2658383  -0.40915426  0.40536492 -0.6182206  -0.33572119]
 [-0.10893437  0.94742236  0.66278231  0.4530425   0.53439056 -0.24465463
   0.20737756 -0.01544297  0.84913558 -0.99180536 -0.80428309  0.9672047 ]
 [-0.63259604 -0.04742382 -0.75637854 -0.80593559  0.77622148  0.79164835
  -0.40915426  0.84913558  0.27286497 -0.66280339 -0.43068523 -0.07020116]
 [ 0.51482216 -0.83685482 -0.42629023  0.84872464  0.14836697 -0.67633213
   0.40536492 -0.99180536 -0.84621792 -0.26505058 -0.19448531 -0.30385696]
 [ 0.45999804 -0.57311508  0.60242306  0.96627791 -0.37179022 -0.55527562
  -0.6182206  -0.80428309  0.44925617 -0.02281759 -0.45899968  0.17301079]
 [-0.97044151  0.04723042 -0.41806147  0.32908924  0.38815421  0.66957834
  -0.33572119  0.9672047   0.67564579 -0.35365448 -0.86763784 -0.96487937]]
