A: 
[[ 0.016264    0.04442958  0.01497871 -0.0968603  -0.00442875 -0.01639687
   0.82991778  0.07557768 -0.43319061  0.1060333  -0.26450756  0.31510499]
 [ 0.26915033  0.60101563 -0.0956724  -0.58764176 -0.04327584 -0.06668248
   0.66207567 -0.34700232 -0.18456468  0.17656714 -0.14003434 -0.5750947 ]
 [ 0.00527943  0.05745368  0.11498809 -0.35689108 -0.01105885 -0.07092852
   0.88342426 -0.96628758  0.35674791  0.59198974  0.41239426 -0.40382171]
 [ 0.1429654   0.18173114 -0.40273898  0.72787298  0.00775887  0.17423175
   0.23945578 -0.96657799  0.38734936  0.18070649  0.87666983  0.66962155]
 [ 0.0568803   0.14331603  0.02150046 -0.24747858 -0.01279044 -0.03894582
  -0.70110259 -0.96579514 -0.27206352 -0.76062702  0.73881832 -0.38109531]
 [-0.16735976 -0.2442893   0.39071839 -0.61346273 -0.00202881 -0.15586113
  -0.58939829 -0.9607794  -0.47323434 -0.58605323  0.70196676  0.79692145]
 [-0.01862322 -0.1003645  -0.14380613  0.48520668  0.01613646  0.09422811
   0.18628971 -0.26170153  0.46289059  0.60883398 -0.65585301 -0.64641851]
 [-0.22667163 -0.38979837  0.37836551 -0.38515436  0.01042891 -0.12124752
  -0.55902928 -0.12984376  0.5593307  -0.91783037  0.70207677  0.88303364]
 [-0.08373598 -0.28461021 -0.22008122  0.92118005  0.03529167  0.16958808
  -0.05067477 -0.15938094 -0.83050633 -0.51146373 -0.65809573  0.61534967]
 [ 0.17614235  0.3983258  -0.04982082 -0.42237567 -0.02943887 -0.05125958
   0.15673535 -0.87884747 -0.63712404  0.1562174   0.77929292 -0.17150636]
 [ 0.28241431  0.47841507 -0.4899457   0.53464111 -0.0113744   0.1621054
   0.11691824  0.73876058  0.71787469 -0.63321008  0.07538308 -0.02619761]
 [ 0.01367608  0.01538864 -0.04363362  0.08472255  0.00118844  0.01970979
  -0.86889863 -0.23801499 -0.3665547   0.94543362 -0.34357413  0.06725246]
 [-0.26420629 -0.43758309  0.48391685 -0.57570541  0.00840805 -0.16688061
  -0.3167013   0.47693203 -0.60642639 -0.17482103  0.74655886  0.83131389]
 [ 0.31026786  0.50647398 -0.58721324  0.73201822 -0.00822002  0.20725213
   0.34988429 -0.9216627   0.11984089  0.58792941 -0.19786541  0.57949646]
 [ 0.37652816  0.68958641 -0.5208042   0.3214906  -0.02673341  0.13724242
  -0.25394291 -0.5972174   0.23076465  0.23077795 -0.60483137 -0.56826814]
 [ 0.07462432  0.26020041  0.2129211  -0.87055486 -0.03291812 -0.16113562
   0.76860721 -0.06559181  0.70276885 -0.91308789 -0.9802814   0.24927562]
 [ 0.0302381   0.08736831  0.04004208 -0.2161182  -0.00929925 -0.0377493
   0.76656327  0.59683355  0.91408008 -0.66369058  0.00985638  0.89993868]
 [ 0.04316048  0.1722363   0.17879471 -0.66795518 -0.02390055 -0.12634726
   0.83869113  0.78738774 -0.51226765 -0.95319346  0.21810415 -0.10259783]
 [ 0.02112762  0.08330291  0.08494009 -0.31934157 -0.01147403 -0.06031029
   0.04919111 -0.54193599 -0.91922884 -0.18281487  0.65954216 -0.79471213]
 [ 0.07620871  0.05437819 -0.32343547  0.70938893  0.01363719  0.15766332
   0.89657161  0.67386789 -0.28568031  0.74722829  0.79141583  0.27231913]] 
x segnato:[[-0.4072605 ]
 [-0.13246758]
 [-0.56701782]
 [-0.18982626]
 [-0.45002451]
 [ 0.38998232]
 [ 0.        ]
 [ 0.        ]
 [ 0.        ]
 [ 0.        ]
 [ 0.        ]
 [ 0.        ]]
Matrici Hi 

[[ 0.00877132  0.02206234  0.00321843 -0.03787592 -0.00196389 -0.00594787
   0.77866992  0.90970665 -0.12824628  0.73501246 -0.69641741  0.53776341]
 [-0.0060085   0.0083698   0.05789256 -0.15165668 -0.00390515 -0.03172771
   0.79178271  0.26186952  0.66000846 -0.95069058  0.22902905  0.66881458]
 [-0.0686203  -0.1125022   0.12862191 -0.15820567  0.00192709 -0.04509282
   0.14490497 -0.14411325 -0.16758314  0.66240104 -0.26032739  0.58865528]
 [ 0.17442544  0.26112691 -0.39051755  0.59002023  0.00065577  0.15249471
   0.71716421  0.07527616 -0.85214405 -0.88117852 -0.19052752  0.9954862 ]
 [ 0.00431236  0.00559637 -0.01185459  0.02108797  0.00020839  0.00508062
   0.01254275 -0.66082831  0.84494555 -0.68917526 -0.08735253  0.76596475]
 [ 0.03684906  0.0568837  -0.07810363  0.1116533  -0.00024561  0.02959654
  -0.92742852  0.37915524 -0.86913428  0.14442508  0.83223043  0.77600052]
 [ 0.77866992  0.79178271  0.14490497  0.71716421  0.01254275 -0.92742852
   0.42844213 -0.1417964   0.46134738  0.35996575  0.33335467  0.22726   ]
 [ 0.90970665  0.26186952 -0.14411325  0.07527616 -0.66082831  0.37915524
  -0.16584876  0.62184976 -0.72320741  0.9833567   0.11318908 -0.75729806]
 [-0.12824628  0.66000846 -0.16758314 -0.85214405  0.84494555 -0.86913428
   0.4484119   0.45617221 -0.83702228 -0.42760789 -0.11967009 -0.87357339]
 [ 0.73501246 -0.95069058  0.66240104 -0.88117852 -0.68917526  0.14442508
   0.61931255 -0.5697952   0.7761825  -0.51379781  0.39796527  0.12655627]
 [-0.69641741  0.22902905 -0.26032739 -0.19052752 -0.08735253  0.83223043
  -0.38828628  0.81955269 -0.38298653  0.28147354  0.09698062  0.87897754]
 [ 0.53776341  0.66881458  0.58865528  0.9954862   0.76596475  0.77600052
  -0.94925864 -0.75868921  0.92881947  0.90603163 -0.46646539  0.23635117]]

[[ 0.05448411  0.11855244 -0.02732905 -0.09542638 -0.00806472 -0.00875523
  -0.61941282  0.00687657  0.63057151 -0.79915509  0.17682648 -0.30001138]
 [ 0.07297316  0.17614951  0.00784136 -0.25915358 -0.01468439 -0.03820348
   0.21610994  0.20887796 -0.66048773  0.93762215 -0.69878229 -0.21631985]
 [-0.14397529 -0.2688326   0.18595957 -0.08397002  0.01137399 -0.04462436
  -0.38332764 -0.69274961  0.70363167  0.40129908 -0.95506308  0.98488767]
 [ 0.24929232  0.41109282 -0.46118027  0.55674189 -0.00753333  0.16018877
   0.93206068 -0.64214504 -0.7317434  -0.58983793  0.84483515  0.64982947]
 [ 0.00212618  0.00074345 -0.01100366  0.0256429   0.00055345  0.00557827
   0.70264522 -0.83073658 -0.61897312 -0.59488232  0.31752378 -0.28571633]
 [ 0.06073514  0.10567694 -0.09822479  0.09387361 -0.00307006  0.03060749
   0.09897165  0.7050647  -0.04689989  0.34007444  0.49055015 -0.46688623]
 [-0.61941282  0.21610994 -0.38332764  0.93206068  0.70264522  0.09897165
   0.78659066 -0.06086397 -0.09356232  0.56135117  0.93166491 -0.59719862]
 [ 0.00687657  0.20887796 -0.69274961 -0.64214504 -0.83073658  0.7050647
  -0.35828241  0.63167087 -0.3819455   0.91884388 -0.37405152  0.25287579]
 [ 0.63057151 -0.66048773  0.70363167 -0.7317434  -0.61897312 -0.04689989
   0.76102881  0.68494757 -0.71534929 -0.7759994  -0.4839155  -0.00627404]
 [-0.79915509  0.93762215  0.40129908 -0.58983793 -0.59488232  0.34007444
  -0.65590214 -0.68585146 -0.36544054 -0.61873115 -0.76642804  0.74976542]
 [ 0.17682648 -0.69878229 -0.95506308  0.84483515  0.31752378  0.49055015
  -0.63308717 -0.13469107  0.39066285 -0.38978549 -0.99712201  0.60149326]
 [-0.30001138 -0.21631985  0.98488767  0.64982947 -0.28571633 -0.46688623
  -0.78573433  0.88197373  0.79954129  0.29810936 -0.77266507 -0.36917953]]

[[ 0.07651544  0.1807504  -0.00188632 -0.24186086 -0.01451408 -0.03403607
   0.26264096 -0.89160887 -0.6945862  -0.10142028  0.80059434 -0.98900704]
 [ 0.12520703  0.31633694  0.04953978 -0.55129652 -0.02834806 -0.08704685
   0.56727385  0.09501603  0.23469242  0.37036744  0.80585553 -0.55713641]
 [-0.14403259 -0.2876179   0.1382322   0.05726157  0.01555473 -0.01616511
   0.97384119 -0.53771176 -0.24589986  0.20194522  0.11537487 -0.15161727]
 [ 0.17821681  0.26547248 -0.40241063  0.61290673  0.00096748  0.15783767
   0.73766677 -0.06339848 -0.24188322  0.30516871 -0.42487556 -0.2460166 ]
 [-0.00209534 -0.00954754 -0.0117149   0.04139637  0.00142546  0.00794183
  -0.36689964  0.58823216 -0.60321126  0.28488359  0.09175257  0.07824315]
 [ 0.05064561  0.08828728 -0.08148313  0.07702534 -0.00259711  0.02527015
  -0.41727765  0.95878448 -0.780403    0.51239776 -0.78362187  0.08327077]
 [ 0.26264096  0.56727385  0.97384119  0.73766677 -0.36689964 -0.41727765
  -0.01682558  0.40133585 -0.68451017 -0.44965753  0.64062566  0.19500875]
 [-0.89160887  0.09501603 -0.53771176 -0.06339848  0.58823216  0.95878448
   0.27122301  0.0272176  -0.64714193 -0.20745884  0.3200147   0.82259894]
 [-0.6945862   0.23469242 -0.24589986 -0.24188322 -0.60321126 -0.780403
   0.71364151 -0.86141574  0.29296396  0.15475373  0.81355238  0.58462651]
 [-0.10142028  0.37036744  0.20194522  0.30516871  0.28488359  0.51239776
  -0.83098812 -0.47459409  0.78924889 -0.11947328  0.13568761 -0.25498034]
 [ 0.80059434  0.80585553  0.11537487 -0.42487556  0.09175257 -0.78362187
  -0.75957159 -0.69223659 -0.0942115  -0.13255506  0.73968001 -0.2443825 ]
 [-0.98900704 -0.55713641 -0.15161727 -0.2460166   0.07824315  0.08327077
  -0.05988383 -0.46998343  0.07670749 -0.43277652 -0.21101087  0.41835627]]

[[-0.07610839 -0.13042487  0.12820825 -0.13276826  0.00339976 -0.04140552
   0.98934195  0.58586935  0.03843467 -0.34892679  0.74876298 -0.42786575]
 [-0.19559228 -0.34822608  0.29610013 -0.24254395  0.01165378 -0.08652041
  -0.91491026 -0.71660846  0.33801881  0.43531279  0.19894464  0.90691777]
 [-0.03856781 -0.0994771  -0.02046809  0.18520877  0.00918714  0.02991598
  -0.331596   -0.44847332 -0.32911322  0.86134314  0.1770738   0.09163691]
 [ 0.36009658  0.71574721 -0.35411117 -0.11799248 -0.03814443  0.04548788
  -0.86217031 -0.609022    0.97537068 -0.05196791  0.45565334 -0.1183436 ]
 [ 0.0179703   0.03371187 -0.02280752  0.00928961 -0.00145486  0.00532968
   0.69999025 -0.68103927  0.36369104 -0.59202168  0.50776427 -0.46586694]
 [ 0.05794901  0.11919399 -0.04671974 -0.04932686 -0.00703534  0.00120433
   0.95364413 -0.9634062  -0.39852452 -0.70367986 -0.85219812 -0.0754714 ]
 [ 0.98934195 -0.91491026 -0.331596   -0.86217031  0.69999025  0.95364413
   0.69260682 -0.00547554  0.07927681 -0.75086966 -0.78696774  0.85748349]
 [ 0.58586935 -0.71660846 -0.44847332 -0.609022   -0.68103927 -0.9634062
   0.26743737 -0.78562798  0.46587627 -0.45941562  0.94910641 -0.20628497]
 [ 0.03843467  0.33801881 -0.32911322  0.97537068  0.36369104 -0.39852452
  -0.80327879 -0.63483311  0.70357125  0.84878329 -0.67830621 -0.26094767]
 [-0.34892679  0.43531279  0.86134314 -0.05196791 -0.59202168 -0.70367986
   0.64973345  0.81562376 -0.34654041 -0.28543121  0.71990382 -0.43504516]
 [ 0.74876298  0.19894464  0.1770738   0.45565334  0.50776427 -0.85219812
   0.79832473  0.8642384  -0.63575055  0.96002034 -0.08724829  0.12805483]
 [-0.42786575  0.90691777  0.09163691 -0.1183436  -0.46586694 -0.0754714
   0.92428898  0.91865116  0.72542907 -0.86991748 -0.63009858 -0.28116665]]

[[ 0.0363098   0.03878154 -0.12115716  0.24063109  0.00361925  0.05549289
   0.60965054  0.97124117  0.03797755  0.1644139  -0.90045159 -0.91791472]
 [ 0.11504325  0.17553959 -0.24909215  0.36410287 -0.00030798  0.09552936
  -0.11443933 -0.47607143 -0.25701717 -0.9551774  -0.72975537  0.56544885]
 [ 0.07401137  0.21382938  0.09796933 -0.52886156 -0.02275767 -0.09237303
   0.67084803 -0.12919035 -0.76526513  0.29252104  0.12743877  0.16934331]
 [-0.33614059 -0.75733075  0.10227388  0.78476565  0.05555065  0.09353262
  -0.98618196  0.89918615  0.77290254 -0.65160218 -0.47669383  0.88604751]
 [-0.01343181 -0.02612132  0.01468386  0.00004129  0.00129392 -0.00257562
  -0.86088564 -0.05276759 -0.13937933 -0.60373734 -0.28086447 -0.47265584]
 [-0.06077606 -0.1452065  -0.00269062  0.20448891  0.01189447  0.02953027
   0.35805903 -0.99282781  0.82774961  0.88504753  0.66052918 -0.72276942]
 [ 0.60965054 -0.11443933  0.67084803 -0.98618196 -0.86088564  0.35805903
  -0.72769268 -0.37063993  0.02385872  0.47372342 -0.18038816 -0.86521127]
 [ 0.97124117 -0.47607143 -0.12919035  0.89918615 -0.05276759 -0.99282781
  -0.92180787 -0.94888165 -0.25535704 -0.7534759   0.70782736  0.8643233 ]
 [ 0.03797755 -0.25701717 -0.76526513  0.77290254 -0.13937933  0.82774961
   0.73939297  0.36799473 -0.05982676  0.34650356  0.72633867  0.73226696]
 [ 0.1644139  -0.9551774   0.29252104 -0.65160218 -0.60373734  0.88504753
  -0.69427799 -0.18649336  0.4035278  -0.01273626  0.64691919 -0.80131401]
 [-0.90045159 -0.72975537  0.12743877 -0.47669383 -0.28086447  0.66052918
   0.20906771  0.7686983   0.1877595   0.60847575 -0.3641385  -0.21535113]
 [-0.91791472  0.56544885  0.16934331  0.88604751 -0.47265584 -0.72276942
   0.42651463  0.66079887  0.28034497  0.44614905 -0.55027014  0.46002118]]

[[-0.13718771 -0.25096115  0.19049435 -0.11932108  0.00967566 -0.05044488
   0.69633815  0.60614045  0.10678313  0.61473653  0.72797773  0.6822176 ]
 [-0.29013169 -0.54476116  0.36699896 -0.14634641  0.02359627 -0.08531535
  -0.96161889  0.83788948  0.87431484 -0.0004413  -0.37446761 -0.13322084]
 [ 0.09024931  0.12922709 -0.21711139  0.34977035  0.00165451  0.0878704
  -0.79532644 -0.29042661  0.92211885  0.92798091 -0.56454407  0.84988055]
 [ 0.17692802  0.42965917  0.02559821 -0.64779839 -0.03617864 -0.09655044
   0.56239289 -0.45664467  0.7844921   0.04398658  0.00657286 -0.22653646]
 [ 0.01843366  0.03685486 -0.0175767  -0.00766719 -0.00200075  0.00200057
  -0.90261852 -0.63753741 -0.42730306  0.22593369  0.36350046 -0.75540931]
 [ 0.00927472  0.03833458  0.04180653 -0.15354128 -0.00543174 -0.02916751
  -0.10569426 -0.91236315  0.17054746 -0.25134501  0.84512067  0.50424699]
 [ 0.69633815 -0.96161889 -0.79532644  0.56239289 -0.90261852 -0.10569426
   0.06376165  0.15174537 -0.8908054   0.32928894  0.99551643  0.59956272]
 [ 0.60614045  0.83788948 -0.29042661 -0.45664467 -0.63753741 -0.91236315
   0.68488779  0.12366725 -0.35136286 -0.98228     0.08064221 -0.24922924]
 [ 0.10678313  0.87431484  0.92211885  0.7844921  -0.42730306  0.17054746
   0.59864706  0.4653189   0.53717756 -0.40981695  0.86168803 -0.32626052]
 [ 0.61473653 -0.0004413   0.92798091  0.04398658  0.22593369 -0.25134501
   0.73100521 -0.95092576 -0.69072913  0.27261128 -0.63198617  0.5998586 ]
 [ 0.72797773 -0.37446761 -0.56454407  0.00657286  0.36350046  0.84512067
   0.29776451  0.37656973  0.04191294  0.95730126  0.42341055 -0.76920135]
 [ 0.6822176  -0.13322084  0.84988055 -0.22653646 -0.75540931  0.50424699
  -0.74318771  0.49142714  0.26972     0.80676753 -0.44300069 -0.12249794]]

[[-0.1024119  -0.23639834  0.01666836  0.28192017  0.01819066  0.03712963
   0.63024603  0.59020638  0.27282481  0.96845421  0.1215124  -0.44450571]
 [-0.23312323 -0.53457755  0.04700977  0.61494764  0.04061578  0.07911766
   0.95709547  0.74489282  0.69583191  0.04713975 -0.40262971  0.19581663]
 [ 0.02504999  0.06689021  0.01912738 -0.13753275 -0.00647672 -0.02290566
  -0.75996608  0.67474676  0.86120051  0.729633    0.72224001  0.08089697]
 [ 0.25715036  0.566787   -0.11042826 -0.50522906 -0.03968459 -0.05237775
   0.1176115  -0.80302357 -0.86817849 -0.77049876  0.18423927 -0.33904195]
 [ 0.01745839  0.03950721 -0.00486877 -0.04206847 -0.00292389 -0.00512185
  -0.12123536  0.43299794  0.47821315  0.90801908 -0.06220624 -0.65165594]
 [ 0.03213639  0.06877912 -0.01905419 -0.04761266 -0.00450042 -0.00341581
  -0.95148421  0.98158383 -0.63617712  0.50876899  0.74943552  0.22591243]
 [ 0.63024603  0.95709547 -0.75996608  0.1176115  -0.12123536 -0.95148421
   0.78429246  0.82051197  0.89363815 -0.95012905  0.91699533  0.12586094]
 [ 0.59020638  0.74489282  0.67474676 -0.80302357  0.43299794  0.98158383
  -0.90685499  0.34649635  0.28406536 -0.23413889  0.9759833  -0.24461344]
 [ 0.27282481  0.69583191  0.86120051 -0.86817849  0.47821315 -0.63617712
  -0.62429731 -0.40601859 -0.46502405  0.87511234 -0.4223335  -0.96311871]
 [ 0.96845421  0.04713975  0.729633   -0.77049876  0.90801908  0.50876899
   0.85926307 -0.57923078 -0.09177079 -0.23415146  0.82379325 -0.50941612]
 [ 0.1215124  -0.40262971  0.72224001  0.18423927 -0.06220624  0.74943552
  -0.57497824 -0.07408352 -0.30448563 -0.97436667  0.37269713 -0.76350254]
 [-0.44450571  0.19581663  0.08089697 -0.33904195 -0.65165594  0.22591243
   0.12022011 -0.33707642  0.57697492  0.13777997 -0.26724928  0.10415162]]

[[-0.09284735 -0.1657298   0.13946443 -0.11190266  0.00562759 -0.04041947
  -0.88629043  0.91302128  0.76910067  0.49119422 -0.74321206 -0.26802303]
 [-0.21701772 -0.40168576  0.28934247 -0.15328786  0.01635446 -0.07264937
   0.2574524   0.24039947  0.43069479 -0.89162336  0.23992082 -0.62561885]
 [ 0.00820869 -0.02198388 -0.10608918  0.28697473  0.0076938   0.05942916
  -0.85339029  0.12216381 -0.42624097  0.66587713  0.57567909  0.12601834]
 [ 0.27599078  0.60090441 -0.13747971 -0.48621137 -0.0409356  -0.04491963
  -0.9546438  -0.50247241 -0.01500234 -0.64722946  0.26312171  0.22089119]
 [ 0.01709487  0.03371458 -0.01748657 -0.00360416 -0.00175178  0.00256207
   0.48606692  0.13693391  0.45380593 -0.07631236 -0.99578337 -0.49483237]
 [ 0.03777432  0.08925154 -0.00088452 -0.11954052 -0.00716943 -0.01683084
  -0.33527506  0.41925634  0.1018076   0.54049746 -0.53073373  0.54348453]
 [-0.88629043  0.2574524  -0.85339029 -0.9546438   0.48606692 -0.33527506
  -0.21128962 -0.1921382   0.0802802   0.54749914 -0.32721363 -0.25108328]
 [ 0.91302128  0.24039947  0.12216381 -0.50247241  0.13693391  0.41925634
  -0.7187726  -0.79825151 -0.20393212 -0.98361532 -0.98164579 -0.26351219]
 [ 0.76910067  0.43069479 -0.42624097 -0.01500234  0.45380593  0.1018076
   0.85513761 -0.73651038 -0.33470979 -0.15342873 -0.69370676 -0.37096027]
 [ 0.49119422 -0.89162336  0.66587713 -0.64722946 -0.07631236  0.54049746
  -0.67274842  0.02036813 -0.21922945  0.6016263  -0.24790341  0.60188207]
 [-0.74321206  0.23992082  0.57567909  0.26312171 -0.99578337 -0.53073373
   0.48433094  0.05930635  0.98561913  0.25176648 -0.44483941 -0.95884393]
 [-0.26802303 -0.62561885  0.12601834  0.22089119 -0.49483237  0.54348453
   0.11697584  0.66415104  0.44935321  0.84031762 -0.7834138  -0.80286758]]

[[ 0.09140299  0.15848766 -0.14923098  0.145436   -0.00449724  0.04690145
   0.79572132 -0.01045054 -0.13190801  0.64144575 -0.3302461   0.28417636]
 [ 0.23187175  0.40481135 -0.37150998  0.34807841 -0.01202546  0.11477391
  -0.06716661 -0.13464999 -0.61784762  0.99999304 -0.36362269 -0.63391166]
 [ 0.03857319  0.07394395 -0.04490889  0.00797908 -0.00347646  0.00902898
   0.11373437 -0.62792457 -0.42608924 -0.54120369 -0.07876308  0.19110226]
 [-0.40957214 -0.73103974  0.61529966 -0.4938907   0.02481696 -0.17835265
  -0.89291869 -0.86735064 -0.95667318 -0.90862692 -0.79944138 -0.72431442]
 [-0.02090492 -0.03686477  0.03255228 -0.02859784  0.00116648 -0.00978649
  -0.28197181 -0.67341261 -0.57833151 -0.71627719 -0.33967219 -0.40253005]
 [-0.06498028 -0.11687817  0.09532737 -0.07158311  0.00413759 -0.0269307
  -0.91725151 -0.54867893 -0.37507925 -0.25937453  0.48302788  0.3663472 ]
 [ 0.79572132 -0.06716661  0.11373437 -0.89291869 -0.28197181 -0.91725151
   0.40241503  0.24265344 -0.79699646  0.64620221  0.09682001 -0.89149285]
 [-0.01045054 -0.13464999 -0.62792457 -0.86735064 -0.67341261 -0.54867893
   0.58329019  0.06848362 -0.13047122  0.27377319  0.12071002  0.00193523]
 [-0.13190801 -0.61784762 -0.42608924 -0.95667318 -0.57833151 -0.37507925
   0.27522037  0.25479141  0.00146102 -0.91245342 -0.41739986 -0.29096232]
 [ 0.64144575  0.99999304 -0.54120369 -0.90862692 -0.71627719 -0.25937453
   0.86246366  0.57714254  0.06443214  0.47575927 -0.69061646 -0.90175666]
 [-0.3302461  -0.36362269 -0.07876308 -0.79944138 -0.33967219  0.48302788
  -0.34556127 -0.93710582 -0.80239837  0.76793313 -0.29200359 -0.6277237 ]
 [ 0.28417636 -0.63391166  0.19110226 -0.72431442 -0.40253005  0.3663472
   0.84408812  0.67639985 -0.27878866 -0.86215463 -0.69501976  0.32434773]]

[[ 0.07936595  0.16327878 -0.06390268 -0.06780504 -0.00964281  0.00159947
   0.10520562 -0.5778726   0.43519887 -0.01546084 -0.37816815  0.64735172]
 [ 0.19399649  0.39188101 -0.17469195 -0.11108703 -0.02195457  0.01492646
   0.01270976 -0.87210805  0.80662858  0.94614401 -0.08190725  0.76105888]
 [ 0.01470992  0.01176979 -0.05917054  0.1272948   0.0023475   0.02849063
  -0.18876818 -0.91527934  0.23100947 -0.61940144  0.24864384 -0.10100094]
 [-0.30012486 -0.56279308  0.38151199 -0.15692014  0.02424544 -0.0893693
   0.7969585   0.81208597  0.02701414  0.86669838 -0.43033021  0.43601705]
 [-0.01651087 -0.03235201  0.0174287   0.00188664  0.0016448  -0.00279596
  -0.74069741 -0.9352212   0.98002023 -0.06206728 -0.60574522 -0.07822007]
 [-0.04523289 -0.08204035  0.06461412 -0.04467684  0.0030325  -0.01770788
  -0.62304415 -0.04905033 -0.72447617  0.51412005 -0.14668784 -0.53514729]
 [ 0.10520562  0.01270976 -0.18876818  0.7969585  -0.74069741 -0.62304415
   0.57570896  0.25737082  0.56179551  0.9308723  -0.3837026  -0.32978209]
 [-0.5778726  -0.87210805 -0.91527934  0.81208597 -0.9352212  -0.04905033
   0.3157284  -0.4753544   0.76865349  0.21111534 -0.19241694 -0.79048005]
 [ 0.43519887  0.80662858  0.23100947  0.02701414  0.98002023 -0.72447617
   0.20770456 -0.02771531  0.06514441 -0.5566125  -0.40537393 -0.79444273]
 [-0.01546084  0.94614401 -0.61940144  0.86669838 -0.06206728  0.51412005
   0.38059843 -0.87668827  0.36172538  0.11774992 -0.38667828 -0.92887585]
 [-0.37816815 -0.08190725  0.24864384 -0.43033021 -0.60574522 -0.14668784
   0.60680063 -0.88378005  0.47299983 -0.50546359  0.66271044  0.08874581]
 [ 0.64735172  0.76105888 -0.10100094  0.43601705 -0.07822007 -0.53514729
   0.72267166  0.98205135  0.90004984 -0.68921644 -0.07252063  0.29128137]]

[[-0.09631714 -0.14767981  0.20672008 -0.29943926  0.0004174  -0.07889167
   0.24956903  0.54231247  0.72418237 -0.66563458 -0.03521454 -0.64024895]
 [-0.15598387 -0.23661459  0.34130585 -0.5042237   0.00010578 -0.13165166
   0.93486102 -0.01817597  0.08601211  0.09835736 -0.00244671 -0.60147428]
 [ 0.18546836  0.29089878 -0.38135794  0.52724073 -0.00226296  0.14196364
   0.86393182  0.9041674  -0.36382054 -0.39660793  0.46856408  0.63469512]
 [-0.23663516 -0.38211189  0.45851702 -0.589802    0.00533783 -0.1644183
  -0.63673292 -0.48971943 -0.2994273   0.80512073  0.11277404  0.14980022]
 [ 0.00227407  0.00291657 -0.00633993  0.01138219  0.00011763  0.00273196
  -0.45428746  0.71796699  0.81406882  0.84386888  0.11349264 -0.19881749]
 [-0.06623126 -0.10543817  0.13219821 -0.17650022  0.00115633 -0.04832115
  -0.55015392 -0.85848993 -0.42752635  0.75043222  0.2036364  -0.89262966]
 [ 0.24956903  0.93486102  0.86393182 -0.63673292 -0.45428746 -0.55015392
  -0.58890891  0.41203047  0.0828331  -0.88637384 -0.44039027  0.79519222]
 [ 0.54231247 -0.01817597  0.9041674  -0.48971943  0.71796699 -0.85848993
  -0.27622337  0.35222113 -0.82751327 -0.38245919 -0.5826524   0.78054363]
 [ 0.72418237  0.08601211 -0.36382054 -0.2994273   0.81406882 -0.42752635
  -0.25466603  0.9814102  -0.51287735  0.42135666  0.54671773 -0.67876328]
 [-0.66563458  0.09835736 -0.39660793  0.80512073  0.84386888  0.75043222
   0.74627166 -0.68765073  0.07528944  0.0612641   0.70256986 -0.54946148]
 [-0.03521454 -0.00244671  0.46856408  0.11277404  0.11349264  0.2036364
  -0.96473389  0.42774339  0.47069606 -0.62700933 -0.45892818  0.16307585]
 [-0.64024895 -0.60147428  0.63469512  0.14980022 -0.19881749 -0.89262966
   0.83090412 -0.23194842 -0.77820642 -0.45500059 -0.6900142  -0.71890652]]

[[ 0.1615439   0.2779541  -0.26926036  0.27333129 -0.00746674  0.08617665
  -0.04595212  0.48053564 -0.84545543 -0.02592165  0.27768678 -0.68042302]
 [ 0.35616896  0.63322987 -0.54144778  0.44833501 -0.02102412  0.15889585
  -0.18020105 -0.10794335  0.21740533 -0.75513479 -0.20904516 -0.21758902]
 [-0.06909331 -0.06667025  0.248786   -0.5117909  -0.0084804  -0.11646156
   0.47147388  0.10443545  0.61139194 -0.83895422  0.06805235  0.11096784]
 [-0.31821224 -0.70181993  0.13550871  0.62857177  0.04920764  0.06549512
   0.2090176   0.96654827 -0.39293075  0.63836952 -0.24723834 -0.7943619 ]
 [-0.02495451 -0.04749857  0.02992005 -0.00772337  0.00217333 -0.00635754
   0.62200087 -0.13729341 -0.72445198 -0.08080257  0.29888196 -0.75408335]
 [-0.03307009 -0.08800555 -0.02448226  0.17929314  0.00848315  0.02978109
   0.11411654  0.37813037  0.42753835  0.52862755 -0.37373406  0.06543408]
 [-0.04595212 -0.18020105  0.47147388  0.2090176   0.62200087  0.11411654
   0.64497615 -0.85939383 -0.89878953  0.62437762 -0.7430142   0.37740568]
 [ 0.48053564 -0.10794335  0.10443545  0.96654827 -0.13729341  0.37813037
  -0.04909305 -0.32843105 -0.71048355 -0.82159348  0.3872218  -0.94756149]
 [-0.84545543  0.21740533  0.61139194 -0.39293075 -0.72445198  0.42753835
  -0.74022411  0.62165184 -0.62680473 -0.95176768 -0.77477089 -0.58419815]
 [-0.02592165 -0.75513479 -0.83895422  0.63836952 -0.08080257  0.52862755
   0.8198455  -0.75721451 -0.94683592 -0.33687715  0.63702151  0.70420637]
 [ 0.27768678 -0.20904516  0.06805235 -0.24723834  0.29888196 -0.37373406
  -0.54377578 -0.9083089  -0.93885533 -0.60026091  0.77071347 -0.56366502]
 [-0.68042302 -0.21758902  0.11096784 -0.7943619  -0.75408335  0.06543408
  -0.7696273   0.31131085  0.32693709  0.39005929  0.75027149  0.88015784]]

[[ 0.13066172  0.28239445 -0.07043653 -0.21437596 -0.01891266 -0.01807913
  -0.6796629   0.20858742 -0.71853571  0.5171697  -0.02235887  0.0872189 ]
 [ 0.26736796  0.56234198 -0.18382652 -0.32136054 -0.03523225 -0.01334687
  -0.91223857 -0.92166868  0.42508704 -0.05950424 -0.01769305 -0.76087827]
 [-0.10889222 -0.27503982 -0.04288609  0.47887444  0.02463688  0.07558615
  -0.01965467  0.96182882  0.60021626 -0.95658887  0.39883935 -0.04328917]
 [-0.10072982 -0.10039509  0.35451654 -0.72194497 -0.01164843 -0.16491169
  -0.04056165  0.11038024 -0.40885366 -0.82987333 -0.77254169  0.36256068]
 [-0.01555294 -0.03014603  0.01725947 -0.00071096  0.00147582 -0.00313531
   0.41196397 -0.33433807 -0.78198868  0.27520776  0.76293081 -0.31628462]
 [ 0.00483032  0.03408733  0.05791527 -0.18677433 -0.00598648 -0.03672181
  -0.36157285  0.26693221 -0.92610677 -0.25422208  0.98416321  0.24247039]
 [-0.6796629  -0.91223857 -0.01965467 -0.04056165  0.41196397 -0.36157285
  -0.03720229  0.08675722 -0.17933102 -0.86956688 -0.64633077 -0.91447236]
 [ 0.20858742 -0.92166868  0.96182882  0.11038024 -0.33433807  0.26693221
  -0.76440002  0.12502468 -0.76849422 -0.4569916   0.62469142 -0.48775351]
 [-0.71853571  0.42508704  0.60021626 -0.40885366 -0.78198868 -0.92610677
  -0.0019373  -0.1948688   0.25894388  0.92929812 -0.02229137  0.06135693]
 [ 0.5171697  -0.05950424 -0.95658887 -0.82987333  0.27520776 -0.25422208
  -0.16229824 -0.10331319 -0.38289071  0.86246149 -0.44500364  0.82860475]
 [-0.02235887 -0.01769305  0.39883935 -0.77254169  0.76293081  0.98416321
   0.03506236  0.4072058  -0.46962848  0.93137124 -0.72872539  0.62063446]
 [ 0.0872189  -0.76087827 -0.04328917  0.36256068 -0.31628462  0.24247039
   0.9935934  -0.53784917 -0.45300497  0.10425335  0.63362951 -0.84513703]]

[[-0.02868159 -0.04992815  0.0463263  -0.04415531  0.001455   -0.01441869
   0.00763877  0.96972427 -0.84795948  0.70382717  0.93175277  0.17182404]
 [-0.04692217 -0.0905837   0.05300427 -0.00490404  0.00437088 -0.01001522
  -0.30226225  0.57704746 -0.41272451  0.45297551 -0.64420896  0.56653354]
 [ 0.05401916  0.07125102 -0.14556025  0.25547984  0.00235385  0.06189301
  -0.52574765  0.76704643  0.170904   -0.29007092  0.17631933  0.08289745]
 [-0.06688964 -0.04910704  0.280357   -0.61221732 -0.01166139 -0.13628216
  -0.14807453 -0.95021716  0.13017566  0.42753966 -0.67338769 -0.61008272]
 [ 0.0007829   0.00335341  0.00382967 -0.01384937 -0.00048478 -0.00264123
  -0.17681789 -0.00120267 -0.1771121   0.9256292   0.40761681 -0.3795865 ]
 [-0.01900161 -0.01950419  0.06542798 -0.13190865 -0.00207086 -0.03024633
   0.3339385  -0.54228021 -0.33616682  0.72923612 -0.54321362 -0.94490421]
 [ 0.00763877 -0.30226225 -0.52574765 -0.14807453 -0.17681789  0.3339385
   0.11444735  0.45460695 -0.33977531  0.2637715   0.81491149 -0.94156078]
 [ 0.96972427  0.57704746  0.76704643 -0.95021716 -0.00120267 -0.54228021
  -0.57207827 -0.94781962  0.45140868  0.49747943 -0.91718847 -0.40283752]
 [-0.84795948 -0.41272451  0.170904    0.13017566 -0.1771121  -0.33616682
   0.81315261 -0.99823174  0.41727501 -0.75452588  0.85606885 -0.96325943]
 [ 0.70382717  0.45297551 -0.29007092  0.42753966  0.9256292   0.72923612
  -0.97930786 -0.09629115 -0.74414179 -0.14016317  0.47507041  0.48589672]
 [ 0.93175277 -0.64420896  0.17631933 -0.67338769  0.40761681 -0.54321362
  -0.43810216 -0.51018526  0.92536536  0.41817342 -0.41647505 -0.83261181]
 [ 0.17182404  0.56653354  0.08289745 -0.61008272 -0.3795865  -0.94490421
   0.6780617  -0.92989946 -0.41038307 -0.7332711  -0.96296333  0.03021341]]

[[ 0.13309686  0.23317275 -0.21118616  0.19369951 -0.00708311  0.06465153
  -0.38125544  0.19333442 -0.00607653  0.28494198 -0.65685859 -0.05767157]
 [ 0.3067477   0.55421727 -0.4436609   0.31916876 -0.02008628  0.12335037
   0.24222002  0.29060983  0.70839062 -0.27022608 -0.83221042 -0.54228746]
 [-0.02289357  0.00295151  0.14652137 -0.358974   -0.00840902 -0.07676819
   0.41409901 -0.20622185  0.7518215   0.87080506 -0.10718737  0.3278396 ]
 [-0.36275203 -0.76275583  0.24992602  0.43447277  0.04775608  0.0177992
  -0.23476641  0.38967857 -0.23254717  0.86883064  0.81413457 -0.61782766]
 [-0.02353345 -0.04499019  0.02771341 -0.00579763  0.0020935  -0.00569596
   0.41557149 -0.16143549 -0.67702037 -0.63691033  0.55182675  0.19662355]
 [-0.04752117 -0.10890416  0.00975464  0.12484641  0.00826433  0.01602538
  -0.04302866  0.73751945  0.54320168  0.3130258   0.1944735  -0.91222234]
 [-0.38125544  0.24222002  0.41409901 -0.23476641  0.41557149 -0.04302866
   0.90024694 -0.57102252  0.69378135 -0.65413863  0.1185992   0.14210244]
 [ 0.19333442  0.29060983 -0.20622185  0.38967857 -0.16143549  0.73751945
   0.58102308  0.36760081 -0.65342248 -0.28082304 -0.38127167 -0.6531562 ]
 [-0.00607653  0.70839062  0.7518215  -0.23254717 -0.67702037  0.54320168
  -0.98719095 -0.5317722   0.91153346 -0.18449645 -0.09145874  0.00258084]
 [ 0.28494198 -0.27022608  0.87080506  0.86883064 -0.63691033  0.3130258
  -0.64453688  0.44047232 -0.90368896 -0.83176069  0.03523296 -0.45992823]
 [-0.65685859 -0.83221042 -0.10718737  0.81413457  0.55182675  0.1944735
   0.77015983 -0.99986735  0.08726438  0.21201889 -0.59094492  0.59270341]
 [-0.05767157 -0.54228746  0.3278396  -0.61782766  0.19662355 -0.91222234
   0.84172812 -0.81503918 -0.11590002 -0.54086223 -0.30035218 -0.22685519]]

[[ 0.01213936  0.05230316  0.06016598 -0.21706169 -0.00758529 -0.04142124
  -0.37213516  0.09930707  0.83631726  0.39951571 -0.53672057  0.17810536]
 [ 0.0537955   0.15664698  0.07434222 -0.39366355 -0.01681521 -0.06900806
   0.98828198 -0.03521912  0.77007691 -0.49399407  0.2969163  -0.00017064]
 [ 0.06398516  0.08340098 -0.17496149  0.31013979  0.00301062  0.07482889
   0.13112988 -0.04827087  0.25373401  0.07505765 -0.00072822  0.15947491]
 [-0.22834834 -0.4156085   0.32249027 -0.21460694  0.01563217 -0.08719015
  -0.96662765 -0.323085   -0.18830182 -0.51460846 -0.21511544 -0.4694893 ]
 [-0.00791896 -0.01732034  0.0037433   0.01454592  0.00119215  0.00140884
   0.64112355 -0.7593778   0.15830638  0.01216703  0.76859399  0.78902277]
 [-0.04369646 -0.07371894  0.07658385 -0.08501888  0.001692   -0.02554469
  -0.46775831 -0.73995484 -0.96872799 -0.78661547  0.91115986  0.87655988]
 [-0.37213516  0.98828198  0.13112988 -0.96662765  0.64112355 -0.46775831
   0.22693321  0.1410812  -0.345883   -0.09075725  0.34631333  0.24393071]
 [ 0.09930707 -0.03521912 -0.04827087 -0.323085   -0.7593778  -0.73995484
  -0.40682508 -0.16070638 -0.13218355 -0.36870704  0.02673099 -0.64313211]
 [ 0.83631726  0.77007691  0.25373401 -0.18830182  0.15830638 -0.96872799
  -0.92787042 -0.71110316 -0.94255918  0.88007015 -0.09719996 -0.59724778]
 [ 0.39951571 -0.49399407  0.07505765 -0.51460846  0.01216703 -0.78661547
  -0.98815352  0.95580753  0.04776078  0.29764979 -0.88370598 -0.38781876]
 [-0.53672057  0.2969163  -0.00072822 -0.21511544  0.76859399  0.91115986
  -0.05266419  0.25336629 -0.85874805 -0.47247618  0.99610715  0.4225321 ]
 [ 0.17810536 -0.00017064  0.15947491 -0.4694893   0.78902277  0.87655988
  -0.65044198  0.6955315  -0.11680585 -0.43289283  0.43028676 -0.17924285]]

[[ 0.01068088  0.05010347  0.06338979 -0.22187242 -0.00758714 -0.04267159
  -0.8753176   0.65256605 -0.73942305  0.94484788 -0.7198475  -0.30344491]
 [ 0.01953701  0.09343318  0.12052068 -0.41934739 -0.01427741 -0.08077603
   0.88584245  0.57187331  0.00272147  0.73385394  0.08712833  0.86560257]
 [-0.01483572 -0.06502292 -0.07635096  0.27361182  0.00951658  0.05230223
   0.11424489  0.83189907  0.57690174  0.25131847  0.40585678 -0.82198791]
 [ 0.00930345  0.03013446  0.02064641 -0.09110076 -0.00358858 -0.01657486
  -0.75744084 -0.86495417  0.83679846  0.26862647 -0.74257045  0.73361785]
 [-0.00075291 -0.00393117 -0.00549036  0.01866012  0.00062411  0.00361677
   0.37012556 -0.00688761  0.43559087 -0.50029609  0.79538114  0.44699237]
 [ 0.00393017  0.01571332  0.01635661 -0.06104726 -0.00218298 -0.01155019
   0.26448923 -0.87185896  0.31614869 -0.74120239  0.30510573  0.6955569 ]
 [-0.8753176   0.88584245  0.11424489 -0.75744084  0.37012556  0.26448923
  -0.58056966  0.08557723  0.5201718   0.74610438  0.45277371 -0.17958916]
 [ 0.65256605  0.57187331  0.83189907 -0.86495417 -0.00688761 -0.87185896
  -0.51067035 -0.18412633  0.42857647 -0.08464413 -0.64483967  0.40463222]
 [-0.73942305  0.00272147  0.57690174  0.83679846  0.43559087  0.31614869
  -0.62110572 -0.80152699  0.03327977  0.24658184 -0.89223523 -0.8838787 ]
 [ 0.94484788  0.73385394  0.25131847  0.26862647 -0.50029609 -0.74120239
  -0.43925386  0.28980128  0.59669331  0.25383155 -0.2479202  -0.51952531]
 [-0.7198475   0.08712833  0.40585678 -0.74257045  0.79538114  0.30510573
  -0.43140378  0.32155132 -0.37996374  0.63552167 -0.04262025 -0.95894938]
 [-0.30344491  0.86560257 -0.82198791  0.73361785  0.44699237  0.6955569
   0.81339588 -0.18665656  0.00110509 -0.10016327 -0.59906456  0.21704293]]

[[-0.13855381 -0.29407211  0.08845744  0.18664111  0.01885228  0.01096994
   0.44431508  0.43823441 -0.33174188  0.18513647 -0.3458079   0.07998132]
 [-0.29686248 -0.62474873  0.20315221  0.35962757  0.03920213  0.01538696
   0.15802564  0.57040971  0.08998492 -0.57397891 -0.22176841 -0.77676984]
 [ 0.08131636  0.18621425 -0.01704568 -0.21258638 -0.01411068 -0.02721117
   0.96344653  0.8642252   0.69489394  0.44093356 -0.93236176  0.48899638]
 [ 0.20774477  0.40066003 -0.23567917  0.02468626 -0.01926386  0.04494124
  -0.30338779  0.55754894  0.41045539 -0.90275184  0.53614099 -0.09045415]
 [ 0.01947617  0.04014662 -0.01548064 -0.01723282 -0.00238387  0.00027283
   0.23380727 -0.4217021  -0.32058122  0.00838586 -0.32175911 -0.17594934]
 [ 0.01522414  0.02419531 -0.03049259  0.04088143 -0.00025662  0.01116985
  -0.49201445  0.85032662 -0.43716321 -0.8927196  -0.26720908  0.73828253]
 [ 0.44431508  0.15802564  0.96344653 -0.30338779  0.23380727 -0.49201445
  -0.16496818 -0.66166528  0.71863075 -0.34840223  0.40677004  0.67572588]
 [ 0.43823441  0.57040971  0.8642252   0.55754894 -0.4217021   0.85032662
  -0.32105458 -0.54167871 -0.29507158 -0.18759336  0.38100994 -0.04958609]
 [-0.33174188  0.08998492  0.69489394  0.41045539 -0.32058122 -0.43716321
   0.51135055  0.07365284  0.88965737 -0.82316207 -0.15652918  0.18107222]
 [ 0.18513647 -0.57397891  0.44093356 -0.90275184  0.00838586 -0.8927196
  -0.48886193 -0.54128772  0.3958302  -0.884755   -0.93101853 -0.14166395]
 [-0.3458079  -0.22176841 -0.93236176  0.53614099 -0.32175911 -0.26720908
   0.0549554   0.82379523  0.56352407  0.43622689 -0.37445284  0.70876507]
 [ 0.07998132 -0.77676984  0.48899638 -0.09045415 -0.17594934  0.73828253
   0.82048295  0.07909906 -0.69752882 -0.89461222  0.18253065 -0.95347954]]

[[-0.00266894  0.0266338   0.08436199 -0.24067991 -0.00685834 -0.04903108
  -0.64286246 -0.73508889  0.55434342  0.12411963  0.41635591  0.10763342]
 [-0.03786861 -0.00381375  0.22010878 -0.52801691 -0.0119652  -0.11372565
  -0.66194839  0.86409244  0.32719014  0.60481833 -0.38244325 -0.83259448]
 [-0.08071222 -0.17143181  0.05120953  0.10967001  0.01101003  0.00658092
  -0.28204256  0.51224888  0.52383265 -0.27818779 -0.38281924  0.92683959]
 [ 0.24715553  0.42049545 -0.42414649  0.45420776 -0.01035889  0.13910829
   0.92450801 -0.83504636 -0.99366516 -0.60901013 -0.58830187 -0.9906095 ]
 [ 0.00756351  0.00986781 -0.02065814  0.03659111  0.00035382  0.00883127
  -0.29080854  0.88241668  0.339029    0.97200058  0.38006833 -0.44496518]
 [ 0.0493096   0.08988956 -0.06927277  0.04526108 -0.00340758  0.01860991
  -0.59950686 -0.57734478  0.62464694  0.35870514 -0.48192567 -0.96914575]
 [-0.64286246 -0.66194839 -0.28204256  0.92450801 -0.29080854 -0.59950686
   0.81648649  0.38142996  0.77345316 -0.58783242  0.04608939  0.81618753]
 [-0.73508889  0.86409244  0.51224888 -0.83504636  0.88241668 -0.57734478
  -0.48585425 -0.04437619  0.73646819 -0.09109875  0.1718134   0.43084865]
 [ 0.55434342  0.32719014  0.52383265 -0.99366516  0.339029    0.62464694
  -0.75918426  0.73053675 -0.1507935   0.63766239 -0.55539875  0.77443249]
 [ 0.12411963  0.60481833 -0.27818779 -0.60901013  0.97200058  0.35870514
   0.21172239  0.59894042  0.99176204 -0.06489245 -0.13765617  0.25359222]
 [ 0.41635591 -0.38244325 -0.38281924 -0.58830187  0.38006833 -0.48192567
   0.77193413 -0.77646107 -0.31745114 -0.97600242 -0.67114098  0.76910936]
 [ 0.10763342 -0.83259448  0.92683959 -0.9906095  -0.44496518 -0.96914575
  -0.7961652  -0.32126869 -0.35656109 -0.28115175 -0.01369318  0.34301348]]

[[ 0.06141447  0.14460798 -0.0027163  -0.19057458 -0.01154456 -0.02660253
  -0.94059769 -0.26219208 -0.45143989  0.12959594 -0.56271211 -0.54468083]
 [ 0.12231438  0.29724742  0.01824485 -0.44945797 -0.02505902 -0.06707412
   0.80811657 -0.03904279  0.37568778  0.90953576 -0.08482833 -0.49953713]
 [-0.05976996 -0.1170811   0.06318051  0.00656976  0.00594657 -0.01017386
  -0.84272717  0.52719731 -0.36038896 -0.2962363  -0.67449737 -0.4363269 ]
 [-0.02196679 -0.12162904 -0.1779302   0.59686426  0.01975918  0.11609347
  -0.08023054 -0.44871475  0.73186168 -0.48877226 -0.24111996 -0.5832718 ]
 [-0.00656002 -0.017513   -0.00499872  0.03598624  0.00169521  0.00599233
  -0.21188597  0.94156623 -0.19449564 -0.56978071 -0.99705533  0.84782497]
 [ 0.0073864   0.00330024 -0.03639074  0.08365759  0.00176229  0.01828513
   0.1362096  -0.65071537 -0.20680883 -0.01663032 -0.71544281 -0.05803115]
 [-0.94059769  0.80811657 -0.84272717 -0.08023054 -0.21188597  0.1362096
  -0.37714028 -0.83278515  0.62688009 -0.46831593 -0.17598301 -0.82376557]
 [-0.26219208 -0.03904279  0.52719731 -0.44871475  0.94156623 -0.65071537
  -0.68820606 -0.23412938 -0.74278637  0.18458879  0.82158866 -0.46657852]
 [-0.45143989  0.37568778 -0.36038896  0.73186168 -0.19449564 -0.20680883
  -0.03475032 -0.82594564 -0.48381426 -0.13650488  0.1399829   0.44200724]
 [ 0.12959594  0.90953576 -0.2962363  -0.48877226 -0.56978071 -0.01663032
  -0.60188635 -0.81061563  0.08466975  0.83813763 -0.78506937 -0.52155459]
 [-0.56271211 -0.08482833 -0.67449737 -0.24111996 -0.99705533 -0.71544281
  -0.36933932  0.85066972  0.50283871  0.03459356 -0.03524162 -0.24641391]
 [-0.54468083 -0.49953713 -0.4363269  -0.5832718   0.84782497 -0.05803115
  -0.36097979  0.03229231  0.63917719 -0.73110985  0.10179568  0.92076811]]
