A: 
[[ 0.23003504  0.46575103 -0.5313933   0.20049713 -0.33781229  0.79183311
   0.72449004  0.30099323  0.2583527  -0.70375247  0.46167636 -0.2581314 ]
 [ 0.6634432  -0.43358181  0.41349768 -0.26184145  0.7548162  -0.11591878
  -0.30260653 -0.41627508  0.33292639 -0.59817438 -0.66751752 -0.27054305]
 [-0.50539194  0.25334766  0.16191583  0.49730598  0.03575056 -0.38927668
  -0.20569789  0.63122269 -0.03760361 -0.03543622  0.66683687 -0.67921003]
 [ 0.02075203  0.60740939 -0.7811569  -0.02968354 -0.16281912  0.28248597
  -0.45926842  0.49202452 -0.14059486 -0.10082759  0.03926334  0.91417603]
 [-0.4530856  -0.08888762  0.12458564  0.0622435  -0.29516003  0.16245599
   1.31737793  0.16038342  0.0520435   0.45517257 -0.57393426 -0.21285452]
 [-0.08533405 -0.1164166   0.32586602  0.18778664  0.05728004 -0.57676427
  -1.16200938 -0.20364631 -0.45065058 -0.14118047  0.81595944 -0.96091648]
 [-0.55425084  0.16888919 -0.40524407 -0.14277061 -0.73442288 -0.14282833
  -0.4025257  -0.09483157 -0.95155081  0.74596847 -0.95547262 -0.86298518]
 [ 0.0591835   0.6242556  -0.88581067 -0.29525553  0.30950757  0.08793638
  -0.71836272  0.75184955 -0.82872968  0.67342989 -0.02007747 -0.4988026 ]
 [-0.22072981 -0.37702073  0.35891727 -0.24013322  0.19206154 -0.68894993
  -0.78062081 -0.32199514  0.09299006 -0.02801494  0.08667885  0.70384377]
 [ 0.59291953  0.2843416  -0.06050253  0.40461459  0.23903073  0.49945286
   0.13255219  0.22937924  0.64018969 -0.03172743 -0.31831751  0.83357035]] 
x segnato:[[-0.7045998 ]
 [ 0.12927447]
 [ 0.29285282]
 [-0.45979737]
 [-0.60170137]
 [ 0.23973366]
 [ 0.9808058 ]
 [-0.26144677]
 [ 0.        ]
 [ 0.        ]
 [ 0.        ]
 [ 0.        ]]
Matrici Hi 

[[ 0.19202108 -0.07184411  0.39413802  0.39902597  0.14323469  0.0155027
   0.08928675 -0.02635345  0.51491739 -0.24194025  0.93242198 -0.9450444 ]
 [-0.25580623 -0.05392627  0.07368137  0.01608659 -0.10700757  0.10317404
   0.84449371  0.14214391  0.68963545  0.02947595 -0.26541414 -0.12271919]
 [ 0.33560178  0.25754173 -0.17995446  0.07239237  0.43077549 -0.05238151
  -0.80687191  0.29258861  0.32406592 -0.81665796  0.22077498 -0.84690523]
 [ 0.09477643  0.37709453 -0.25181529  0.22580485  0.1668236   0.24521033
   0.1589768   0.54923082 -0.07839368  0.12970748  0.01456311  0.23126536]
 [-0.0562779  -0.41147415  0.63704392 -0.0878722   0.84389939 -0.4935049
   0.31424667  0.19933312 -0.05040339 -0.27934656  0.22692321 -0.41716231]
 [-0.03792939  0.01757026  0.19466496  0.29077386 -0.03049371  0.00894825
   0.17410558  0.08309647  0.56712918 -0.50484088  0.1948488   0.51719768]
 [-0.11828673 -0.00509311  0.20279714 -0.05159259  0.82907498 -0.64705905
  -0.70161397  0.53403706  0.20367703  0.3484486  -0.54823423  0.24353671]
 [-0.44881407 -0.26785597  0.31430302 -0.25093852  0.54685167 -0.31302077
   1.04875212  0.47085776 -0.19782855  0.54709404 -0.40664752 -0.83784042]
 [ 0.51491739  0.68963545  0.32406592 -0.07839368 -0.05040339  0.56712918
   0.20367703 -0.19782855 -0.35365663 -0.31622086 -0.2957722  -0.95491103]
 [-0.24194025  0.02947595 -0.81665796  0.12970748 -0.27934656 -0.50484088
   0.3484486   0.54709404 -0.75698954 -0.06903274  0.74020258  0.83538978]
 [ 0.93242198 -0.26541414  0.22077498  0.01456311  0.22692321  0.1948488
  -0.54823423 -0.40664752  0.07311054 -0.22587805  0.57109206  0.31695733]
 [-0.9450444  -0.12271919 -0.84690523  0.23126536 -0.41716231  0.51719768
   0.24353671 -0.83784042  0.1335657   0.05114851  0.02063015  0.8123859 ]]

[[-0.07079871 -0.21351588  0.34928177  0.15063318 -0.09564785 -0.0518479
   0.32697068 -0.2023151   0.53811643 -0.99469577  0.92648113  0.10244515]
 [-0.36441815  0.11895653 -0.36805683 -0.20862402 -0.48076653  0.05126318
   0.10104077 -0.00842638  0.56432118  0.73976324  0.30505718  0.73461409]
 [ 0.38094636  0.24355712 -0.19398703  0.07558614  0.37881559  0.2824599
   0.0456404   0.34827894 -0.53103022 -0.29962375  0.05868608  0.28779344]
 [-0.14175708  0.49921824 -0.743612   -0.15789108 -0.1908804   0.35827208
   0.21908317  0.53133367 -0.63527214  0.71254581 -0.83465195 -0.90786727]
 [ 0.23220292 -0.112914   -0.05595139 -0.14057724 -0.18542257  0.27161637
   0.20561079 -0.37787803  0.010028    0.02995136  0.87625945 -0.72283185]
 [-0.04839021 -0.19922752  0.24169525 -0.02609198  0.08721718 -0.09032481
   0.27238732 -0.09900792 -0.41809813  0.74533572 -0.30821641 -0.465005  ]
 [ 0.84578728 -0.22921548  0.17908529 -0.28338558  0.99535308  0.23384697
   0.24362887 -0.03166202  0.66550551  0.11834165 -0.63045243  0.35655121]
 [-0.0964444   0.20251674 -0.72274173 -0.48824245 -0.49492495  0.3620075
   0.14141554 -0.10301676 -0.69259663  0.32100305 -0.03201512 -0.42056975]
 [ 0.53811643  0.56432118 -0.53103022 -0.63527214  0.010028   -0.41809813
   0.66550551 -0.69259663 -0.82050249 -0.0021869   0.95288078  0.21316126]
 [-0.99469577  0.73976324 -0.29962375  0.71254581  0.02995136  0.74533572
   0.11834165  0.32100305  0.52873637  0.85150644 -0.59974768  0.51719447]
 [ 0.92648113  0.30505718  0.05868608 -0.83465195  0.87625945 -0.30821641
  -0.63045243 -0.03201512  0.92542159  0.08916469 -0.28543825 -0.67447637]
 [ 0.10244515  0.73461409  0.28779344 -0.90786727 -0.72283185 -0.465005
   0.35655121 -0.42056975 -0.02557204 -0.6167597  -0.89943837  0.22483103]]

[[-0.50706175  0.30673067 -0.29198042  0.0241874  -0.02801826  0.08476815
   0.81913485  0.75084346 -0.61791786  0.9829145  -0.91587335  0.33349002]
 [ 0.33558884  0.12053446 -0.35312472 -0.15678192 -0.17842345  0.35501524
  -0.17717919 -0.2265003  -0.44773698 -0.39541452 -0.36667697 -0.41644558]
 [ 0.09992807 -0.06079985  0.28353604  0.37210227 -0.2349486   0.0177634
  -0.16953161 -0.27423167  0.36263525 -0.20638339  0.35492129  0.45150033]
 [ 0.74804701  0.05219081 -0.16756783  0.17077471 -0.51387228  0.69713435
  -0.20295561 -0.74113459 -0.88572763  0.52640001  0.40080867  0.25271258]
 [-0.5624208   0.34118245 -0.17610423  0.26668371 -0.24662963 -0.31023299
  -0.42746666  0.50021905 -0.30830874 -0.56418272  0.1621606   0.42819224]
 [-0.04213315  0.10437546 -0.1583692  -0.05523669  0.04942674  0.25418216
   0.69537603  0.28104369 -0.04508165 -0.92487382  0.71818908  0.28872951]
 [ 0.09953731 -0.15807733  0.50600112  0.43814481  0.00001724 -0.09652745
  -0.03699216 -0.18940384  0.68433996  0.31183205  0.70606969 -0.8173617 ]
 [ 0.37993777  0.18793216 -0.30474638  0.08620778 -0.42685623  0.20834063
  -1.00254064 -0.45095042  0.10400155  0.56751757 -0.03401029 -0.10361405]
 [-0.61791786 -0.44773698  0.36263525 -0.88572763 -0.30830874 -0.04508165
   0.68433996  0.10400155  0.76812125 -0.20346805 -0.58291764 -0.09505686]
 [ 0.9829145  -0.39541452 -0.20638339  0.52640001 -0.56418272 -0.92487382
   0.31183205  0.56751757 -0.05915454  0.69852813  0.74337976 -0.35892377]
 [-0.91587335 -0.36667697  0.35492129  0.40080867  0.1621606   0.71818908
   0.70606969 -0.03401029  0.11366883  0.95942832  0.74297816 -0.78160279]
 [ 0.33349002 -0.41644558  0.45150033  0.25271258  0.42819224  0.28872951
  -0.8173617  -0.10361405 -0.57723045  0.56052532 -0.18915747  0.23565256]]

[[-0.59385753 -0.04659309 -0.6156315  -0.77484722 -0.69742728 -0.16160493
  -0.23876023 -0.34472789 -0.48337383  0.13684062 -0.91091826  0.67318404]
 [-0.06424097 -0.1905236   0.23232937  0.01643618 -0.04772766 -0.05479783
   0.25991763 -0.17269537 -0.49344442 -0.4307281   0.52014373  0.96978157]
 [ 0.61900614  0.25932638 -0.42411725 -0.11287477  0.23221136  0.49122623
  -0.14470234  0.0738682   0.27455739  0.05130212 -0.44702461 -0.82229683]
 [ 0.73777446  0.10729767 -0.23066563 -0.12101358  0.39235973  0.51151611
   0.09631724 -0.01689374 -0.96170953  0.54709876  0.35960225  0.02672995]
 [-0.42533161 -0.19563111 -0.27933575 -0.45195157 -0.90812045  0.08790748
   0.28154715 -0.63931408 -0.4401581  -0.85461926  0.00495362 -0.40714274]
 [-0.48966439  0.05158749 -0.32340316 -0.33113339 -0.3214487  -0.10853515
   0.15180995  0.09171863  0.61661651 -0.08523555 -0.34750988 -0.4178748 ]
 [-0.18670422  0.40397735 -0.42117931  0.12764119 -0.20331287  0.46036789
   0.89587325  0.58046524 -0.10378127  0.38562926  0.44096806  0.24630619]
 [ 0.0226793  -0.25403278  0.32239045  0.14267125 -0.28787733  0.22676617
   0.78589495 -0.36726546 -0.3869311   0.87350722 -0.5137936  -0.60417148]
 [-0.48337383 -0.49344442  0.27455739 -0.96170953 -0.4401581   0.61661651
  -0.10378127 -0.3869311  -0.95855804 -0.2113821   0.14032381 -0.23673412]
 [ 0.13684062 -0.4307281   0.05130212  0.54709876 -0.85461926 -0.08523555
   0.38562926  0.87350722  0.53307879  0.15850177  0.66037244  0.15227593]
 [-0.91091826  0.52014373 -0.44702461  0.35960225  0.00495362 -0.34750988
   0.44096806 -0.5137936   0.74302055 -0.21158683  0.19831542 -0.62035344]
 [ 0.67318404  0.96978157 -0.82229683  0.02672995 -0.40714274 -0.4178748
   0.24630619 -0.60417148  0.1972894  -0.65330958 -0.19128883 -0.54530998]]

[[ 0.21819439  0.52424671 -0.50753722  0.06080151  0.39710829  0.25627979
  -0.14074564  0.74391398 -0.77475878 -0.82137554  0.27456299 -0.30558606]
 [-0.10039126  0.17021302 -0.35205031 -0.21087635 -0.03212094 -0.00581256
  -0.21959244  0.16858412  0.13667764 -0.02221585  0.03999765 -0.35028605]
 [ 0.13744429  0.10268923  0.1429317   0.40264378 -0.07720731  0.14710786
   0.04400831  0.04107651  0.42598333  0.31421099  0.79778156  0.97868211]
 [ 0.17148162  0.40990818 -0.21531654  0.38916986 -0.00961943  0.21384223
  -0.29050201  0.36727349  0.44702079 -0.51277008  0.36676982  0.63679924]
 [-0.30786572  0.26832121 -0.74082649 -0.54642945 -0.20956834  0.09865741
   0.02243137  0.2693368  -0.98492886 -0.75089402 -0.21645747 -0.27054585]
 [ 0.26143899  0.23766889 -0.23224436  0.02132718  0.30830841  0.3114832
   0.29916219  0.39244491  0.42168059  0.98738684 -0.97469811  0.50916672]
 [ 0.18233449 -0.25522577  0.0870524  -0.16743476 -0.1584828   0.57249221
   1.46661352 -0.29845133  0.96290252  0.17191111 -0.9034469   0.02844092]
 [-0.40790542  0.09823812 -0.65426366 -0.64280604 -0.43729424  0.03424091
   0.03923958 -0.03966122 -0.91035987  0.67333065  0.57315792  0.86169636]
 [-0.77475878  0.13667764  0.42598333  0.44702079 -0.98492886  0.42168059
   0.96290252 -0.91035987  0.70630452 -0.09892504 -0.19455145  0.32747148]
 [-0.82137554 -0.02221585  0.31421099 -0.51277008 -0.75089402  0.98738684
   0.17191111  0.67333065  0.00311254 -0.64426566 -0.74151308 -0.7133364 ]
 [ 0.27456299  0.03999765  0.79778156  0.36676982 -0.21645747 -0.97469811
  -0.9034469   0.57315792 -0.98109102  0.15029517  0.91799994  0.24152718]
 [-0.30558606 -0.35028605  0.97868211  0.63679924 -0.27054585  0.50916672
   0.02844092  0.86169636  0.77726632 -0.62224479 -0.13676749  0.77884114]]

[[ 0.11337148  0.10554349 -0.43744651 -0.48815983  0.27684766 -0.00308533
  -0.33785017  0.14011737  0.46229992  0.63174912  0.39654852  0.81556079]
 [ 0.22738477  0.10224062 -0.07666414 -0.03758522  0.43341948  0.10371419
   0.11317626  0.30919463 -0.96194473 -0.66872693  0.18403174  0.74543079]
 [-0.20910049 -0.04728521 -0.09303628 -0.24399688  0.01341631 -0.18873705
  -0.10710149  0.02728493  0.17751233  0.57505938  0.12852591  0.6392188 ]
 [ 0.27507692  0.05990492 -0.21999585 -0.39792202  0.77962698  0.03793926
   0.12692866  0.43758956 -0.35564944  0.87352619 -0.6058833  -0.10702756]
 [-0.55211433  0.15702241 -0.33530044 -0.26166921 -0.15432516 -0.38155351
  -0.47235358  0.27711913 -0.5995076   0.92817045  0.93207681  0.03566839]
 [ 0.23095193 -0.04029357 -0.25853093 -0.37238252  0.03717104  0.1842494
  -0.01982213 -0.19974367  0.65700351 -0.18733545 -0.41395961  0.75924382]
 [-0.47655744 -0.31903813 -0.15150758 -0.43660084 -1.07766208 -0.0529819
   0.00206704 -0.91405951  0.17807029 -0.82931152 -0.44114991 -0.98244522]
 [-0.23757916  0.12596252 -0.12860413 -0.06942198  0.15580837 -0.15439171
   0.0015619   0.38155385  0.96176352  0.47839594 -0.74162764  0.48276366]
 [ 0.46229992 -0.96194473  0.17751233 -0.35564944 -0.5995076   0.65700351
   0.17807029  0.96176352  0.70556301  0.46563647  0.74808319 -0.20447002]
 [ 0.63174912 -0.66872693  0.57505938  0.87352619  0.92817045 -0.18733545
  -0.82931152  0.47839594  0.07048064 -0.93832534 -0.57319327 -0.54704015]
 [ 0.39654852  0.18403174  0.12852591 -0.6058833   0.93207681 -0.41395961
  -0.44114991 -0.74162764 -0.04800328 -0.43370121 -0.79433336  0.0312683 ]
 [ 0.81556079  0.74543079  0.6392188  -0.10702756  0.03566839  0.75924382
  -0.98244522  0.48276366  0.81535012  0.4424724   0.05783456 -0.05031518]]

[[-0.09098659 -0.18709383  0.17568678  0.01039275 -0.2260692   0.1546858
   0.72154725 -0.20854282 -0.19830828  0.38606467  0.80601252  0.00641318]
 [ 0.07082405 -0.24989536  0.080438   -0.39239632  0.35378923 -0.22797611
  -0.16399986 -0.1488471  -0.20928045  0.27756127 -0.21851076  0.81652056]
 [ 0.06423594 -0.01507589  0.28823374  0.35276407  0.10387097  0.23846328
   0.8646701   0.19938296 -0.44546094 -0.19619443  0.70374317  0.11248134]
 [ 0.1787205  -0.37724319  0.40955469 -0.17049152  0.52289996  0.04383496
   0.91296363 -0.03913769  0.07105875  0.69705517 -0.30938376  0.1190448 ]
 [-0.00237487 -0.1872579   0.39598258  0.11376583  0.36707149 -0.16337133
   0.32110742  0.11235196  0.98368028 -0.88056177  0.12035774 -0.17877502]
 [-0.05830088 -0.00887534 -0.04134532  0.00679611 -0.25496657  0.08867165
   0.11327043 -0.13965678 -0.93837695 -0.02874668  0.67979446  0.85153284]
 [-0.01611597  0.43150965 -0.00703376  0.72767066 -0.20377422  0.1428185
  -0.19709821  0.41681356 -0.10352491 -0.12830045 -0.13869998 -0.87323498]
 [ 0.15049747 -0.29153962  0.32307103 -0.28085741  0.8265797  -0.43710765
  -0.28787436  0.0885589   0.3232546   0.91537426 -0.24239168  0.19494066]
 [-0.19830828 -0.20928045 -0.44546094  0.07105875  0.98368028 -0.93837695
  -0.10352491  0.3232546  -0.85318989  0.92130097 -0.19631129  0.87920099]
 [ 0.38606467  0.27756127 -0.19619443  0.69705517 -0.88056177 -0.02874668
  -0.12830045  0.91537426 -0.16056695  0.19728966  0.13370942  0.31374679]
 [ 0.80601252 -0.21851076  0.70374317 -0.30938376  0.12035774  0.67979446
  -0.13869998 -0.24239168  0.37170146  0.55979463  0.7716802  -0.67269011]
 [ 0.00641318  0.81652056  0.11248134  0.1190448  -0.17877502  0.85153284
  -0.87323498  0.19494066 -0.3743097   0.87124666  0.21396853 -0.6384627 ]]

[[ 0.02335169  0.09874894  0.09304138  0.28436515  0.01063328  0.1208491
   0.27396042  0.18537775 -0.90264595 -0.49246166  0.19806378  0.18774052]
 [ 0.16194438  0.20901877 -0.19275875 -0.05359102  0.4732121   0.02987782
  -0.10490169  0.46063365 -0.32315223  0.80802607 -0.58436493 -0.53738362]
 [-0.36101093 -0.17505759 -0.10369203 -0.22104651 -0.78950392 -0.03764102
  -0.02569912 -0.58785802  0.70505409  0.9483883  -0.4060585  -0.04919724]
 [-0.2078708   0.08296017 -0.4890296  -0.51966953 -0.12195568 -0.0564346
  -0.22325721  0.02731169 -0.57118141  0.48549139 -0.90324783  0.78163031]
 [-0.0344864   0.1075238   0.15638002  0.55472023 -0.54754864  0.25924894
   0.26903636 -0.13603177  0.94676664  0.69809128 -0.12762229 -0.6913916 ]
 [ 0.13306427  0.18161721 -0.29439195 -0.21445439  0.42970893  0.1550122
   0.25282581  0.4511784  -0.02251642  0.21753365 -0.80205696  0.4295377 ]
 [-0.07026949  0.11953253 -0.77857428 -0.7569659  -0.25841106  0.41391049
   0.53336734 -0.01620599 -0.27206029 -0.69046629 -0.00758887 -0.49881607]
 [ 0.11101774  0.28864139 -0.34484728 -0.01137594  0.09088492  0.20798305
  -0.02803029  0.32620867  0.56356626  0.47041925  0.93566315  0.9905937 ]
 [-0.90264595 -0.32315223  0.70505409 -0.57118141  0.94676664 -0.02251642
  -0.27206029  0.56356626  0.69404682  0.60804282  0.30781867  0.17293107]
 [-0.49246166  0.80802607  0.9483883   0.48549139  0.69809128  0.21753365
  -0.69046629  0.47041925 -0.28066361 -0.52249609 -0.02614601 -0.82674421]
 [ 0.19806378 -0.58436493 -0.4060585  -0.90324783 -0.12762229 -0.80205696
  -0.00758887  0.93566315  0.89815722 -0.20233161  0.53710733 -0.12450884]
 [ 0.18774052 -0.53738362 -0.04919724  0.78163031 -0.6913916   0.4295377
  -0.49881607  0.9905937  -0.81156431 -0.0332972  -0.98394138 -0.77851095]]

[[ 0.54548886 -0.23512406  0.01111066 -0.42790433  0.5256677   0.03806174
  -0.26896055 -0.30012365 -0.87686533  0.65292148 -0.46381698  0.45728126]
 [ 0.54144394  0.02794609 -0.20026325 -0.10667868 -0.00476488  0.5619991
   0.36152053 -0.23510747 -0.02945766 -0.45091715 -0.46836318 -0.89715631]
 [-0.47512259 -0.03396557 -0.19275778 -0.21262601 -0.58178275 -0.20093782
  -0.25398325 -0.24873496 -0.74136866  0.14508969 -0.65156942 -0.33842593]
 [ 0.19866313 -0.03586839 -0.64213227 -0.59989638 -0.78871585  0.60680612
   0.23250252 -0.75172466 -0.38924685  0.1950631  -0.00269635  0.42197206]
 [ 0.36627628 -0.04031218  0.25857515  0.22129701  0.37915022  0.03161629
  -0.10799406  0.02563968  0.97399972 -0.14468576 -0.18151188  0.00060306]
 [ 0.41576265 -0.18341105  0.04320759 -0.31730182  0.52402498  0.14529163
   0.29175033 -0.06670826  0.10408985  0.76975522  0.04152342 -0.04520803]
 [-0.39628702 -0.13282012  0.46038773  0.18058614  0.48095499 -0.31520802
   0.8102334   0.5643661  -0.11977628  0.72946737 -0.19563622  0.04191523]
 [ 0.53265002  0.11154814 -0.05838294  0.23273296 -0.05580751  0.66933408
   0.64575263 -0.08427565  0.25398072 -0.85373052 -0.62895724  0.77226467]
 [-0.87686533 -0.02945766 -0.74136866 -0.38924685  0.97399972  0.10408985
  -0.11977628  0.25398072 -0.16746873 -0.96353602  0.90727005 -0.07454406]
 [ 0.65292148 -0.45091715  0.14508969  0.1950631  -0.14468576  0.76975522
   0.72946737 -0.85373052 -0.62366489  0.89037949  0.60390856 -0.54655023]
 [-0.46381698 -0.46836318 -0.65156942 -0.00269635 -0.18151188  0.04152342
  -0.19563622 -0.62895724 -0.27845493 -0.03888055  0.98844365 -0.98730997]
 [ 0.45728126 -0.89715631 -0.33842593  0.42197206  0.00060306 -0.04520803
   0.04191523  0.77226467 -0.10674042 -0.08199823  0.25737807 -0.86664863]]

[[ 0.40849119 -0.34721053 -0.35707049 -0.90086834 -0.11242034  0.26480387
  -0.05465367 -0.82870789  0.91772222 -0.75659968 -0.46635341  0.43111115]
 [-0.10118041 -0.16448399  0.28288145  0.12360029 -0.06877391 -0.07835669
   0.25055101 -0.12516523 -0.80139161  0.29697704 -0.64837061 -0.23937405]
 [-0.1966187   0.11912313 -0.51619023 -0.6055902   0.21979915 -0.08520464
  -0.03791416  0.32381314  0.68421432 -0.53763685 -0.41842786  0.96388968]
 [-0.27035475 -0.13196324 -0.26610218 -0.74965803  0.43164274 -0.28283394
   0.15485744  0.24139246  0.05563082  0.41285642  0.58700001 -0.84852127]
 [-0.17464489 -0.09107734 -0.12262634 -0.06328105 -0.79969423  0.32070595
   0.53378651 -0.49743744 -0.39080812  0.75061324 -0.95357248 -0.8411397 ]
 [ 0.53850192 -0.20377171 -0.01753207 -0.32164269  0.24175931  0.18703641
  -0.14944269 -0.43021988  0.50632111  0.87934482 -0.06980682 -0.4050788 ]
 [ 0.53806895  0.28377645 -0.01111013  0.41889852  0.34596917  0.34719111
  -0.06428117  0.30670955 -0.05509491  0.40968213  0.30944929 -0.93663367]
 [-0.42058302 -0.02753787  0.40494491  0.58164754 -0.47588735  0.00769822
   0.70623389  0.05152247 -0.36459544 -0.39148658  0.07941463 -0.58997431]
 [ 0.91772222 -0.80139161  0.68421432  0.05563082 -0.39080812  0.50632111
  -0.05509491 -0.36459544  0.55490179  0.45673087  0.58890226  0.38960739]
 [-0.75659968  0.29697704 -0.53763685  0.41285642  0.75061324  0.87934482
   0.40968213 -0.39148658 -0.45277801 -0.57004748 -0.59338142 -0.60629184]
 [-0.46635341 -0.64837061 -0.41842786  0.58700001 -0.95357248 -0.06980682
   0.30944929  0.07941463 -0.27078211  0.02425713  0.7275636  -0.73632123]
 [ 0.43111115 -0.23937405  0.96388968 -0.84852127 -0.8411397  -0.4050788
  -0.93663367 -0.58997431  0.73899192 -0.4497452   0.64723424  0.15847166]]
