A: 
[[ 0.34879208  0.35415056  0.79260929 -0.68940584 -0.21954812  0.32896857
  -0.77763381 -0.30181804 -0.99280335 -0.93495767  0.06448675 -0.84779176]
 [-0.20276394  0.46154346  0.20788204  0.10315778 -0.05859713 -0.72958931
  -0.44002673  0.27657852  0.0043585  -0.52148243  0.49540309  0.74183749]
 [ 0.01664242 -0.07312559 -0.05237049  0.00724858  0.01464323  0.08831053
  -0.59077958 -0.58977345 -0.92858353  0.20182775 -0.64428105 -0.90767876]
 [-0.04288671 -0.39328242 -0.44783814  0.24072183  0.12458042  0.24165187
   0.68954749  0.90310077  0.5351353  -0.21312796 -0.10344985 -0.85881504]
 [-0.10693938  0.04179655 -0.09235773  0.14431464  0.02535385 -0.22215852
   0.49420069 -0.30469578 -0.59528509  0.77030808 -0.09113327 -0.38621288]
 [-0.30073559 -0.04866693 -0.4262424   0.47995746  0.11767626 -0.49069107
  -0.11777206 -0.05889166  0.02858894 -0.97664022  0.60191461  0.19082108]
 [ 0.05907559  0.52637423  0.60149537 -0.32473824 -0.16731998 -0.3204775
  -0.81456425  0.92372073 -0.56043136  0.67652814  0.53648225 -0.53754556]
 [ 0.02893047  0.14335763  0.1799353  -0.10800955 -0.05001437 -0.06465333
   0.94409495 -0.86436738 -0.31194776 -0.2856877  -0.47571347 -0.39765856]
 [ 0.24180175  0.01201103  0.31554477 -0.3738095  -0.08704893  0.41640682
  -0.69725406 -0.93576132  0.08629401  0.86650344 -0.17338725 -0.7533694 ]
 [-0.28211204 -0.09895685 -0.45324846  0.47400439  0.12526202 -0.41730894
   0.89037276 -0.43027013  0.33797823 -0.42177419  0.922539    0.25677023]
 [-0.30000095  0.64326688  0.26788725  0.17029218 -0.07564475 -1.04751701
   0.47723053 -0.73950194  0.55480921  0.48545322  0.44528056  0.30821917]
 [ 0.29601459 -0.12254292  0.24879155 -0.3964181  -0.06827033  0.6204714
  -0.77127616  0.2723374  -0.93101263 -0.44569498 -0.31781647 -0.78459842]
 [-0.0207184   0.43963942  0.4144428  -0.16447283 -0.11549883 -0.39112669
  -0.18125006 -0.61495255 -0.49865832 -0.10796432 -0.91341682  0.46382375]
 [ 0.27047401  0.39309162  0.73331652 -0.58743057 -0.20330453  0.15954882
  -0.08562055  0.45114799 -0.35863657  0.83055314 -0.28381813  0.88828794]
 [-0.17317916 -0.4767875  -0.69504115  0.47649579  0.19298     0.07941083
  -0.27084507 -0.57441193 -0.04457599 -0.53697015 -0.47359981  0.48337408]
 [ 0.05652034  0.16666826  0.23791988 -0.16044517 -0.0660686  -0.03483796
  -0.62564435 -0.13334152  0.77206323 -0.73688641 -0.32993613 -0.14841657]
 [-0.14113367  0.01981155 -0.15730418  0.20622286  0.04332427 -0.26468127
   0.67352562  0.33075742  0.3670113   0.09876078  0.34880513  0.05794151]
 [-0.26215159 -0.30541232 -0.63502945  0.53565122  0.17595909 -0.21560631
   0.29912792 -0.84362553  0.32747395  0.66087933 -0.68468793 -0.33986969]
 [ 0.16534455  0.37802772  0.58626549 -0.42051875 -0.16271169 -0.01355613
   0.13086825  0.15718578  0.00192946  0.3423485  -0.62293536  0.13068437]
 [ 0.30543195 -0.66033143 -0.27816617 -0.17095846  0.07852629  1.07085177
   0.30866909 -0.85620285 -0.1780439  -0.50420353 -0.55575728  0.2516262 ]] 
x segnato:[[ 0.30976297]
 [ 0.39331569]
 [ 0.85355419]
 [ 0.32528762]
 [-0.85430732]
 [ 0.35309076]
 [ 0.        ]
 [ 0.        ]
 [ 0.        ]
 [ 0.        ]
 [ 0.        ]
 [ 0.        ]]
Matrici Hi 

[[ 0.10998325  0.0196329   0.15772096 -0.17634535 -0.0435478   0.17797275
  -0.32832035 -0.34791511 -0.64930742 -0.62492463  0.04992023  0.68309925]
 [-0.15338086  0.19068639 -0.00148756  0.14868873 -0.0001148  -0.42409214
  -0.73542704  0.84105909 -0.99896486 -0.70096144 -0.33064858 -0.72409807]
 [-0.01561128  0.21568079  0.1964824  -0.07238776 -0.05477659 -0.20147989
   0.18818712  0.68203766  0.3375455  -0.54673128  0.69466796 -0.97799095]
 [-0.09919538 -0.11494681 -0.23966929  0.20240917  0.06640862 -0.0820816
  -0.49375036 -0.21332432  0.77389618 -0.62972255 -0.96894712 -0.31035315]
 [ 0.00472733 -0.06000199 -0.05417866  0.01955254  0.01510572  0.05672854
   0.64915839  0.84438095  0.30528395 -0.47274645 -0.38143961 -0.11642273]
 [ 0.31752732 -0.11921304  0.27913052 -0.43068369 -0.07664589  0.65569451
   0.41227994 -0.39809757 -0.90946707  0.50337841  0.29888339 -0.31934499]
 [-0.32832035 -0.73542704  0.18818712 -0.49375036  0.64915839  0.41227994
   0.81048478  0.27461712 -0.01073902 -0.48505894 -0.36544831 -0.59929658]
 [-0.34791511  0.84105909  0.68203766 -0.21332432  0.84438095 -0.39809757
  -0.71912568 -0.33124523  0.16597791 -0.90910222 -0.89918769  0.03052645]
 [-0.64930742 -0.99896486  0.3375455   0.77389618  0.30528395 -0.90946707
  -0.25517234  0.35206002  0.89843575 -0.63136429 -0.99365137 -0.72308082]
 [-0.62492463 -0.70096144 -0.54673128 -0.62972255 -0.47274645  0.50337841
   0.95056941  0.86227399  0.57125976  0.25962132  0.18348428 -0.25902677]
 [ 0.04992023 -0.33064858  0.69466796 -0.96894712 -0.38143961  0.29888339
  -0.18705653  0.73125462  0.73276191 -0.57514883  0.19265482 -0.37820834]
 [ 0.68309925 -0.72409807 -0.97799095 -0.31035315 -0.11642273 -0.31934499
  -0.87928603 -0.89512061 -0.77269716 -0.87422929  0.00308077  0.0507984 ]]

[[ 0.04107684  0.128286    0.18008215 -0.11979727 -0.05001337 -0.03109249
  -0.50781875  0.11692092  0.92608502  0.67189479  0.41056325 -0.22297871]
 [-0.04323993  0.29443357  0.24070043 -0.06540497 -0.06718716 -0.31368893
  -0.62298291  0.31519104 -0.02003096 -0.75105558 -0.79290764 -0.38269373]
 [ 0.00824047  0.45600125  0.46718417 -0.21589593 -0.13008804 -0.35329393
   0.71574411  0.48683001  0.91402416 -0.619789    0.80206983 -0.56647543]
 [-0.04331074 -0.32677339 -0.38173893  0.21171039  0.10616953  0.18725782
   0.15865816 -0.26766933  0.97683305 -0.03205734  0.35673914 -0.92320045]
 [-0.00215337 -0.12655935 -0.12949525  0.05971638  0.03605857  0.0982894
   0.65060076  0.54854227  0.04758948  0.87474177 -0.25966285 -0.01227154]
 [ 0.10726198 -0.01143162  0.12318349 -0.15834649 -0.03393808  0.19823437
  -0.53977264  0.30846032  0.69385021 -0.03547565  0.18324793 -0.23657164]
 [-0.50781875 -0.62298291  0.71574411  0.15865816  0.65060076 -0.53977264
  -0.62664899  0.86629707 -0.62547288 -0.49675472  0.99376113 -0.12900743]
 [ 0.11692092  0.31519104  0.48683001 -0.26766933  0.54854227  0.30846032
   0.7103334   0.72320924  0.20708639  0.31332169  0.45340687  0.00846681]
 [ 0.92608502 -0.02003096  0.91402416  0.97683305  0.04758948  0.69385021
   0.5525016   0.29796111  0.78260728 -0.01079862 -0.69450883  0.16748985]
 [ 0.67189479 -0.75105558 -0.619789   -0.03205734  0.87474177 -0.03547565
   0.68832235 -0.54166054 -0.26225083  0.44622252  0.40369399  0.86246386]
 [ 0.41056325 -0.79290764  0.80206983  0.35673914 -0.25966285  0.18324793
  -0.38668808 -0.25942629 -0.73807608  0.04720823  0.58008882 -0.5022018 ]
 [-0.22297871 -0.38269373 -0.56647543 -0.92320045 -0.01227154 -0.23657164
   0.58213187  0.36105966  0.66795922 -0.40492145 -0.47677997  0.94937908]]

[[-0.03579543  0.02821533 -0.01666346  0.04196276  0.0045175  -0.08583627
   0.06713007  0.16049559 -0.98870938 -0.06397746 -0.44577802 -0.95240248]
 [-0.13735716  0.2008736   0.02883148  0.11972942 -0.00850375 -0.40407282
  -0.62529943 -0.74073311 -0.1190217   0.25846645  0.55553179 -0.08681186]
 [-0.18254074  0.23665949  0.00796844  0.17262184 -0.002849   -0.51255906
  -0.54713945 -0.03137425  0.40218658  0.19786822  0.5190907   0.24348085]
 [ 0.11579454 -0.13256724  0.01253503 -0.1173317  -0.00309171  0.31097932
   0.06255102  0.71275231  0.12753905 -0.52781327 -0.01847248  0.15884098]
 [ 0.05071633 -0.06581521 -0.00227679 -0.04793252  0.00080907  0.14245783
  -0.79873185  0.03907966  0.8060172  -0.65095132 -0.2053788  -0.41601815]
 [ 0.0477161  -0.11230647 -0.05261955 -0.02262951  0.01481979  0.1746712
   0.8691082  -0.08515607 -0.90196245  0.70568173  0.04877979  0.03120036]
 [ 0.06713007 -0.62529943 -0.54713945  0.06255102 -0.79873185  0.8691082
   0.92307609 -0.13987239  0.6053672  -0.59139685  0.16959934  0.25114057]
 [ 0.16049559 -0.74073311 -0.03137425  0.71275231  0.03907966 -0.08515607
   0.64869806  0.36999925  0.35912758 -0.7708125   0.09012078  0.26597967]
 [-0.98870938 -0.1190217   0.40218658  0.12753905  0.8060172  -0.90196245
   0.52747707 -0.81319067 -0.44961504  0.14106601  0.70725615 -0.77957555]
 [-0.06397746  0.25846645  0.19786822 -0.52781327 -0.65095132  0.70568173
   0.98391099 -0.53220686  0.38360089  0.22640907 -0.62592186  0.91162183]
 [-0.44577802  0.55553179  0.5190907  -0.01847248 -0.2053788   0.04877979
   0.18315249  0.12649853  0.94509201  0.6261585   0.74404656 -0.82055539]
 [-0.95240248 -0.08681186  0.24348085  0.15884098 -0.41601815  0.03120036
   0.45584107 -0.28055714  0.81332495  0.84792939  0.25328183  0.36746485]]

[[-0.10197142  0.01264511 -0.11532701  0.1497437   0.03176821 -0.18989032
   0.43733513 -0.3751775   0.75324852  0.01561339  0.00048024  0.92947394]
 [ 0.17470726  0.13344471  0.3529844  -0.3257215  -0.09770777  0.20022555
   0.24449481 -0.77567702  0.70175144 -0.5145822  -0.87942822 -0.00013418]
 [ 0.04703347  0.14956261  0.20887473 -0.13836151 -0.0580119  -0.03775782
   0.12897672 -0.74861803  0.67418997 -0.39770419  0.08486361  0.12942458]
 [ 0.07747725 -0.07877383  0.01833126 -0.08293188 -0.00483821  0.20006757
   0.22834132  0.21948443  0.02570268 -0.42015193  0.03901189 -0.72625264]
 [-0.01345116 -0.04161138 -0.05857199  0.03905192  0.01626661  0.00986096
  -0.69235901 -0.5759438  -0.94116475 -0.86884882 -0.98654069 -0.05895301]
 [-0.32061122 -0.08535499 -0.48794606  0.52660349  0.13479292 -0.49612229
  -0.8772291  -0.02815286  0.89359734  0.76323755  0.54020905  0.51291108]
 [ 0.43733513  0.24449481  0.12897672  0.22834132 -0.69235901 -0.8772291
   0.9294739   0.14526485  0.13911181  0.75084499  0.38720275  0.77358533]
 [-0.3751775  -0.77567702 -0.74861803  0.21948443 -0.5759438  -0.02815286
   0.53433627 -0.35392202 -0.51110777  0.86485835 -0.15039187  0.27016615]
 [ 0.75324852  0.70175144  0.67418997  0.02570268 -0.94116475  0.89359734
   0.53894796  0.61144324  0.26098204  0.7445703  -0.01813727  0.52504696]
 [ 0.01561339 -0.5145822  -0.39770419 -0.42015193 -0.86884882  0.76323755
  -0.81620834 -0.64063438 -0.38232474  0.28662262  0.28848899 -0.6910575 ]
 [ 0.00048024 -0.87942822  0.08486361  0.03901189 -0.98654069  0.54020905
   0.88946793  0.22194145 -0.93324152  0.96759497  0.15640618 -0.6161822 ]
 [ 0.92947394 -0.00013418  0.12942458 -0.72625264 -0.05895301  0.51291108
  -0.89713851  0.65050154 -0.00471354 -0.99080228  0.25426968  0.08741213]]

[[-0.08157996  0.00156864 -0.10082834  0.12361073  0.0278005  -0.14502278
  -0.00538418  0.28131726  0.97753517 -0.02392771 -0.85317134 -0.56456353]
 [ 0.10716583 -0.10184738  0.03248061 -0.11788195 -0.00867656  0.27099515
   0.13433564  0.09838613  0.88948259  0.55528253  0.36969636  0.77623548]
 [ 0.00496324 -0.10006589 -0.09402019  0.0370583   0.02620289  0.08946017
  -0.36640515  0.58758902  0.32766977  0.38336617  0.43613206  0.76756849]
 [ 0.07652302  0.04302533  0.13915688 -0.13579031 -0.03849291  0.10014169
  -0.17711548 -0.50896682  0.70150023 -0.16231658 -0.72149815 -0.35108893]
 [-0.00166374  0.02787498  0.02583795 -0.00989477 -0.00720192 -0.02541602
   0.17512004  0.68204302 -0.17469429 -0.14849912  0.29316519 -0.80490883]
 [-0.23019849  0.08491528 -0.20387553  0.31290745  0.05598771 -0.47414164
   0.37962261  0.42451719  0.964904    0.30652457 -0.63185426  0.51667584]
 [-0.00538418  0.13433564 -0.36640515 -0.17711548  0.17512004  0.37962261
   0.12252473  0.30024568  0.87265056 -0.40199573 -0.03940802  0.3035729 ]
 [ 0.28131726  0.09838613  0.58758902 -0.50896682  0.68204302  0.42451719
   0.54906421 -0.26239953 -0.35279416  0.02937959 -0.51935635  0.5073014 ]
 [ 0.97753517  0.88948259  0.32766977  0.70150023 -0.17469429  0.964904
  -0.0495144   0.46555617  0.45953034 -0.97987305 -0.26202988 -0.43480945]
 [-0.02392771  0.55528253  0.38336617 -0.16231658 -0.14849912  0.30652457
   0.60267422  0.79073596 -0.82255812 -0.22442295 -0.88076904 -0.3431073 ]
 [-0.85317134  0.36969636  0.43613206 -0.72149815  0.29316519 -0.63185426
   0.13441748 -0.5008038   0.4836381   0.18835784 -0.32970713  0.33561177]
 [-0.56456353  0.77623548  0.76756849 -0.35108893 -0.80490883  0.51667584
  -0.44380177 -0.1538743  -0.13105768 -0.8090317   0.72800214  0.8662496 ]]

[[-0.09249416 -0.02198763 -0.13812756  0.15074578  0.03815113 -0.14525471
  -0.28521837 -0.09948252  0.30402791 -0.15372505 -0.9954499  -0.47261447]
 [ 0.00448754 -0.27037662 -0.26524154  0.11372781  0.07388847  0.22599618
   0.61439937  0.94596811  0.13294774 -0.75079449 -0.76570195  0.2351254 ]
 [-0.11160367 -0.29847339 -0.4391087   0.30315455  0.12191212  0.04408724
  -0.42041985 -0.77989891  0.15969701  0.20135788 -0.16676879  0.43614667]
 [ 0.13894002  0.15407023  0.32875255 -0.28041725 -0.09108229  0.12056096
   0.84540185  0.29727435  0.32663989  0.27064322  0.57094053  0.44605319]
 [ 0.03076391  0.08305262  0.12182062 -0.08391221 -0.0338224  -0.01277991
  -0.05164547 -0.61084511 -0.36108297  0.47201584 -0.9949951  -0.98983865]
 [-0.16660983  0.17934253 -0.02945742  0.17390526  0.00762951 -0.43825374
  -0.26272092  0.19457567 -0.06455758 -0.29412474  0.70606109 -0.47250094]
 [-0.28521837  0.61439937 -0.42041985  0.84540185 -0.05164547 -0.26272092
   0.30544876 -0.95556714  0.5831912  -0.19927947 -0.48257073 -0.41461325]
 [-0.09948252  0.94596811 -0.77989891  0.29727435 -0.61084511  0.19457567
  -0.57170555  0.50880022 -0.09645894 -0.4443772   0.96300415 -0.94299143]
 [ 0.30402791  0.13294774  0.15969701  0.32663989 -0.36108297 -0.06455758
   0.10593816 -0.66218705  0.16565635 -0.73976868  0.52468612 -0.31608437]
 [-0.15372505 -0.75079449  0.20135788  0.27064322  0.47201584 -0.29412474
   0.28288304  0.51619746  0.24764482 -0.64281666  0.28085718  0.31789332]
 [-0.9954499  -0.76570195 -0.16676879  0.57094053 -0.9949951   0.70606109
   0.02599427  0.83417783  0.2558092  -0.65229967  0.89107937  0.40472907]
 [-0.47261447  0.2351254   0.43614667  0.44605319 -0.98983865 -0.47250094
  -0.06529558 -0.68860515 -0.58914867 -0.59213484  0.4534047   0.83876905]]

[[-0.12767437  0.08661474 -0.07348379  0.15592504  0.0200257  -0.29484782
  -0.74280589 -0.01746823  0.87440849  0.00303061 -0.39670843  0.21570993]
 [-0.15630107 -0.01035806 -0.20656758  0.24278787  0.0569924  -0.26707365
   0.50284442  0.35900738 -0.9305787   0.84320994 -0.48666524 -0.36063716]
 [-0.31684676  0.09834243 -0.2991853   0.43895325  0.08223374 -0.63766079
   0.65760361 -0.69488155 -0.6157424  -0.51787987 -0.88250004 -0.38684773]
 [ 0.26424561 -0.12736327  0.20408563 -0.34585955 -0.05592878  0.56837729
  -0.35116016  0.93517514 -0.65742448 -0.48698077 -0.61591549  0.12077993]
 [ 0.08780524 -0.02709077  0.08307325 -0.12171593 -0.02283401  0.17657917
  -0.32123838  0.65760971 -0.27008256 -0.07865213 -0.36631639  0.69623825]
 [-0.09890958  0.16098453  0.03712871  0.07893089 -0.010682   -0.30414686
  -0.65413223  0.95222894  0.97956237  0.80806613  0.27377562  0.47757147]
 [-0.74280589  0.50284442  0.65760361 -0.35116016 -0.32123838 -0.65413223
   0.43031863  0.71744903 -0.74372763 -0.71705307  0.23942071 -0.41209258]
 [-0.01746823  0.35900738 -0.69488155  0.93517514  0.65760971  0.95222894
  -0.73108983 -0.12904186  0.71441363  0.06084984 -0.47307902  0.12562386]
 [ 0.87440849 -0.9305787  -0.6157424  -0.65742448 -0.27008256  0.97956237
  -0.68411181 -0.9491452   0.41639456  0.49356702 -0.6109384   0.09600911]
 [ 0.00303061  0.84320994 -0.51787987 -0.48698077 -0.07865213  0.80806613
   0.37622498  0.30604812 -0.11118584 -0.36105199  0.30870848  0.35129564]
 [-0.39670843 -0.48666524 -0.88250004 -0.61591549 -0.36631639  0.27377562
   0.9668444  -0.61959824  0.65391602  0.73892498  0.98669562 -0.94026845]
 [ 0.21570993 -0.36063716 -0.38684773  0.12077993  0.69623825  0.47757147
   0.42229114  0.5749152   0.91434238 -0.21128286  0.0458254   0.05650465]]

[[-0.0335576   0.02103692 -0.02104614  0.04175378  0.00574584 -0.07610266
  -0.40631661  0.57288211  0.07242496 -0.51096794 -0.01010236 -0.81528565]
 [-0.15824011 -0.04069262 -0.23939187  0.25926928  0.06612768 -0.24602242
   0.4501181  -0.90885337  0.20947618  0.41399923  0.25291144  0.8263338 ]
 [-0.20065318 -0.01436181 -0.26624984  0.31215624  0.07346164 -0.34200001
   0.84067171  0.79722455  0.95453245 -0.3171285  -0.1897685   0.00730237]
 [ 0.12169666 -0.01391013  0.13881895 -0.1792366  -0.03824296  0.22566986
  -0.43726054  0.78244785 -0.27375693 -0.11863352  0.54409393 -0.70844668]
 [ 0.05576859  0.00407251  0.07408122 -0.08679527 -0.02044014  0.09498863
   0.08486096 -0.25804362  0.79856545  0.63832903 -0.04073381 -0.20417804]
 [ 0.06850392  0.06989362  0.15600898 -0.13555199 -0.04321409  0.06433847
   0.42776833 -0.50408174 -0.16137862  0.17715932  0.63834464 -0.30037218]
 [-0.40631661  0.4501181   0.84067171 -0.43726054  0.08486096  0.42776833
   0.10720445 -0.20299204  0.03778124  0.17542834  0.98301499 -0.62390373]
 [ 0.57288211 -0.90885337  0.79722455  0.78244785 -0.25804362 -0.50408174
   0.93563271 -0.7376026   0.56054052  0.98101987 -0.24618649 -0.06136743]
 [ 0.07242496  0.20947618  0.95453245 -0.27375693  0.79856545 -0.16137862
   0.94560192  0.85819324 -0.52455061  0.8598892  -0.48459357 -0.97348624]
 [-0.51096794  0.41399923 -0.3171285  -0.11863352  0.63832903  0.17715932
  -0.97932955 -0.6372532   0.24035293  0.78051701 -0.2076068   0.59540991]
 [-0.01010236  0.25291144 -0.1897685   0.54409393 -0.04073381  0.63834464
  -0.01493682  0.21798525 -0.0331105  -0.25145045  0.69441989  0.40245765]
 [-0.81528565  0.8263338   0.00730237 -0.70844668 -0.20417804 -0.30037218
  -0.74257371 -0.59611854  0.36990342  0.4770909   0.53971478  0.55962091]]

[[ 0.03769849  0.15454205  0.20214601 -0.12635746 -0.05617007 -0.05822408
  -0.6024828  -0.9124345   0.24237359 -0.79609277  0.39671108 -0.07212522]
 [ 0.15676436 -0.20224514 -0.00584547 -0.1486902   0.00216881  0.43937785
  -0.58104942  0.78765873  0.52676498  0.79852938 -0.68647064  0.8838753 ]
 [ 0.20437241 -0.00863493  0.24787917 -0.30756887 -0.06833235  0.3671033
  -0.13538165 -0.09350714  0.71354303  0.08135576 -0.33523915 -0.77207803]
 [-0.12734843 -0.14530388 -0.30542019  0.25884509  0.08462393 -0.10720566
   0.87682544 -0.98376328 -0.62726833  0.2296199   0.76430947  0.47306051]
 [-0.05679015  0.00293805 -0.06834003  0.08522578  0.01883762 -0.10244358
   0.42932196  0.82310994  0.64066065 -0.10213561  0.89375426  0.69728005]
 [-0.06001662  0.43546176  0.36093    -0.10272796 -0.10073043 -0.45700696
   0.35320938  0.97989726  0.2978965   0.45320156  0.37886893 -0.13014065]
 [-0.6024828  -0.58104942 -0.13538165  0.87682544  0.42932196  0.35320938
  -0.50568409  0.82745875 -0.56263593 -0.47294203 -0.48910232 -0.26499469]
 [-0.9124345   0.78765873 -0.09350714 -0.98376328  0.82310994  0.97989726
  -0.01860882  0.46379522 -0.59742243 -0.47745586  0.2290878   0.16397392]
 [ 0.24237359  0.52676498  0.71354303 -0.62726833  0.64066065  0.2978965
  -0.98339497 -0.7590879  -0.46839442  0.16285965 -0.07450418 -0.96537054]
 [-0.79609277  0.79852938  0.08135576  0.2296199  -0.10213561  0.45320156
   0.935164   -0.60420061 -0.93878219  0.54232305  0.82000842 -0.30531882]
 [ 0.39671108 -0.68647064 -0.33523915  0.76430947  0.89375426  0.37886893
   0.19374581  0.69246874 -0.26753451  0.56435474 -0.65121905  0.5495736 ]
 [-0.07212522  0.8838753  -0.77207803  0.47306051  0.69728005 -0.13014065
  -0.08859698 -0.63562747 -0.49379017 -0.36609486 -0.67954163  0.25353798]]

[[ 0.04918741  0.06970016  0.13156892 -0.10603154 -0.03647387  0.03045559
   0.76924402  0.87040953 -0.33502665 -0.10040807 -0.84536165 -0.2963898 ]
 [ 0.00332625  0.00145029  0.00562809 -0.00571519 -0.00155602  0.00469158
  -0.77051882  0.45246611 -0.80262845 -0.39150689 -0.12948341 -0.99610119]
 [ 0.06507282  0.0889412   0.17078489 -0.1388174  -0.04734119  0.04292833
   0.07225624  0.40523545 -0.05145776  0.86017481  0.59828771 -0.81272717]
 [-0.0764342  -0.10685468 -0.20299225  0.16411763  0.05627214 -0.04849979
   0.83617214  0.93758836 -0.8418727   0.79954732  0.61341059 -0.50473669]
 [-0.01795389 -0.02453077 -0.0471118   0.03829656  0.01305928 -0.011851
   0.28164903 -0.38163913 -0.1701431   0.51555957  0.46235813 -0.86417303]
 [ 0.08399343  0.1216535   0.22730672 -0.18223533 -0.06301794  0.04988355
  -0.75718246 -0.27360569  0.83027811 -0.25489494 -0.51136789 -0.13495873]
 [ 0.76924402 -0.77051882  0.07225624  0.83617214  0.28164903 -0.75718246
   0.52335105 -0.14735642 -0.97193226 -0.57736775 -0.34208883 -0.3257907 ]
 [ 0.87040953  0.45246611  0.40523545  0.93758836 -0.38163913 -0.27360569
  -0.03513382  0.1022686   0.88560648  0.46244742 -0.57300168  0.33498325]
 [-0.33502665 -0.80262845 -0.05145776 -0.8418727  -0.1701431   0.83027811
  -0.26712547  0.70301408  0.99311623  0.46408119 -0.33390428  0.30524657]
 [-0.10040807 -0.39150689  0.86017481  0.79954732  0.51555957 -0.25489494
  -0.123955    0.81377385  0.27413317  0.78920886 -0.38185126  0.30442588]
 [-0.84536165 -0.12948341  0.59828771  0.61341059  0.46235813 -0.51136789
  -0.7951375   0.91810718  0.38510166  0.16675036  0.16784925  0.72982473]
 [-0.2963898  -0.99610119 -0.81272717 -0.50473669 -0.86417303 -0.13495873
   0.13150924 -0.01235879  0.34578912  0.49258252  0.29138837 -0.26469478]]

[[-0.06470943 -0.13530766 -0.21678057  0.15893932  0.0601528  -0.00488835
   0.07289692  0.12205507  0.97517578 -0.91907824  0.48556992  0.93203596]
 [ 0.09141986 -0.14622015 -0.03173832 -0.07410188  0.00915487  0.27903964
  -0.73416935  0.79146982  0.86340414  0.8616037  -0.63890901 -0.19179893]
 [ 0.01036432 -0.31632864 -0.30390156  0.1252637   0.08467603  0.2734174
  -0.79988656 -0.30672689 -0.51307372 -0.76260238  0.89453274  0.99556077]
 [ 0.0578374   0.27138182  0.34447938 -0.20914576 -0.09574218 -0.11698006
   0.39148334 -0.4221435   0.60486084  0.1865018  -0.94308622  0.77927772]
 [-0.00310981  0.08763461  0.08389247 -0.03433918 -0.0233758  -0.07616693
   0.68523507 -0.06214151  0.62274206 -0.07811913 -0.74953364  0.1182167 ]
 [-0.18776896 -0.12049208 -0.35640309  0.33984888  0.09861486 -0.23369015
   0.38008746  0.10623864 -0.48299849  0.25279122 -0.4759706  -0.84720282]
 [ 0.07289692 -0.73416935 -0.79988656  0.39148334  0.68523507  0.38008746
  -0.09578295  0.56731262 -0.42153189 -0.29319597  0.59934946  0.97204466]
 [ 0.12205507  0.79146982 -0.30672689 -0.4221435  -0.06214151  0.10623864
   0.43106659  0.53259632  0.42311624 -0.43589663 -0.82303664 -0.10682601]
 [ 0.97517578  0.86340414 -0.51307372  0.60486084  0.62274206 -0.48299849
  -0.72714906 -0.66705189 -0.25683621  0.38394643 -0.77883407  0.23591786]
 [-0.91907824  0.8616037  -0.76260238  0.1865018  -0.07811913  0.25279122
   0.93802963 -0.76656905  0.93642356  0.91938608 -0.80226679 -0.30719353]
 [ 0.48556992 -0.63890901  0.89453274 -0.94308622 -0.74953364 -0.4759706
  -0.27018559 -0.03109376  0.49457327 -0.36739716 -0.06895845  0.46433684]
 [ 0.93203596 -0.19179893  0.99556077  0.77927772  0.1182167  -0.84720282
  -0.12970061  0.35036922  0.94417373 -0.23292934  0.55816923  0.47640639]]

[[ 0.07964696  0.08637445  0.186507   -0.15988067 -0.05166971  0.07068076
  -0.45595974 -0.8320149   0.49676167 -0.22640331  0.12390722 -0.94839524]
 [-0.03057583 -0.01698342 -0.05539373  0.05416417  0.01532235 -0.04018072
   0.08022281 -0.04571701  0.69914458  0.5050251  -0.36170549  0.28578131]
 [ 0.06934143  0.09140327  0.17860948 -0.14641971 -0.04950571  0.0484644
  -0.28201898  0.89952191 -0.51949437 -0.97357939 -0.27502972  0.07688223]
 [-0.10773042 -0.12404277 -0.25949525  0.21947077  0.07190095 -0.08978487
  -0.78862131  0.90374401  0.88902825  0.67847807 -0.41857297 -0.39743436]
 [-0.01903768 -0.02515896 -0.04910153  0.04022814  0.0136097  -0.0132541
  -0.20128338 -0.53516716  0.73939237 -0.1072415  -0.26896466  0.67910384]
 [ 0.16501399  0.16590519  0.37333756 -0.32542576 -0.10340981  0.15696145
   0.14250367 -0.79133837 -0.68950604 -0.97075976  0.93267498  0.52815614]
 [-0.45595974  0.08022281 -0.28201898 -0.78862131 -0.20128338  0.14250367
   0.91766991  0.84704497  0.17492756  0.36851586 -0.34394917 -0.98037609]
 [-0.8320149  -0.04571701  0.89952191  0.90374401 -0.53516716 -0.79133837
  -0.88282288  0.40448369  0.35886733 -0.35241742 -0.04027172  0.72476786]
 [ 0.49676167  0.69914458 -0.51949437  0.88902825  0.73939237 -0.68950604
  -0.82052546 -0.56326205  0.43227714  0.6527662   0.01580988 -0.11430129]
 [-0.22640331  0.5050251  -0.97357939  0.67847807 -0.1072415  -0.97075976
  -0.0523226   0.33096794  0.26057227 -0.87473486  0.88274672 -0.93687952]
 [ 0.12390722 -0.36170549 -0.27502972 -0.41857297 -0.26896466  0.93267498
  -0.99269863  0.32222576 -0.17341326 -0.52230623 -0.9332666   0.75349741]
 [-0.94839524  0.28578131  0.07688223 -0.39743436  0.67910384  0.52815614
   0.89307163  0.17670831 -0.36122958  0.76318933 -0.03712813 -0.83123612]]

[[-0.08670043  0.13559631  0.0270188   0.07164784 -0.00782415 -0.26215392
  -0.19936187  0.7616151   0.10192022  0.77370473 -0.64980216 -0.56910516]
 [-0.06582922  0.01197213 -0.07063523  0.0949709   0.01944568 -0.12565889
  -0.52706347  0.28142529 -0.5723626   0.5865353   0.60074409 -0.81941212]
 [-0.17477752  0.18219582 -0.03685103  0.18507871  0.00966054 -0.45494805
  -0.03671894 -0.51917432  0.22208289 -0.92444043 -0.87894943 -0.80380304]
 [ 0.16146714 -0.21195804 -0.00967328 -0.15152506  0.00325113  0.45549945
   0.55378109  0.70629003 -0.05992991 -0.81662089 -0.98253092 -0.0103283 ]
 [ 0.04837858 -0.05027599  0.01035666 -0.05129951 -0.00271757  0.12580423
  -0.27812226 -0.16474086 -0.76411306 -0.11935323  0.62608794  0.75157206]
 [-0.09968214  0.22928649  0.1045867   0.04965101 -0.02947253 -0.36060126
  -0.95618737 -0.85441903 -0.93118567  0.14561504 -0.84021995  0.47366544]
 [-0.19936187 -0.52706347 -0.03671894  0.55378109 -0.27812226 -0.95618737
   0.0129581   0.5806188  -0.1076617  -0.88856759 -0.6642258  -0.95789023]
 [ 0.7616151   0.28142529 -0.51917432  0.70629003 -0.16474086 -0.85441903
  -0.55037055  0.50529688  0.44310044  0.98183026  0.7618111  -0.0043282 ]
 [ 0.10192022 -0.5723626   0.22208289 -0.05992991 -0.76411306 -0.93118567
  -0.63932809  0.38346689 -0.60259381  0.39457891 -0.66058366 -0.38471412]
 [ 0.77370473  0.5865353  -0.92444043 -0.81662089 -0.11935323  0.14561504
  -0.86156322 -0.80012921  0.87221144  0.74002475  0.73932129  0.89671954]
 [-0.64980216  0.60074409 -0.87894943 -0.98253092  0.62608794 -0.84021995
  -0.59960822 -0.99155933 -0.32829575 -0.28639203 -0.85113442 -0.26391222]
 [-0.56910516 -0.81941212 -0.80380304 -0.0103283   0.75157206  0.47366544
   0.04478486  0.52403755  0.4661483   0.53739695  0.24810746  0.1471502 ]]

[[-0.09883232 -0.04495338 -0.1690913   0.1706446   0.04675305 -0.13789921
   0.20812611 -0.37848577  0.87602536  0.80540937 -0.84618149  0.16815814]
 [ 0.13220424 -0.21891563 -0.05337472 -0.10383221  0.01532157  0.40954539
   0.0144077  -0.4027854  -0.17848681 -0.26218528 -0.22436804 -0.27951926]
 [ 0.00839243 -0.27574448 -0.26571782  0.11017122  0.07403459  0.23720702
   0.99980859  0.24204008  0.39206423  0.79322051  0.19715224  0.84838718]
 [ 0.09164681  0.16611768  0.28145932 -0.2137248  -0.07807369  0.02750484
   0.34203965  0.18147336  0.21297013 -0.3018615  -0.22638811  0.17852227]
 [-0.00267833  0.07664312  0.07342234 -0.03009536 -0.02045825 -0.06654074
  -0.54284457 -0.83964553 -0.60115565 -0.8049472   0.959159   -0.77284539]
 [-0.28079625  0.09736412 -0.25491451  0.38445632  0.07002815 -0.57334469
  -0.31500968 -0.19952231  0.61320754  0.77869522  0.28291096  0.21376944]
 [ 0.20812611  0.0144077   0.99980859  0.34203965 -0.54284457 -0.31500968
   0.28207324 -0.87861564 -0.04961187  0.91264508 -0.95596613 -0.10013969]
 [-0.37848577 -0.4027854   0.24204008  0.18147336 -0.83964553 -0.19952231
  -0.38671218 -0.23310083 -0.32183396 -0.54725021  0.68066023 -0.94838018]
 [ 0.87602536 -0.17848681  0.39206423  0.21297013 -0.60115565  0.61320754
  -0.06302587 -0.41215741 -0.13696945  0.47716921  0.31998952  0.93100239]
 [ 0.80540937 -0.26218528  0.79322051 -0.3018615  -0.8049472   0.77869522
   0.45863812 -0.72298414 -0.78934764  0.89671294  0.16562881 -0.50788669]
 [-0.84618149 -0.22436804  0.19715224 -0.22638811  0.959159    0.28291096
   0.53177771  0.0836973  -0.31261639  0.14299712 -0.45770084  0.48165344]
 [ 0.16815814 -0.27951926  0.84838718  0.17852227 -0.77284539  0.21376944
   0.70838896  0.09255438 -0.88885863 -0.50498799 -0.35415215 -0.83027391]]

[[ 0.01012027 -0.16273673 -0.15033325  0.05714616  0.04190455  0.14909863
  -0.937184   -0.11440891 -0.65997544  0.07640219  0.59173833  0.8928679 ]
 [-0.1809673   0.27754373  0.05090292  0.15199324 -0.01480135 -0.54276403
  -0.86620784 -0.63142815 -0.9476934  -0.85501281  0.99868088  0.48510068]
 [-0.16859738  0.07378609 -0.13770295  0.22400338  0.03777035 -0.35661328
  -0.96724315 -0.51080392  0.1002928  -0.41026435 -0.82252962  0.58071095]
 [ 0.0652755   0.12421379  0.20637681 -0.15485493 -0.05725327  0.01483427
  -0.1840265  -0.28546162 -0.12330026  0.94773442  0.52766774 -0.34514031]
 [ 0.04699133 -0.02111171  0.03783335 -0.06219053 -0.01037495  0.09983547
  -0.6481966   0.57754706  0.06993039  0.8608764   0.1747839   0.21677426]
 [ 0.16380359 -0.51063873 -0.30597105 -0.02189816  0.08578172  0.70053538
  -0.21434876  0.93643011 -0.65034976 -0.00337007  0.02877753 -0.01081421]
 [-0.937184   -0.86620784 -0.96724315 -0.1840265  -0.6481966  -0.21434876
  -0.17643832  0.86172298 -0.00777946 -0.30228865  0.14087216  0.04399657]
 [-0.11440891 -0.63142815 -0.51080392 -0.28546162  0.57754706  0.93643011
  -0.07646569  0.71044119 -0.04614454 -0.26634382  0.00702056 -0.26987991]
 [-0.65997544 -0.9476934   0.1002928  -0.12330026  0.06993039 -0.65034976
   0.11764629 -0.64579026 -0.58697512  0.49169057  0.30268706 -0.48136529]
 [ 0.07640219 -0.85501281 -0.41026435  0.94773442  0.8608764  -0.00337007
  -0.93553471 -0.58150192 -0.73518892  0.83644797 -0.07854566  0.45290679]
 [ 0.59173833  0.99868088 -0.82252962  0.52766774  0.1747839   0.02877753
  -0.43675588 -0.26830898  0.87254059  0.16213439 -0.50262788  0.38305371]
 [ 0.8928679   0.48510068  0.58071095 -0.34514031  0.21677426 -0.01081421
  -0.29516284  0.96695592  0.10489428 -0.41552947 -0.39174794 -0.25698195]]

[[ 0.04382452 -0.18475798 -0.13008917  0.01560785  0.03638259  0.2262537
   0.92127426 -0.72090158  0.47361112 -0.92051521 -0.68655979  0.83177076]
 [-0.14470343  0.23217678  0.05097119  0.11696489 -0.01469527 -0.44226763
   0.16528418 -0.47628647  0.25554578 -0.94844325  0.64238909  0.20985184]
 [-0.08996089  0.00069438 -0.11222402  0.1367713   0.03094542 -0.15908619
  -0.79726485  0.88505291  0.71159931 -0.36208355 -0.16352342 -0.23877027]
 [-0.00225321  0.17799936  0.17549878 -0.07593975 -0.04888632 -0.14754653
   0.88392794  0.59780069  0.41484047 -0.75497005 -0.70322526  0.08021671]
 [ 0.02520638 -0.00083074  0.03080699 -0.03803863 -0.00849317  0.04508793
  -0.06303707  0.13559644  0.57507949  0.29677272 -0.71838427 -0.01311659]
 [ 0.19394531 -0.51285043 -0.27035268 -0.06684138  0.07596555  0.7554341
   0.53043376  0.3849992   0.30108043  0.04196699 -0.36097178 -0.07200406]
 [ 0.92127426  0.16528418 -0.79726485  0.88392794 -0.06303707  0.53043376
  -0.00072622 -0.53575735  0.39365192 -0.96842876  0.73977657 -0.59667276]
 [-0.72090158 -0.47628647  0.88505291  0.59780069  0.13559644  0.3849992
   0.87184103 -0.85392369 -0.08069119  0.99921727 -0.79567049  0.05873647]
 [ 0.47361112  0.25554578  0.71159931  0.41484047  0.57507949  0.30108043
  -0.02103856  0.22194235  0.34858106  0.03465865 -0.70951177  0.23971954]
 [-0.92051521 -0.94844325 -0.36208355 -0.75497005  0.29677272  0.04196699
   0.85115039 -0.13868967  0.80616154  0.3445201  -0.48843118  0.86203152]
 [-0.68655979  0.64238909 -0.16352342 -0.70322526 -0.71838427 -0.36097178
   0.81300283  0.4330184  -0.56961543 -0.38558773 -0.02600018 -0.68814756]
 [ 0.83177076  0.20985184 -0.23877027  0.08021671 -0.01311659 -0.07200406
  -0.45309623  0.03318356  0.82795993 -0.47299865  0.20885775 -0.83008795]]

[[ 0.0139802   0.10855302  0.12630092 -0.06970857 -0.03512811 -0.06292447
   0.96417379 -0.1422286  -0.73479431 -0.17245748 -0.49845432  0.68197966]
 [ 0.12126521  0.05825034  0.2105707  -0.21075684 -0.05822818  0.16670425
  -0.38239207  0.65575555 -0.88863679 -0.47831068 -0.86096913  0.45190377]
 [ 0.13903651  0.19461425  0.36949231 -0.29864359 -0.10242848  0.08802779
   0.63302204 -0.3316472  -0.8802098  -0.14148392 -0.07516202 -0.28680977]
 [-0.07537716 -0.19138621 -0.28635258  0.20020108  0.07949265  0.02154683
   0.84685189  0.73585043  0.3195657  -0.88474598 -0.51096685  0.98068629]
 [-0.03867513 -0.05382797 -0.10247241  0.0829354   0.0284064  -0.02473388
   0.82917327 -0.70646982  0.76460967  0.18836325  0.11858155  0.63095479]
 [-0.07317824  0.14430326  0.05271493  0.04716037 -0.01493419 -0.24534868
  -0.84706488 -0.01863032  0.03924378 -0.19694046 -0.96859121  0.3455211 ]
 [ 0.96417379 -0.38239207  0.63302204  0.84685189  0.82917327 -0.84706488
  -0.95619878 -0.45283001  0.34143923 -0.14917824 -0.9582383  -0.22117979]
 [-0.1422286   0.65575555 -0.3316472   0.73585043 -0.70646982 -0.01863032
  -0.87863813 -0.46104423  0.56320338 -0.88223205 -0.69980674  0.12744576]
 [-0.73479431 -0.88863679 -0.8802098   0.3195657   0.76460967  0.03924378
   0.94950715  0.86924319 -0.65903577  0.47858598  0.28669805  0.69746494]
 [-0.17245748 -0.47831068 -0.14148392 -0.88474598  0.18836325 -0.19694046
   0.17738616 -0.19513054  0.96344986 -0.58281976  0.69448164 -0.3838257 ]
 [-0.49845432 -0.86096913 -0.07516202 -0.51096685  0.11858155 -0.96859121
   0.04833969 -0.71991545 -0.65727718 -0.06156109 -0.57729579  0.7199028 ]
 [ 0.68197966  0.45190377 -0.28680977  0.98068629  0.63095479  0.3455211
   0.68204975  0.07251626 -0.24481578 -0.28413477  0.10434197 -0.6599271 ]]

[[-0.08348233  0.12328959  0.01872881  0.07223195 -0.00550418 -0.24655636
   0.1127635  -0.56976672 -0.70722137  0.19845477 -0.56413115 -0.13066914]
 [ 0.13631694 -0.22907782 -0.05839333 -0.10556757  0.01673349  0.42498957
  -0.79807646  0.92265659 -0.58749067 -0.28120336  0.28700845 -0.8724497 ]
 [ 0.03178014 -0.07474537 -0.03499226 -0.01509574  0.0098554   0.11629224
  -0.44639567  0.11970367  0.67944395 -0.91732866 -0.92058828  0.60244828]
 [ 0.06642281 -0.0857167  -0.00250001 -0.06299137  0.00092542  0.186188
  -0.7481656   0.50361851 -0.85840599  0.56998855  0.09746033  0.65809861]
 [-0.00913914  0.0212428   0.00981038  0.00445352 -0.00276384 -0.03323933
   0.84677987  0.27439629  0.85230563 -0.65598112 -0.98927994 -0.32706845]
 [-0.25706435  0.40203321  0.0801039   0.21243656 -0.02319669 -0.77727414
  -0.30771492 -0.45228929 -0.0727618  -0.28904013  0.74553419  0.1764726 ]
 [ 0.1127635  -0.79807646 -0.44639567 -0.7481656   0.84677987 -0.30771492
   0.03718892  0.42572499 -0.62630593  0.01057038  0.20175623  0.35032115]
 [-0.56976672  0.92265659  0.11970367  0.50361851  0.27439629 -0.45228929
   0.11257552 -0.22402006  0.66298326 -0.47722579  0.41537954 -0.79888906]
 [-0.70722137 -0.58749067  0.67944395 -0.85840599  0.85230563 -0.0727618
  -0.30202438 -0.7215425  -0.71753077  0.14325584  0.00936727 -0.67671687]
 [ 0.19845477 -0.28120336 -0.91732866  0.56998855 -0.65598112 -0.28904013
  -0.57583737 -0.36227117 -0.39890237 -0.48203846 -0.27576519 -0.57567382]
 [-0.56413115  0.28700845 -0.92058828  0.09746033 -0.98927994  0.74553419
   0.78076115  0.15946501  0.08225098  0.01062008 -0.24874661 -0.65218291]
 [-0.13066914 -0.8724497   0.60244828  0.65809861 -0.32706845  0.1764726
   0.50925948  0.14211629 -0.04306176 -0.86049895  0.57365925 -0.7596134 ]]

[[-0.12491836 -0.14016546 -0.29722208  0.25285089  0.08234904 -0.10706818
  -0.49899217 -0.82830312  0.74058446 -0.66925792 -0.60900928 -0.24972618]
 [-0.05485632 -0.06027828 -0.12924537  0.11046835  0.03580717 -0.04804494
  -0.03990767 -0.57806485  0.02654102 -0.61996464  0.5238306  -0.5052996 ]
 [-0.2117559  -0.23632613 -0.50255898  0.42805229  0.1392383  -0.18252628
   0.44499261 -0.48821891 -0.97683945  0.38020812  0.27081828 -0.2485164 ]
 [ 0.21480999  0.24046102  0.51053501 -0.4345499  -0.14144919  0.18457285
  -0.65692179 -0.21369599 -0.52807475 -0.51368489  0.70563359 -0.17336409]
 [ 0.05854567  0.06533618  0.13894348 -0.11834552 -0.03849549  0.05046644
   0.72333248  0.13767874  0.57803316  0.21454139  0.74198297  0.85103251]
 [-0.17587935 -0.19837388 -0.41950432  0.3564606   0.11623033 -0.14991848
  -0.78454337 -0.37028686 -0.38794101  0.64605957  0.72534148  0.36043609]
 [-0.49899217 -0.03990767  0.44499261 -0.65692179  0.72333248 -0.78454337
   0.02804353  0.70079394  0.17661696  0.6245432  -0.43156156 -0.02678383]
 [-0.82830312 -0.57806485 -0.48821891 -0.21369599  0.13767874 -0.37028686
   0.44324756  0.72304738  0.14147038  0.74111725  0.69498167  0.14716113]
 [ 0.74058446  0.02654102 -0.97683945 -0.52807475  0.57803316 -0.38794101
  -0.99085568  0.93799804  0.36995727 -0.19854314 -0.49128321 -0.6817617 ]
 [-0.66925792 -0.61996464  0.38020812 -0.51368489  0.21454139  0.64605957
  -0.90467543 -0.66682656  0.29958627  0.95299495 -0.18009465  0.81850453]
 [-0.60900928  0.5238306   0.27081828  0.70563359  0.74198297  0.72534148
   0.39977296 -0.83922127  0.45993823  0.84423931  0.4505221   0.47741624]
 [-0.24972618 -0.5052996  -0.2485164  -0.17336409  0.85103251  0.36043609
  -0.4023913   0.81601824  0.07844149 -0.58316845  0.06476907  0.21572609]]

[[-0.11653766  0.04547111 -0.10072425  0.15730179  0.02765092 -0.24203624
  -0.13614028 -0.41624904  0.65191112  0.35623332  0.78505246  0.12359909]
 [-0.04100591 -0.3245467  -0.37661509  0.20720539  0.10475042  0.18952325
  -0.44091012  0.33176267 -0.03076207  0.01098549 -0.18549375  0.21278882]
 [-0.18736046 -0.2680684  -0.50373831  0.40503338  0.13965092 -0.11393382
   0.68166    -0.08029941  0.61471453  0.79816956  0.04164249 -0.84329474]
 [ 0.19586346  0.07543313  0.32142148 -0.33209055 -0.08884413  0.28429901
  -0.70740573 -0.20251009 -0.5880642   0.62514197 -0.72929501 -0.75865789]
 [ 0.05178015  0.07481717  0.13994978 -0.11226408 -0.03879909  0.03089702
   0.81738799 -0.60185333  0.72691359 -0.32174286 -0.54856325  0.42984967]
 [-0.17228304  0.34191018  0.12628843  0.11005813 -0.03576718 -0.57937952
  -0.06704292  0.76121796 -0.84426212 -0.939326   -0.69084694 -0.71381647]
 [-0.13614028 -0.44091012  0.68166    -0.70740573  0.81738799 -0.06704292
  -0.30220907 -0.85713296 -0.1512443  -0.41124968 -0.01002236  0.97307244]
 [-0.41624904  0.33176267 -0.08029941 -0.20251009 -0.60185333  0.76121796
   0.69196343 -0.01173214 -0.42795642  0.57796199  0.49640317  0.71729036]
 [ 0.65191112 -0.03076207  0.61471453 -0.5880642   0.72691359 -0.84426212
  -0.02044859  0.45868351 -0.62956237  0.93180987  0.88987585  0.90971484]
 [ 0.35623332  0.01098549  0.79816956  0.62514197 -0.32174286 -0.939326
   0.33617029  0.10302985  0.22617659  0.46720522  0.79881902  0.63047668]
 [ 0.78505246 -0.18549375  0.04164249 -0.72929501 -0.54856325 -0.69084694
   0.89609861 -0.5556379   0.57705649  0.89731749  0.46544845 -0.7455397 ]
 [ 0.12359909  0.21278882 -0.84329474 -0.75865789  0.42984967 -0.71381647
  -0.39448854 -0.95379046  0.57223218 -0.45836777  0.55211577 -0.1803476 ]]
