A: 
[[-0.33357511 -0.12586396  0.1806221   0.18968208  0.46281066 -0.21564148
   0.02627215 -0.68256928  0.63239498  0.48488863  0.37980611  0.54811153]
 [ 0.1716003  -0.64964516 -0.23001037 -0.45973911 -0.24256159  0.58651177
   0.27136     0.76481197  0.70495039 -0.90730896 -0.65226109  0.77277901]
 [-0.17024856  0.32708799  0.49017387 -0.04240002 -1.01309413 -0.05563883
  -0.64834762  0.47377872  0.7364983   0.44246311 -0.31976045  0.51432199]
 [ 0.28630921 -0.20547035 -0.07899858 -0.39004441 -0.18442359  0.24566032
  -0.06835107  0.16786308  0.74455572 -0.900568    0.41864336  0.70310895]
 [-0.5457484  -0.74437728  0.14332114  0.51147189 -0.05252699 -0.53140599
   0.2797773   0.94120141  0.46844511 -0.81564736 -0.75167836  0.34059554]
 [-0.48071819  0.17149475  0.17838243  0.53929314 -0.45303072 -0.21414641
   0.03460644  0.81148486 -0.01139015  0.52167996 -0.98218588  0.14354557]
 [ 0.94220529  0.35761554 -0.3200096  -0.62296362  0.15583726  0.14204813
  -0.24700947 -0.64728964 -0.44201229  0.59406244  0.35455279 -0.1965119 ]
 [ 0.48316851  0.24819175 -0.46411575  0.10188679  0.86132769 -0.28594073
   0.31273575 -0.67887728 -0.10157645  0.39462526 -0.37712564  0.55502085]
 [ 0.12502579  0.42127133  0.17034835  0.06053591 -0.06094539 -0.35874739
  -0.37604677 -0.44001049 -0.10294524  0.88935766  0.38405926 -0.83722474]
 [-0.28293466  0.06016238 -0.21556267  0.37498739  0.04022121  0.20119419
   0.47387253  0.60119227  0.60626311  0.02586597  0.45807216 -0.99983153]] 
x segnato:[[ 0.04343721]
 [ 0.50150254]
 [ 0.38293194]
 [-0.81574197]
 [ 0.80977342]
 [-0.64829063]
 [-0.08324417]
 [ 0.54218493]
 [ 0.        ]
 [ 0.        ]
 [ 0.        ]
 [ 0.        ]]
Matrici Hi 

[[-0.70540328  0.06489909  0.38741182  0.69153342  0.28455735 -0.63946638
  -0.03746233 -0.38177837 -0.42138601  0.73885124 -0.91852302 -0.41342353]
 [-0.05945352  1.22042034 -0.37435241  0.77491969  0.2104769  -0.05407466
   0.3816065   0.08566374  0.82451127 -0.8739758   0.30537814 -0.31485805]
 [ 0.13705746 -0.07011734 -0.19830329 -0.02002359  0.03950964  0.08170066
   0.1865132   0.27782708  0.90680047 -0.68773512 -0.93598704 -0.68452827]
 [ 0.23721004  0.31235012 -0.40907493 -0.06412037  0.17581616  0.4798796
   0.35456907  0.06110727  0.98787288  0.68364798  0.21755982 -0.97628949]
 [ 0.19283307 -0.08550759 -0.04615512 -0.29308189  0.19891892  0.16125369
  -0.04493503 -0.45250594 -0.47664094  0.52683965  0.2247369  -0.78584028]
 [ 0.47009436  0.09140135  0.19079846 -0.55499758 -0.75930213  0.05720557
  -0.62940656  0.21861381  0.09001624 -0.41179749  0.35142192 -0.61910477]
 [ 0.30886356 -0.12868179  0.05611085 -0.56455835 -0.2616273   0.33759013
  -0.28095104 -0.15488218  0.95391323  0.39509278  0.48309913 -0.23063277]
 [-0.2030949  -0.39556452  0.25289686 -0.20673079 -0.35858982  0.15986113
  -0.16759825  0.25412664 -0.95882801 -0.346722    0.21440983  0.16070823]
 [-0.42138601  0.82451127  0.90680047  0.98787288 -0.47664094  0.09001624
   0.95391323 -0.95882801 -0.2921381  -0.5534321  -0.82167257 -0.44148626]
 [ 0.73885124 -0.8739758  -0.68773512  0.68364798  0.52683965 -0.41179749
   0.39509278 -0.346722   -0.13946206 -0.11645999 -0.00849145  0.09467823]
 [-0.91852302  0.30537814 -0.93598704  0.21755982  0.2247369   0.35142192
   0.48309913  0.21440983 -0.13081288  0.0469708  -0.44216725 -0.55013322]
 [-0.41342353 -0.31485805 -0.68452827 -0.97628949 -0.78584028 -0.61910477
  -0.23063277  0.16070823 -0.44034021  0.42778666  0.99605817  0.0114645 ]]

[[ 0.09917379  0.71338586 -0.03425557  0.32260149 -0.48909572 -0.19573854
  -0.14945892  0.5511686  -0.84331339  0.09032775  0.10177079  0.56057766]
 [-0.03670812 -0.44421128 -0.39007096  0.01691033 -0.10637647  0.45889998
   0.60584045  1.12143698  0.89355576 -0.8919018  -0.52448957  0.70606667]
 [-0.16349526 -1.05517385  0.18474301 -0.27171088  0.31387153 -0.14884557
   0.03024252 -0.20835258  0.40566297 -0.20114688  0.46410156  0.13007895]
 [ 0.0196142   0.13941222 -0.20837332  0.04828994 -0.04227892  0.29384593
   0.24409141  0.32584068 -0.96707772  0.90868371 -0.26904259  0.85360214]
 [-0.17223661  0.81902085  0.19773183  0.26807514 -0.05228396 -0.07249369
  -0.26970745 -0.58866957  0.17543015  0.13346194  0.28878977 -0.1586846 ]
 [ 0.08374111 -0.11090853 -0.1205561  -0.22470152  0.33052006  0.30333446
   0.13931383 -0.44523135 -0.84142699 -0.84618762 -0.35719858 -0.94228431]
 [ 0.14854138  1.04904688 -0.15841479  0.16155608 -0.08152241  0.26176628
  -0.04201683 -0.28287804 -0.56762545  0.28091603 -0.79608221  0.71936235]
 [ 0.55564139  0.85946207 -0.48574712  0.04274684 -0.35212194  0.27999704
   0.1360091   0.64678335  0.45616632  0.18058342 -0.98931425  0.07389922]
 [-0.84331339  0.89355576  0.40566297 -0.96707772  0.17543015 -0.84142699
  -0.56762545  0.45616632 -0.34439836  0.50220045  0.4071383   0.35247952]
 [ 0.09032775 -0.8919018  -0.20114688  0.90868371  0.13346194 -0.84618762
   0.28091603  0.18058342  0.11302328 -0.63725047 -0.33054014  0.13430282]
 [ 0.10177079 -0.52448957  0.46410156 -0.26904259  0.28878977 -0.35719858
  -0.79608221 -0.98931425 -0.09861515  0.9322671  -0.14122759  0.11440883]
 [ 0.56057766  0.70606667  0.13007895  0.85360214 -0.1586846  -0.94228431
   0.71936235  0.07389922 -0.71908804  0.51972372  0.55914956  0.05200673]]

[[ 0.67935785 -0.19052616 -0.05978985 -0.58748069 -0.00532062 -0.12914844
  -0.35008127 -0.3463425  -0.25948508  0.57979551  0.61707462 -0.68151115]
 [-0.18266361  1.06409662 -0.05556652  0.52668711 -0.05860001  0.03581356
   0.04256209 -0.12253655  0.16814209  0.60123811 -0.25275129  0.95371805]
 [-0.22936166 -0.22402757  0.01021734  0.07446934 -0.12533222  0.15341772
   0.16532846  0.42327153 -0.96564999 -0.17209918 -0.23092908 -0.2109315 ]
 [-0.39589231  0.58311303 -0.01121765  0.59662166  0.10548718 -0.06856775
   0.20475637  0.00557955  0.71963233 -0.35096431  0.29892649  0.06731406]
 [ 0.34903525 -0.20383132 -0.25231297 -0.33521748  0.42936302  0.1970518
   0.15697552 -0.43407251 -0.74238666  0.20062548  0.15511359 -0.73331382]
 [-0.249956    0.25275747  0.12693867  0.174832   -0.0873028   0.05653918
  -0.04354275 -0.08127564 -0.38255686  0.04394649 -0.48396763 -0.38210781]
 [-0.10275314  0.265807    0.01995168  0.20117278  0.20497381 -0.11366579
   0.01627302 -0.34287814  0.2759968   0.74099652 -0.47357937  0.44674819]
 [-0.43476665  0.41136999  0.39608048  0.58300182 -0.30215216 -0.6232332
  -0.31394718  0.10541591  0.81510346 -0.49709953 -0.80810546  0.81912431]
 [-0.25948508  0.16814209 -0.96564999  0.71963233 -0.74238666 -0.38255686
   0.2759968   0.81510346 -0.13712196  0.83450374 -0.8613329  -0.22925875]
 [ 0.57979551  0.60123811 -0.17209918 -0.35096431  0.20062548  0.04394649
   0.74099652 -0.49709953 -0.8924731  -0.99112207  0.9243288  -0.26584975]
 [ 0.61707462 -0.25275129 -0.23092908  0.29892649  0.15511359 -0.48396763
  -0.47357937 -0.80810546 -0.29137271  0.38573575  0.48449594 -0.75626314]
 [-0.68151115  0.95371805 -0.2109315   0.06731406 -0.73331382 -0.38210781
   0.44674819  0.81912431  0.94841366  0.09502497  0.79611775  0.6715508 ]]

[[ 0.23509536  0.88931671 -0.34184603 -0.18622225  0.098392    0.87277243
   0.17764958 -0.48726625 -0.65717428 -0.90448368 -0.60945671 -0.54103143]
 [-0.39386187 -0.07552088  0.30394779 -0.10079988  0.2263823   0.24348806
  -0.12086477 -0.83821123 -0.01737187  0.39193292  0.43233059  0.41974101]
 [-0.30443467 -0.43991384  0.05997888  0.21077318  0.16733166 -0.19492898
   0.19720489  0.2074558   0.31046677 -0.91174419 -0.74679012 -0.25634344]
 [ 0.25160669 -0.21351287  0.14587057 -0.21063965  0.04116684 -0.40319838
  -0.3319162  -0.33706871  0.27823203  0.9450753  -0.62311217  0.50067188]
 [ 0.41159085  0.57615325 -0.0049424  -0.25334296 -0.22788401  0.0819547
  -0.36601131 -0.35096458 -0.8678064  -0.40703337  0.18716284 -0.18959128]
 [-0.59507154 -0.55815141  0.36743927  0.32463208 -0.33644902 -0.34625907
  -0.03166996  0.69709641 -0.74463673  0.5567293  -0.48974552 -0.67033416]
 [ 0.33234686  0.03746523  0.10490996 -0.15893694 -0.33564223 -0.35498925
  -0.38831559  0.14713369  0.87577942  0.5143872   0.18584508 -0.96668259]
 [ 0.39314442 -0.36044125 -0.16552859 -0.06842638 -0.05379324 -0.42695113
   0.00751787  0.53408248  0.98952668  0.22479377 -0.44291237  0.32688085]
 [-0.65717428 -0.01737187  0.31046677  0.27823203 -0.8678064  -0.74463673
   0.87577942  0.98952668  0.94419415  0.64625607 -0.61094406 -0.03347756]
 [-0.90448368  0.39193292 -0.91174419  0.9450753  -0.40703337  0.5567293
   0.5143872   0.22479377  0.1887479  -0.7005651  -0.74424559 -0.41157139]
 [-0.60945671  0.43233059 -0.74679012 -0.62311217  0.18716284 -0.48974552
   0.18584508 -0.44291237 -0.47951908 -0.2065788   0.52819161 -0.60130522]
 [-0.54103143  0.41974101 -0.25634344  0.50067188 -0.18959128 -0.67033416
  -0.96668259  0.32688085  0.68422624  0.7721986   0.7923867  -0.44943007]]

[[-0.73004479 -0.1451545   0.56031612  0.193122    0.07841076 -0.10365306
  -0.23669163 -0.66367772  0.47783111  0.83401779  0.04337741  0.16679738]
 [ 0.15834056 -0.11757201  0.42748909  0.09194144 -0.0483683  -1.13366842
  -0.66467982 -0.41525175 -0.91645568  0.02038951 -0.81953031 -0.21421727]
 [ 0.18953411  0.13635927 -0.13830365 -0.01887816  0.03191397 -0.00002714
   0.04072825  0.03768411 -0.27899746 -0.0205453   0.3556668   0.75767753]
 [ 0.5450685  -0.17081118 -0.19000232 -0.00022914  0.13019663 -0.69709348
  -0.07789586  0.21245542  0.79244768 -0.25073294 -0.63753396 -0.20716975]
 [ 0.35684616 -0.24013553 -0.23068943 -0.38320544 -0.03676777  0.31145336
   0.10130933  0.21237361 -0.69609582 -0.82943758 -0.96639147 -0.0623614 ]
 [-0.01363851  0.29861479 -0.12512242 -0.15885436 -0.40963256  0.7143155
   0.10989501  0.42551318 -0.71583199  0.21094514 -0.34018958 -0.54216646]
 [ 0.2343546  -0.08325136 -0.26508393 -0.13890511 -0.08976031  0.2471516
   0.20496245  0.46651273  0.72501535  0.96640309  0.41278115  0.77256588]
 [-0.39686534  0.07732798  0.03056265  0.52727685  0.1668964  -0.27403946
   0.22543958  0.16850213 -0.85371794 -0.43651823  0.49366989 -0.4986983 ]
 [ 0.47783111 -0.91645568 -0.27899746  0.79244768 -0.69609582 -0.71583199
   0.72501535 -0.85371794 -0.61409765  0.75627501 -0.06912834 -0.95234645]
 [ 0.83401779  0.02038951 -0.0205453  -0.25073294 -0.82943758  0.21094514
   0.96640309 -0.43651823  0.93400912  0.49959888 -0.59449425 -0.25310974]
 [ 0.04337741 -0.81953031  0.3556668  -0.63753396 -0.96639147 -0.34018958
   0.41278115  0.49366989 -0.79060159  0.27782583 -0.65074019  0.53070122]
 [ 0.16679738 -0.21421727  0.75767753 -0.20716975 -0.0623614  -0.54216646
   0.77256588 -0.4986983  -0.12261897 -0.19026369  0.72415669 -0.56709661]]

[[ 0.18756264  0.30114816  0.03899355  0.26557015 -0.01981864 -0.65907344
  -0.22107543 -0.00879586  0.42474506  0.55694126 -0.99738647  0.41634582]
 [ 0.52867919 -0.73590373  0.1399991  -0.37963815 -0.27805554 -0.74821843
  -0.45305766  0.37755683  0.19488833 -0.94519244  0.72316509 -0.89963105]
 [-0.09052859  0.49170009  0.01417564 -0.14071111 -0.0833124   0.61222258
  -0.03472732 -0.4074067   0.82991677 -0.01418683  0.16632418  0.64680208]
 [ 0.07187774 -0.54568401  0.10095777 -0.29314264 -0.04367086 -0.04366653
  -0.10872518  0.03941479  0.25226468 -0.58689263  0.9809327   0.14584988]
 [-0.19301986  0.03791443 -0.02080194  0.44282722  0.23455106 -0.41833694
   0.1670367   0.08822473  0.47842862  0.58215514  0.27538955  0.64395497]
 [ 0.01327731 -0.72615887 -0.1817761  -0.00062212  0.05323034 -0.0926904
   0.34263281  0.75658895  0.21539895 -0.45474806  0.07140164  0.8221161 ]
 [-0.09091462 -0.7553976  -0.0659845   0.08945512  0.17818741 -0.29617481
   0.26878682  0.50308272 -0.07062632  0.58368782 -0.80613192 -0.30383729]
 [ 0.08904527 -0.79549123 -0.00095709 -0.44902666 -0.05171539  0.22998502
   0.05128889  0.24841668 -0.31634076 -0.38180076 -0.57720463 -0.34010885]
 [ 0.42474506  0.19488833  0.82991677  0.25226468  0.47842862  0.21539895
  -0.07062632 -0.31634076  0.0286721  -0.01139146 -0.54950187  0.30688054]
 [ 0.55694126 -0.94519244 -0.01418683 -0.58689263  0.58215514 -0.45474806
   0.58368782 -0.38180076 -0.97340159  0.02258253 -0.91307868 -0.93884581]
 [-0.99738647  0.72316509  0.16632418  0.9809327   0.27538955  0.07140164
  -0.80613192 -0.57720463 -0.1253847  -0.97015652  0.90405667  0.26619333]
 [ 0.41634582 -0.89963105  0.64680208  0.14584988  0.64395497  0.8221161
  -0.30383729 -0.34010885 -0.68468839  0.92985822  0.10783445 -0.55526086]]

[[ 0.06242521 -0.02353412 -0.27594648  0.24439726  0.06298844 -0.09473214
   0.33648447  0.58677274  0.45467485  0.48427549  0.60603999 -0.74123931]
 [ 0.45727394 -0.39495277 -0.69596508  0.02942944  0.97669819 -0.08974998
   0.73995255 -0.07009544 -0.20807407  0.32118255  0.39652979 -0.02453907]
 [-0.21030535  0.02667142  0.19458054 -0.18287379 -0.1983379   0.39298117
  -0.1362269  -0.19564604  0.32991492 -0.49633621  0.16032873 -0.74185312]
 [ 0.18192352 -0.18517643  0.19743666 -0.25210952  0.13304867 -0.30844955
  -0.3535226  -0.6145839  -0.3239788   0.22261685  0.15794558  0.10106385]
 [ 0.30257603  0.24162489 -0.13433726  0.18444535 -0.00188053 -0.46999231
  -0.05635065  0.19585151  0.12983916  0.02479646 -0.46888719  0.33245443]
 [ 0.08470947  0.06212519 -0.49109742  0.28400818  0.46004322  0.10054561
   0.62050715  0.29684661 -0.63885184  0.74446638 -0.52661971  0.22311916]
 [ 0.19241164  0.04973031  0.01734663  0.08673953  0.08359123 -0.47890056
  -0.1540344  -0.11199032  0.00863216  0.84947535 -0.11258398 -0.97099576]
 [-0.30303976 -0.2807406   0.63349643 -0.26875577 -0.31013005 -0.13224291
  -0.62530338 -0.55322491  0.90667476  0.12113489 -0.55214808 -0.20768381]
 [ 0.45467485 -0.20807407  0.32991492 -0.3239788   0.12983916 -0.63885184
   0.00863216  0.90667476  0.48734147 -0.1529991   0.31448655 -0.62637529]
 [ 0.48427549  0.32118255 -0.49633621  0.22261685  0.02479646  0.74446638
   0.84947535  0.12113489  0.05667762  0.33966514 -0.98602046 -0.49482586]
 [ 0.60603999  0.39652979  0.16032873  0.15794558 -0.46888719 -0.52661971
  -0.11258398 -0.55214808 -0.46210921  0.0392182   0.87523387 -0.34001459]
 [-0.74123931 -0.02453907 -0.74185312  0.10106385  0.33245443  0.22311916
  -0.97099576 -0.20768381 -0.4424996   0.68614134 -0.03816278 -0.46846926]]

[[-0.09003287  1.00089171  0.37025283  0.29942698 -0.15647267 -0.42219682
  -0.58809081 -0.81097788  0.04533289 -0.20647728 -0.86865348  0.13733419]
 [ 0.54578116  0.62484525 -0.35926863  0.10836254 -0.41753471 -0.11170343
   0.00339887  0.79267678  0.9421852   0.79095191  0.49221449 -0.49058613]
 [-0.09438463 -0.91571195 -0.08343129 -0.09532839  0.3267996  -0.06510989
   0.3251618   0.25032504 -0.97893195  0.72907724 -0.6876224  -0.44529717]
 [ 0.20286821 -0.2306421  -0.30404194 -0.26764614 -0.15802823  0.51741248
   0.29504246  0.617841   -0.9295124  -0.90471793 -0.18950973  0.55750761]
 [-0.37218582 -0.2527219   0.26581865 -0.09380982 -0.08339736  0.23782523
  -0.07621863 -0.17279712 -0.8000197  -0.48916497 -0.05334731 -0.30749183]
 [ 0.30111705  0.55446088 -0.19645653  0.17855467 -0.18306009 -0.17073055
  -0.02746444  0.31865561  0.30269509 -0.17303139 -0.61648019 -0.9323577 ]
 [ 0.08802107  0.4528966  -0.07045252 -0.09474382 -0.27890785  0.40194122
  -0.04597933  0.0858309   0.10770638 -0.15733366  0.62320021 -0.05601962]
 [ 0.4867712   1.06345048 -0.30178007 -0.0643275  -0.21035412  0.34623542
  -0.08653577 -0.10894475 -0.7215738  -0.51286172  0.55347605  0.24482033]
 [ 0.04533289  0.9421852  -0.97893195 -0.9295124  -0.8000197   0.30269509
   0.10770638 -0.7215738  -0.7025654  -0.4513636   0.58321619 -0.26912923]
 [-0.20647728  0.79095191  0.72907724 -0.90471793 -0.48916497 -0.17303139
  -0.15733366 -0.51286172 -0.79954863  0.75323718 -0.93112318 -0.32416441]
 [-0.86865348  0.49221449 -0.6876224  -0.18950973 -0.05334731 -0.61648019
   0.62320021  0.55347605 -0.02413755 -0.40852495 -0.47754664  0.53213909]
 [ 0.13733419 -0.49058613 -0.44529717  0.55750761 -0.30749183 -0.9323577
  -0.05601962  0.24482033 -0.87161268  0.2649544   0.78004861 -0.68666481]]

[[-0.01122791  0.55874409  0.04945742  0.04502486 -0.4129291   0.22147048
  -0.16258285  0.1591181   0.21600757 -0.05977096 -0.8312301  -0.71138042]
 [ 0.27548509  0.49387418 -0.47121707  0.18675168 -0.37197962  0.30369298
   0.35627075  1.08278067  0.03544014  0.55483553  0.81707703 -0.90287846]
 [ 0.02537655 -0.23501365  0.10007103 -0.07742911  0.07656289 -0.20057379
  -0.11334972 -0.16606194  0.04707268  0.78138399  0.17670512 -0.41843267]
 [-0.07650005 -0.33616195 -0.1029717   0.01786674  0.05953447  0.08410506
   0.24123226  0.34733494 -0.31392699  0.05876724  0.69978886 -0.46057032]
 [-0.01132425 -0.52985689  0.35980177 -0.20460029 -0.23698146 -0.41596038
  -0.41304425  0.00497175  0.76758141 -0.78877131 -0.41564027 -0.88485636]
 [ 0.23961711  0.36848188 -0.37117251  0.15279145  0.32513857  0.05144303
   0.30354359 -0.05361684 -0.83556224  0.91482383  0.77182928  0.81422497]
 [-0.06725166 -0.1615635  -0.07946713  0.03527875  0.2141074   0.05384433
   0.18719672 -0.03790015 -0.44685042  0.38097567 -0.09561963  0.91280281]
 [-0.30725677  0.43612415 -0.43564279  0.29980439  0.5924397   0.7769173
   0.7620884  -0.24620766 -0.93020453 -0.19616131  0.32756521  0.65236695]
 [ 0.21600757  0.03544014  0.04707268 -0.31392699  0.76758141 -0.83556224
  -0.44685042 -0.93020453 -0.11585566  0.35988082 -0.78912168  0.77100435]
 [-0.05977096  0.55483553  0.78138399  0.05876724 -0.78877131  0.91482383
   0.38097567 -0.19616131  0.88695026 -0.31233428  0.93480877  0.9174928 ]
 [-0.8312301   0.81707703  0.17670512  0.69978886 -0.41564027  0.77182928
  -0.09561963  0.32756521 -0.71377505  0.68433862 -0.61940504  0.00838175]
 [-0.71138042 -0.90287846 -0.41843267 -0.46057032 -0.88485636  0.81422497
   0.91280281  0.65236695 -0.342569    0.54844205 -0.17168874  0.63133605]]

[[ 0.21581367  0.4574556  -0.45879525  0.28445176  0.43596306  0.02982198
   0.43108957 -0.02338439 -0.6150999  -0.19496856  0.53638305 -0.49264737]
 [ 0.80283877  0.22558961 -0.15983088 -0.21332454 -0.31515207 -0.52669053
  -0.37429577  0.314816    0.0583977  -0.08332781 -0.32994199 -0.77545886]
 [-0.35744156 -0.20701459  0.15903532  0.01232783  0.09140144  0.19162832
   0.06097495 -0.20174575  0.76176668  0.00349399  0.43598199  0.12264362]
 [ 0.31049951 -0.29153383  0.0817019  -0.24513069 -0.30845639 -0.30343089
  -0.29400806  0.31100263 -0.46853924 -0.69008312  0.94353259 -0.60594454]
 [ 0.33953539 -0.06311524 -0.4037763   0.16017338  0.11563627 -0.23464903
   0.33078791  0.64549885  0.60380353  0.82928409  0.92365228  0.44550346]
 [ 0.01246713  0.18712308  0.36991484 -0.21333642 -0.51996537 -0.05184639
  -0.56199227 -0.14436123 -0.35080694  0.1288959  -0.29119878 -0.26921503]
 [ 0.24000912 -0.06596853  0.0942431  -0.1682236  -0.36381998 -0.21581521
  -0.29894879  0.27896457  0.450049    0.30560115 -0.05566305  0.7723923 ]
 [-0.27482102 -0.0552847   0.57544013 -0.34339832 -0.38751398  0.16214983
  -0.60357223 -0.59330005 -0.90832072  0.32657741 -0.7978365  -0.40297187]
 [-0.6150999   0.0583977   0.76176668 -0.46853924  0.60380353 -0.35080694
   0.450049   -0.90832072  0.45498261  0.17033356  0.93822634 -0.75384233]
 [-0.19496856 -0.08332781  0.00349399 -0.69008312  0.82928409  0.1288959
   0.30560115  0.32657741 -0.55166188 -0.63424379  0.28344984  0.54818468]
 [ 0.53638305 -0.32994199  0.43598199  0.94353259  0.92365228 -0.29119878
  -0.05566305 -0.7978365  -0.390595    0.70729231 -0.02817121  0.47071187]
 [-0.49264737 -0.77545886  0.12264362 -0.60594454  0.44550346 -0.26921503
   0.7723923  -0.40297187  0.21250079 -0.64935558 -0.45559335 -0.38159493]]
