A: 
[[-0.20053308 -0.57829619 -0.85304959  0.19300406  0.17406805 -0.53705769
   1.06671558 -0.33590952  0.64483733  0.25921308  0.70484546  0.85533553]
 [-0.79943214  0.53569438  0.56876238 -0.18458767  0.06503146 -0.18492171
   0.67385102  0.36784379  0.76841759 -0.73150866  0.19064573 -0.81882796]
 [ 0.30301508  0.46787678 -0.13866368 -0.4220427   0.15289731  0.35312194
  -0.26887251 -0.02820424 -0.91525177 -0.73146168  0.62811564 -0.91616257]
 [-0.73134681  1.00250389  0.2792599  -0.34471367  0.13914698  0.17358551
   0.49987985 -0.0405136   0.56505306 -0.33222001 -0.71319684  0.75034497]
 [-0.43748235  0.41825372 -0.12952434  0.06615431 -0.11026765  0.11949126
   0.1963257  -0.40624852 -0.81829429 -0.95383367  0.60257678  0.15924204]
 [-0.41824019  0.07838708  0.26360317  0.56965946 -0.70413544  0.16687267
  -0.56059647 -0.42772413  0.67543995 -0.46208195 -0.87070966 -0.65825693]
 [ 0.37939232 -0.15861531 -0.46520117 -0.09888128 -0.60335953  0.07802803
  -0.45732743 -0.05726062 -0.5094999   0.41139136 -0.95554774  0.3754044 ]
 [-0.36992285  1.14492462  0.72437221 -0.41030679 -0.38872982  0.5252494
  -0.5777908   0.2268748   0.96095181 -0.93286591  0.20600395  0.33245867]
 [ 0.26738603  0.31640733  0.0814935  -0.37117187  0.85144494  0.19970895
   0.16894577  0.0867356  -0.77606902  0.64255661  0.89561703  0.41755305]
 [ 0.32126798 -0.64899394  0.70096484  0.36844443  0.3182574  -0.14037131
  -0.39769522  0.4181386  -0.8577936   0.72248711 -0.76774587 -0.14850834]] 
x segnato:[[ 0.64291511]
 [ 0.78746077]
 [-0.10311971]
 [-0.91206133]
 [-0.21050375]
 [ 0.06202942]
 [-0.34037291]
 [-0.48658803]
 [ 0.        ]
 [ 0.        ]
 [ 0.        ]
 [ 0.        ]]
Matrici Hi 

[[ 0.11116836 -0.69082161  0.42746935  0.32927574  0.20897368 -0.34087476
   0.03919226  0.38297953  0.22182099 -0.97931636  0.32819941 -0.00643289]
 [ 0.00133611  0.76251854  0.12803623 -0.3289183   0.10280304  0.46983367
  -0.32647898 -0.13433134  0.37595777 -0.34408177  0.44836504 -0.34582848]
 [-0.14747008  0.38216108 -0.10949961 -0.16628426  0.09931689  0.13192903
   0.15550306 -0.15704566  0.47216107 -0.3265145   0.25613822  0.66242564]
 [-0.27773257  0.20041463 -0.11918238  0.04254222 -0.19649736  0.02308092
   0.12404837 -0.21031225 -0.73134759 -0.39798981  0.6087527  -0.39759192]
 [ 0.43170089 -0.42873357 -0.05598677  0.35407532  0.78458662  0.1036515
  -0.1395734  -0.3674821   0.25364908  0.97401239  0.11916909  0.04856157]
 [-0.11263076  0.34905695  0.33236934 -0.05527415  0.08151196  0.19625244
  -0.18087772  0.02384041 -0.96963655 -0.30660468 -0.58630623  0.99285872]
 [ 0.43252645 -0.27680135 -0.59526088  0.04026238  0.21539673  0.06490871
  -0.0467418  -0.36783391 -0.89706455  0.17751405  0.31873618  0.67413565]
 [ 0.17108576 -0.41009924 -0.12003477 -0.02718076  0.07233687 -0.26784477
   0.22975366  0.24536025 -0.63262496  0.59516543 -0.47671775  0.85529857]
 [ 0.22182099  0.37595777  0.47216107 -0.73134759  0.25364908 -0.96963655
  -0.89706455 -0.63262496  0.26236287  0.85875164  0.69410816 -0.55026398]
 [-0.97931636 -0.34408177 -0.3265145  -0.39798981  0.97401239 -0.30660468
   0.17751405  0.59516543 -0.51276098 -0.94921725 -0.34127011 -0.27254031]
 [ 0.32819941  0.44836504  0.25613822  0.6087527   0.11916909 -0.58630623
   0.31873618 -0.47671775  0.19923772  0.79795549  0.18253334 -0.24171872]
 [-0.00643289 -0.34582848  0.66242564 -0.39759192  0.04856157  0.99285872
   0.67413565  0.85529857 -0.14242562  0.93242384 -0.2790734   0.71183212]]

[[ 0.04839848  0.06191153 -0.51311859  0.0770938   0.29998684  0.12446301
   0.19163878 -0.56481241  0.26659192  0.85231332  0.15041857  0.24864668]
 [-0.11436161  0.11031595 -0.00717808  0.02972049 -0.29844929  0.05003387
  -0.12868102 -0.06416798 -0.25441527  0.1576588   0.76189726  0.24955306]
 [ 0.02982023 -0.23623861 -0.01923007  0.58359444 -0.20312171  0.18168301
  -0.54118282 -0.56037859  0.68546832  0.33416207 -0.25480411  0.34283814]
 [-0.39861522 -0.06750473  0.17057671  0.2274531  -0.09668801 -0.18567663
   0.2761322  -0.01511913 -0.22405344 -0.27797016  0.48815011 -0.30306885]
 [ 0.01754144  0.65055345  0.07236643  0.18771774  0.04082389  0.70564179
  -0.79090283 -0.75407982 -0.42109183  0.96190128  0.2676411  -0.53540177]
 [-0.31780547  0.07345558 -0.25185277  0.21378767 -0.12309093 -0.01312113
   0.21768011 -0.42246595  0.17161188 -0.00461184 -0.53320396  0.52462165]
 [ 0.43291034  0.35898705  0.62712236 -0.51435788  0.03417472  0.29197235
  -0.66810364  0.70036512 -0.20489165 -0.32075845 -0.09926852 -0.51554407]
 [ 0.62766234 -0.2800661  -0.11999402  0.03128165  0.15971926  0.19145435
  -0.55565688 -0.0635136  -0.83176981  0.30486297  0.77022802 -0.88894966]
 [ 0.26659192 -0.25441527  0.68546832 -0.22405344 -0.42109183  0.17161188
  -0.20489165 -0.83176981  0.23535711  0.05535111  0.2199054  -0.31514895]
 [ 0.85231332  0.1576588   0.33416207 -0.27797016  0.96190128 -0.00461184
  -0.32075845  0.30486297  0.73862946 -0.14753292  0.7970102  -0.17664801]
 [ 0.15041857  0.76189726 -0.25480411  0.48815011  0.2676411  -0.53320396
  -0.09926852  0.77022802  0.88789665 -0.99530949 -0.47488162  0.01701969]
 [ 0.24864668  0.24955306  0.34283814 -0.30306885 -0.53540177  0.52462165
  -0.51554407 -0.88894966 -0.29701266 -0.15756909 -0.72778375  0.19921929]]

[[ 0.12158954 -0.05609121  0.52563517  0.10952924  0.22055584  0.09302614
  -0.34007886  0.20309339 -0.2987767  -0.25707907 -0.88266724  0.80860125]
 [-0.50427855  0.55709833 -0.79129636 -0.14197222 -0.54811394  0.08397794
   0.41942248 -0.62312136 -0.61673398 -0.57908726 -0.50160079 -0.54917801]
 [ 0.53511637 -0.00382179 -0.57852036 -0.41469865 -0.36162016  0.11554553
  -0.3081336   0.07680278 -0.08786791  0.39958602 -0.77579408  0.51085806]
 [ 0.25960877 -0.20000127  0.22102536 -0.10869825  0.30527815 -0.08033209
  -0.01219514  0.35533122  0.93556671  0.23033319 -0.03940493 -0.51344933]
 [ 0.22191023 -0.35313004 -0.74124777  0.42679001  0.30667574  0.09118952
   0.04691833 -0.87722337  0.56594337  0.81261031 -0.49942293  0.91741177]
 [-0.21184333  0.34567327 -0.18030077 -0.13570225 -0.15860468  0.08446593
   0.13195208 -0.16111441 -0.12010928  0.78869224  0.98927767 -0.6895536 ]
 [-0.10638615 -0.4007298  -0.47542823  0.50006316  0.17822656 -0.12381329
   0.30140062 -0.65217485  0.82188715 -0.78831462  0.63508461  0.90072651]
 [ 0.38800228 -0.13997701 -0.03998409 -0.11467354 -0.29097015  0.07900953
  -0.47441886  0.1920927  -0.03491373  0.2833182  -0.16243156  0.62238005]
 [-0.2987767  -0.61673398 -0.08786791  0.93556671  0.56594337 -0.12010928
   0.82188715 -0.03491373 -0.83095051  0.76984443 -0.94693747  0.50564887]
 [-0.25707907 -0.57908726  0.39958602  0.23033319  0.81261031  0.78869224
  -0.78831462  0.2833182   0.03933587  0.79956229  0.76068034  0.4501986 ]
 [-0.88266724 -0.50160079 -0.77579408 -0.03940493 -0.49942293  0.98927767
   0.63508461 -0.16243156 -0.52759314  0.33528905 -0.58714959  0.71116387]
 [ 0.80860125 -0.54917801  0.51085806 -0.51344933  0.91741177 -0.6895536
   0.90072651  0.62238005  0.85985373 -0.22799186 -0.39865731  0.39083566]]

[[ 0.25992152 -0.06623063  0.19727258 -0.24908362  0.50899721 -0.05640885
   0.14142134  0.38069797 -0.55557357 -0.1027107  -0.03159244  0.52492503]
 [-0.05090871  0.25191954  0.05803961  0.22703938  0.30686235  0.31923175
  -0.22563061 -0.50491319 -0.84745527 -0.46091222  0.03722508  0.58753321]
 [ 0.53647571 -0.39925708 -0.16379183 -0.36519656 -0.34344152 -0.20465584
  -0.18543828  0.62684037  0.87486306  0.08703466  0.25187018 -0.03970253]
 [ 0.10089076 -0.15366424 -0.18488713  0.23293613 -0.66498952  0.1022269
  -0.55238044 -0.22909775 -0.93997009 -0.92339535 -0.73953574  0.62821861]
 [ 0.48745729 -0.16286566 -0.30543941 -0.40140423 -0.87067482 -0.03063228
  -0.5247581   0.46982498 -0.01284505  0.00368497 -0.69997277  0.19012518]
 [ 0.17628586  0.08905941  0.08200075  0.19251709  0.23723074  0.31014679
  -0.42889684 -0.35004283 -0.88038966  0.82969322  0.72503699  0.04731867]
 [-0.38792333  0.11275939 -0.25301222 -0.14615745 -0.6796074  -0.22922648
   0.33301567  0.11911508  0.40185373  0.65041229 -0.91239783 -0.19353285]
 [ 0.14405183 -0.24412917  0.08078581 -0.62925721  0.39135121 -0.52590007
   0.83491639  0.9962477   0.48606744 -0.50722299 -0.64152957 -0.947667  ]
 [-0.55557357 -0.84745527  0.87486306 -0.93997009 -0.01284505 -0.88038966
   0.40185373  0.48606744 -0.81820964 -0.85529922  0.65438648 -0.42248058]
 [-0.1027107  -0.46091222  0.08703466 -0.92339535  0.00368497  0.82969322
   0.65041229 -0.50722299  0.67005837  0.87095285 -0.46598338  0.502133  ]
 [-0.03159244  0.03722508  0.25187018 -0.73953574 -0.69997277  0.72503699
  -0.91239783 -0.64152957  0.10010629 -0.43286928 -0.83532675  0.35062303]
 [ 0.52492503  0.58753321 -0.03970253  0.62821861  0.19012518  0.04731867
  -0.19353285 -0.947667   -0.04829839 -0.4268242  -0.56424374  0.05925887]]

[[ 0.32703751 -0.31458976 -0.69136261  0.31080789 -0.64373595  0.1605405
  -0.58868536 -0.60364881 -0.47879277  0.53033183 -0.41533878  0.03155746]
 [-0.23856279  0.5912447   0.10795416 -0.39024624  0.12353776  0.11539997
   0.25398604  0.1308106   0.04110635  0.05830631  0.77401637 -0.91888156]
 [-0.47569812  0.26974101  0.44855281 -0.19520412  0.4151522  -0.22096263
   0.69935876  0.3915781   0.28782861 -0.91560773 -0.90986252  0.59881492]
 [-0.27205512 -0.17041659  0.79191919  0.48103002  0.35013577 -0.04960122
  -0.08869139  0.06809113 -0.0401183  -0.77467655  0.73279349  0.83738481]
 [-0.13423636  0.16982241  0.31656918 -0.01091518 -0.33511018  0.06560129
  -0.27132376  0.17322015  0.146431    0.54445812 -0.78090875  0.3501069 ]
 [-0.15427196  0.1990136   0.10746576  0.16469027 -0.0970572   0.17829334
  -0.21944192 -0.25828802 -0.16775701  0.45111453 -0.74561509  0.09783197]
 [ 0.13895076  0.0967918   0.09003094 -0.52389837  0.09779444 -0.14961287
   0.26550314  0.62316807  0.95455745  0.23876075 -0.52144524  0.109837  ]
 [ 0.17237964 -0.03598041 -0.70680062 -0.51382255 -0.07353033 -0.23248568
   0.56857173  0.18922167  0.1692586  -0.36371218 -0.2831954   0.32702895]
 [-0.47879277  0.04110635  0.28782861 -0.0401183   0.146431   -0.16775701
   0.95455745  0.1692586   0.73773626 -0.91585393 -0.20549634  0.08739796]
 [ 0.53033183  0.05830631 -0.91560773 -0.77467655  0.54445812  0.45111453
   0.23876075 -0.36371218  0.17392077 -0.75220268 -0.16428823 -0.07304119]
 [-0.41533878  0.77401637 -0.90986252  0.73279349 -0.78090875 -0.74561509
  -0.52144524 -0.2831954  -0.61028568  0.15059341  0.19284228 -0.10455998]
 [ 0.03155746 -0.91888156  0.59881492  0.83738481  0.3501069   0.09783197
   0.109837    0.32702895  0.9639608   0.68132027  0.23457513 -0.08277677]]

[[ 0.16342803  0.45128215  0.28376178 -0.08417444  0.24185405  0.45081881
  -0.52796798 -0.14791069 -0.74061827 -0.14680788  0.38929723 -0.49811346]
 [ 0.11225561 -0.41716841 -0.68586264  0.13439623 -0.16629043 -0.20468928
   0.26425062 -0.30202031  0.5828205   0.20802759  0.57651146  0.42010629]
 [-0.43134722 -0.07033091 -0.23236729  0.53904704 -0.43965955 -0.00349466
  -0.01435726 -0.64177611 -0.53814636  0.22471648 -0.32989275  0.54679259]
 [-0.09298308 -0.25986241  0.67879044  0.14219944  0.33090321 -0.21778581
   0.11258974  0.47160741  0.80333251  0.395684    0.07818935  0.89135109]
 [ 0.44109276 -0.47684805  0.67409367  0.62840138  0.57617225  0.24642125
  -0.82671166 -0.15530055 -0.99718589 -0.69348738 -0.75279815  0.85331384]
 [ 0.13617245 -0.20780776 -0.01905789  0.1273502   0.20102794 -0.02029417
  -0.02292985 -0.06955188  0.64601892  0.88504347 -0.19646884 -0.79292043]
 [ 0.19996262 -0.2706782  -0.01931708 -0.01190384 -0.02249436 -0.11113996
  -0.0471524   0.18511553 -0.52271766 -0.87849463 -0.23272201 -0.815033  ]
 [-0.37543796  0.60820209 -0.64905945 -0.00306497 -0.74512909  0.31110736
  -0.12848924 -0.75196067  0.75858531  0.44361438 -0.83631147 -0.89272769]
 [-0.74061827  0.5828205  -0.53814636  0.80333251 -0.99718589  0.64601892
  -0.52271766  0.75858531 -0.16219594  0.77229726 -0.06436096  0.19487173]
 [-0.14680788  0.20802759  0.22471648  0.395684   -0.69348738  0.88504347
  -0.87849463  0.44361438  0.85179299 -0.76116916 -0.13154561 -0.92962566]
 [ 0.38929723  0.57651146 -0.32989275  0.07818935 -0.75279815 -0.19646884
  -0.23272201 -0.83631147  0.44771504 -0.81027535  0.24755245  0.11001004]
 [-0.49811346  0.42010629  0.54679259  0.89135109  0.85331384 -0.79292043
  -0.815033   -0.89272769  0.88704359  0.06105478 -0.92991194  0.9232364 ]]

[[ 0.1405908  -0.30228467 -0.14228568 -0.31395402 -0.70433347 -0.3422052
   0.03595045  0.64225005 -0.81490302  0.88002057  0.38160548 -0.59555365]
 [-0.22812975  0.42706991 -0.0952499   0.00537266 -0.27654966  0.23814274
  -0.16367017 -0.33490549  0.55913281 -0.01367563 -0.06789064  0.38709813]
 [-0.01149445  0.51023722 -0.31504384 -0.20589049 -0.1500027   0.32289292
  -0.16730427 -0.3491482  -0.63953654  0.97795597 -0.90581227 -0.30174844]
 [ 0.3767562   0.24505706  0.32242494 -0.38036782  0.39656447  0.22221892
  -0.28398763  0.36772492  0.71376708 -0.05950594 -0.22376694  0.13597847]
 [ 0.42474495 -0.68264619  0.03137445  0.05263434 -0.50441222 -0.26597783
  -0.37960763  0.50005527 -0.6338743  -0.72841421 -0.28619806  0.86665772]
 [ 0.11165365  0.35265776  0.01817986 -0.44792353 -0.45880577  0.12755004
  -0.28376491  0.34938452 -0.42649114  0.75415225  0.54880653 -0.14914535]
 [-0.14069614 -0.79575513  0.11501932  0.95828852  0.63385765 -0.22960545
   0.23408845 -0.57746392 -0.6917864   0.14099437 -0.19625246 -0.63656406]
 [-0.41085923 -0.15353724 -0.53304244  0.42190092 -0.14875086 -0.14762511
   0.44502465 -0.67403845  0.47860386  0.69924483 -0.83607862  0.44953111]
 [-0.81490302  0.55913281 -0.63953654  0.71376708 -0.6338743  -0.42649114
  -0.6917864   0.47860386 -0.49680565  0.0739851   0.29680903 -0.60471026]
 [ 0.88002057 -0.01367563  0.97795597 -0.05950594 -0.72841421  0.75415225
   0.14099437  0.69924483  0.68828305 -0.85700295  0.22648433  0.65836475]
 [ 0.38160548 -0.06789064 -0.90581227 -0.22376694 -0.28619806  0.54880653
  -0.19625246 -0.83607862 -0.37037415  0.1732099  -0.95732356  0.06528126]
 [-0.59555365  0.38709813 -0.30174844  0.13597847  0.86665772 -0.14914535
  -0.63656406  0.44953111  0.46674653 -0.59531814 -0.78525704  0.86764377]]

[[ 0.00447575 -0.35549753 -0.66884547  0.24552603  0.12016479 -0.16472787
   0.41096833 -0.50603041 -0.10048563 -0.68826758 -0.32678067  0.5634386 ]
 [ 0.05356122 -0.22750872  0.86828971  0.30781078  0.80936794 -0.00409267
  -0.10423764  0.2494628  -0.09724248 -0.82838329 -0.18051943  0.56423613]
 [-0.46033024  0.86414786  0.5714944  -0.23904846  0.21092022  0.29824244
   0.03390081  0.0623285   0.97224025 -0.26756508  0.43287047  0.36572821]
 [-0.28181574  0.13794955  0.11566009 -0.01971854 -0.26140341 -0.07147089
   0.10891867  0.0971105   0.09844601 -0.83221042 -0.72550711  0.16921527]
 [ 0.08831807 -0.40723093 -0.42667478  0.11417878  0.37513076 -0.24504933
   0.50993773 -0.18100916 -0.06166417 -0.15748681 -0.49573007  0.05033302]
 [-0.12851716 -0.34233132  0.40519921  0.42390674  0.62414894 -0.15086492
   0.23557329 -0.05511884  0.82926682 -0.88369055 -0.55781817  0.87446432]
 [ 0.48417873 -0.0344833  -0.39506906 -0.43517384 -0.487979    0.04572703
  -0.33860686  0.2875099  -0.01967845  0.99397354  0.32439404  0.37741833]
 [-0.00581452  0.75264902 -0.26210178 -0.47364375 -0.27512979  0.38008507
  -0.20829867 -0.14572753 -0.09677663 -0.5063113   0.32965129  0.95273302]
 [-0.10048563 -0.09724248  0.97224025  0.09844601 -0.06166417  0.82926682
  -0.01967845 -0.09677663 -0.52772729 -0.55163948  0.44610752 -0.17946862]
 [-0.68826758 -0.82838329 -0.26756508 -0.83221042 -0.15748681 -0.88369055
   0.99397354 -0.5063113   0.07058352 -0.18921004  0.7008994   0.39615076]
 [-0.32678067 -0.18051943  0.43287047 -0.72550711 -0.49573007 -0.55781817
   0.32439404  0.32965129 -0.71631006 -0.97941371  0.89420623  0.91098883]
 [ 0.5634386   0.56423613  0.36572821  0.16921527  0.05033302  0.87446432
   0.37741833  0.95273302  0.43806266 -0.96201181 -0.98339416 -0.55013948]]

[[ 0.31337908 -0.03263412  0.1945711  -0.29435328  0.79124747 -0.0290441
   0.24409476  0.3547432  -0.70327915  0.6400401  -0.73558096  0.07751691]
 [-0.61363533  0.38016522  0.23853682  0.33281241 -0.36943761  0.14193614
  -0.09488704 -0.39013566  0.30014439  0.23867285  0.3036498  -0.79016305]
 [-0.1743376  -0.18980287  0.74762221  0.09802768 -0.02742106 -0.22484128
  -0.0209193   0.59224242  0.11314358  0.09603418 -0.15230076 -0.97100777]
 [ 0.24530223 -0.28713287 -0.27417885 -0.16570753 -0.44788842 -0.17484501
  -0.07598861  0.27919946  0.81313736 -0.19200251  0.0900426   0.95506223]
 [-0.85254065  0.60125359  1.06629277 -0.31675426 -0.14954544 -0.23684177
   0.49009435  0.87563422 -0.01947099 -0.3875634   0.48974882 -0.04091638]
 [-0.14727558  0.11398768  0.1335978   0.00429259 -0.0636363   0.00626448
   0.01585319  0.03578801 -0.87678908 -0.24002122  0.75909863  0.07019879]
 [-0.5854933   0.43692848  0.07875851  0.08222057 -0.44451527  0.05811611
   0.09637658 -0.21324729  0.20413105  0.62049905 -0.97804369  0.56935714]
 [ 0.12558375 -0.15504947  0.46908807  0.12508078  0.71449644 -0.00117491
   0.03268352  0.15093804 -0.01528689  0.53229417 -0.91621674 -0.0339431 ]
 [-0.70327915  0.30014439  0.11314358  0.81313736 -0.01947099 -0.87678908
   0.20413105 -0.01528689 -0.37249474 -0.43002589 -0.35675465 -0.60595421]
 [ 0.6400401   0.23867285  0.09603418 -0.19200251 -0.3875634  -0.24002122
   0.62049905  0.53229417 -0.54815372 -0.18644078  0.93162813  0.84429312]
 [-0.73558096  0.3036498  -0.15230076  0.0900426   0.48974882  0.75909863
  -0.97804369 -0.91621674  0.63015389  0.00034868  0.23366352  0.85582997]
 [ 0.07751691 -0.79016305 -0.97100777  0.95506223 -0.04091638  0.07019879
   0.56935714 -0.0339431  -0.98072417  0.87115887  0.11860873 -0.8326888 ]]

[[-0.47120352  0.13181396  0.27015177 -0.20020843 -0.66213507 -0.3030613
   0.27612816  0.55281816 -0.93043488 -0.08912606  0.0195319  -0.82265572]
 [ 0.41104609 -0.44110506 -0.81737409  0.26160563 -0.28310088  0.06091624
  -0.28861513 -0.5942863   0.47256613  0.91200541  0.73890447 -0.52279817]
 [ 0.82936426 -0.40959935 -0.27528387 -0.49877317  0.21418692 -0.11894327
  -0.09675771  0.57997834  0.57761192 -0.5958884  -0.7970746  -0.40023435]
 [ 0.23706876  0.15752675  0.19404608 -0.43198238  0.60082437  0.00947129
   0.22052723  0.42318604 -0.96304864 -0.08671687  0.13846885 -0.67843712]
 [-0.1951388  -0.11487212 -0.52463045  0.30506672 -0.05989143 -0.04268009
   0.26476424 -0.61189133 -0.97218202  0.35195759 -0.07099183 -0.94706947]
 [ 0.20028131 -0.20006465 -0.40212382 -0.18461938 -0.32522976 -0.14455023
   0.05872056  0.13491155  0.01092891  0.95796274  0.14916306 -0.78241821]
 [-0.38638529  0.14311669 -0.06105984  0.89457231  0.46787146  0.40422858
  -0.18055075 -1.31941168 -0.43185425 -0.29374346 -0.6616762  -0.37893947]
 [ 0.05744887 -0.13416036  0.25525346  0.00709916 -0.23841455 -0.06663848
  -0.22132138  0.30182544  0.26734552 -0.99239865  0.60281197 -0.90243977]
 [-0.93043488  0.47256613  0.57761192 -0.96304864 -0.97218202  0.01092891
  -0.43185425  0.26734552 -0.19572459  0.97274459  0.66769594 -0.36643711]
 [-0.08912606  0.91200541 -0.5958884  -0.08671687  0.35195759  0.95796274
  -0.29374346 -0.99239865 -0.7054444  -0.68708138 -0.73574339  0.74677337]
 [ 0.0195319   0.73890447 -0.7970746   0.13846885 -0.07099183  0.14916306
  -0.6616762   0.60281197  0.55234282  0.26789663  0.43346837 -0.91776054]
 [-0.82265572 -0.52279817 -0.40023435 -0.67843712 -0.94706947 -0.78241821
  -0.37893947 -0.90243977 -0.86192308  0.95326635 -0.11681884 -0.70575952]]
