A: 
[[-0.17376924  0.63341503  0.21860057 -0.67347879  0.24956651  0.14706151
   0.4696387   0.8753276   0.51316672  0.83968482 -0.49902053 -0.42048359]
 [ 0.96314133 -0.27138069 -0.12795667 -0.30369123 -1.07741424 -0.65914728
  -0.35300461 -0.54036414  0.42231092 -0.69233837 -0.66664757 -0.79614437]
 [ 0.04620854 -0.02566085 -0.82341248 -0.23506879 -0.75900656  0.39610387
  -0.24449087 -0.57002647  0.425439   -0.39512203 -0.93772282  0.24094635]
 [-0.29378889 -0.39661295 -0.26861808  0.00117206  0.78831432 -0.62030432
   0.13756675 -0.05971537  0.97318828  0.40121749 -0.15887587  0.63836562]
 [ 0.06497702 -0.85809572 -0.11220619  0.33350183  0.30939236 -0.33533885
  -0.0210823  -0.09557333 -0.13445174  0.44064947  0.14415293  0.82400671]
 [-0.24126795 -0.46904105  0.12938473  0.00805025  1.01627575 -0.62126507
   0.34276895  0.45177378  0.45929145 -0.05560287  0.2823129  -0.58373556]
 [ 0.84761734  0.29231851  0.13016495 -0.46919442 -1.23821667 -0.06221445
  -0.2052477  -0.10382429  0.59807642 -0.748347   -0.58370745 -0.09764477]
 [-0.18410612 -0.26329904 -0.54894002 -0.37669408 -0.21659414  0.76111512
   0.27124276  0.4879412  -0.40192159 -0.74599009 -0.12802273  0.61270299]
 [ 0.30636584  0.40808233  0.13215348 -0.05245839 -0.87958211  0.59207076
  -0.18654013 -0.07377848 -0.46448394  0.14438302 -0.70229568 -0.96332195]
 [ 0.15711784  0.77272062  0.31739531  0.08625098 -0.50359056  0.12203354
  -0.2951535  -0.40435688  0.39200706 -0.15677972  0.00914583  0.51615384]] 
x segnato:[[-0.9793282 ]
 [-0.76980004]
 [-0.02579614]
 [ 0.59775294]
 [-0.25686703]
 [-0.43627898]
 [-0.22641533]
 [ 0.30802779]
 [ 0.        ]
 [ 0.        ]
 [ 0.        ]
 [ 0.        ]]
Matrici Hi 

[[-0.03386678  0.05156405  0.00096827 -0.12845075  0.08525738 -0.0331806
   0.09152348  0.14592314  0.92197011  0.20917522 -0.35885566 -0.99392395]
 [-0.20125334  0.25956889  0.09785908  0.03949426  0.41114531 -0.32781702
   0.0048592  -0.12286861  0.25499053  0.02388974 -0.35407473  0.1356069 ]
 [ 0.19869086 -0.31414274  0.50220346  0.34532113  0.35919296 -0.55972786
  -0.02575771  0.03248742  0.72095605  0.38695278 -0.53150193  0.67757881]
 [ 0.11281044 -0.41527123  0.31666803  0.26501765  0.39133977 -0.45583007
   0.03642512  0.0969933  -0.34013466 -0.42064317 -0.62220275 -0.15472237]
 [ 0.34200483 -1.00286134  0.42374544  0.8863682   0.04473067 -0.14104212
  -0.23240505 -0.18113227  0.38993488  0.90545471  0.05964359  0.21338649]
 [-0.16852524  1.41369343 -0.44793936 -1.0935887  -0.51952551  0.21892173
   0.10927677  0.00276504 -0.99190523  0.23030496 -0.01347864 -0.98806952]
 [ 0.10973865  0.12835223 -0.04855216 -0.05033966 -0.36463452  0.21477647
  -0.08674117 -0.08937042 -0.78247326  0.30026943 -0.74271927  0.03491735]
 [ 0.21462508  0.51202727 -0.06218572 -0.31608332 -0.68980286  0.29126755
  -0.10957578 -0.10164592  0.53319379  0.92376785  0.15897922  0.01394055]
 [ 0.92197011  0.25499053  0.72095605 -0.34013466  0.38993488 -0.99190523
  -0.78247326  0.53319379 -0.62254551  0.71536823 -0.69455631 -0.30569264]
 [ 0.20917522  0.02388974  0.38695278 -0.42064317  0.90545471  0.23030496
   0.30026943  0.92376785  0.13989258  0.49153219 -0.92964681 -0.55787697]
 [-0.35885566 -0.35407473 -0.53150193 -0.62220275  0.05964359 -0.01347864
  -0.74271927  0.15897922 -0.95752204 -0.29150314  0.7886387  -0.11394504]
 [-0.99392395  0.1356069   0.67757881 -0.15472237  0.21338649 -0.98806952
   0.03491735  0.01394055  0.27045178  0.5961895   0.27291794  0.21825419]]

[[-0.14662527  0.60346365 -0.21557576 -0.27522788  0.06103424 -0.38997406
  -0.10715285 -0.43563386  0.40095368 -0.09399831 -0.85278426 -0.92284702]
 [ 0.60113283 -0.3986406   0.11813876 -0.16932682 -0.11924852 -1.0313394
  -0.09018328 -0.19054825 -0.96816511  0.70312187  0.81921508  0.72261534]
 [ 0.03931925  0.46286419 -0.1816314  -0.70695588  0.03619389 -0.48292226
   0.17205491  0.12555867 -0.94765312 -0.77286085 -0.8172237   0.28652796]
 [ 0.00331744 -0.17732524 -0.24548514 -0.70905208  0.07248564  0.11810374
   0.47730696  0.84112884  0.66524513  0.59415308 -0.67749507 -0.00603702]
 [-0.3032963  -0.044587    0.31637495  0.45304024  0.04123141  1.10736486
   0.12510982  0.51609959  0.5057814   0.18266328 -0.33564832 -0.99827475]
 [ 0.53412628 -0.69890642 -0.16327797 -0.40723284 -0.15478408 -0.68755207
   0.13008482  0.21276774 -0.05730227  0.18521978 -0.74160792 -0.69433645]
 [-0.09641187  0.1266155   0.14903944  0.34606829 -0.03480082  0.24893987
  -0.15148533 -0.20508142  0.96215021 -0.01116253 -0.11277303  0.06335882]
 [-0.10179638  0.39368488  0.10400212  0.24275514 -0.06821057  0.06517514
  -0.22173428 -0.40922127 -0.5971325  -0.52688129 -0.69067628 -0.13233347]
 [ 0.40095368 -0.96816511 -0.94765312  0.66524513  0.5057814  -0.05730227
   0.96215021 -0.5971325   0.01126365  0.29239757 -0.37940675  0.8853426 ]
 [-0.09399831  0.70312187 -0.77286085  0.59415308  0.18266328  0.18521978
  -0.01116253 -0.52688129  0.29638963  0.1139072  -0.9029526   0.69544105]
 [-0.85278426  0.81921508 -0.8172237  -0.67749507 -0.33564832 -0.74160792
  -0.11277303 -0.69067628  0.85358273 -0.02992369 -0.38456063  0.65324234]
 [-0.92284702  0.72261534  0.28652796 -0.00603702 -0.99827475 -0.69433645
   0.06335882 -0.13233347  0.34501624 -0.86619411 -0.94641629  0.41623542]]

[[ 0.07860051 -0.63436687 -0.02110867  0.48945883  0.1304115  -0.21258066
  -0.17781572 -0.33047    -0.95183579 -0.96551927 -0.16127547  0.82062058]
 [ 0.15420519  0.18468989  0.22657348  0.10592037  0.00352643 -0.43979472
  -0.16335518 -0.30733483 -0.64373356  0.54412085  0.60959862 -0.43871085]
 [ 0.03404267 -0.65836035  0.39383288  0.82748233  0.33908999 -0.09173319
  -0.16173135 -0.16084604 -0.84644701 -0.37492939 -0.27268724  0.16479445]
 [-0.23714895 -0.47820717  0.22883329  0.48025311  0.46680803  0.33063404
   0.13010588  0.34043328  0.61015373 -0.59233838 -0.42278182 -0.13036664]
 [-0.07524815  0.7303835   0.24390377 -0.4421095  -0.09661646  0.3209565
   0.22897324  0.51365266 -0.77044109  0.14681416  0.32690015  0.12146482]
 [-0.06232961 -0.23745686 -0.2409453   0.067894   -0.04394409  0.14851157
  -0.03093335 -0.0963349   0.46083    -0.62628989 -0.89802301  0.5327518 ]
 [ 0.0790051   0.28006788 -0.06282668 -0.24148755 -0.24808852  0.02471261
  -0.01365439 -0.02624681 -0.10526263  0.70379077  0.14478406  0.19648028]
 [ 0.15510699  0.05097089 -0.07966553 -0.03430442 -0.32517043  0.01237171
  -0.12763893 -0.20773834  0.63144494 -0.10640522 -0.53377768 -0.22026775]
 [-0.95183579 -0.64373356 -0.84644701  0.61015373 -0.77044109  0.46083
  -0.10526263  0.63144494 -0.53816507 -0.48368838 -0.62328875 -0.19230791]
 [-0.96551927  0.54412085 -0.37492939 -0.59233838  0.14681416 -0.62628989
   0.70379077 -0.10640522  0.86863018  0.62843797  0.3349934   0.06535036]
 [-0.16127547  0.60959862 -0.27268724 -0.42278182  0.32690015 -0.89802301
   0.14478406 -0.53377768 -0.2675971   0.48463146  0.80005398  0.26990332]
 [ 0.82062058 -0.43871085  0.16479445 -0.13036664  0.12146482  0.5327518
   0.19648028 -0.22026775  0.60860612  0.78487669  0.58007246  0.45601053]]

[[ 0.18262644 -0.31507666 -0.23191113 -0.28323748  0.04350138 -0.5114451
   0.06492867 -0.00928383 -0.0006313  -0.7472406  -0.81054006  0.48713942]
 [ 0.60299818 -0.62548195  0.30572632  0.11431401 -0.48066076  0.00948438
  -0.01731667  0.27908542  0.89032895 -0.39129104  0.79167493 -0.84396592]
 [-0.02674583 -0.84151248 -0.66491767 -0.55911293  0.38455385 -0.42914629
   0.38651394  0.43398793  0.09984126 -0.95824303 -0.97620281 -0.32183654]
 [-0.53733005  0.17297326 -0.72286127 -0.66401343  0.37062806  0.21205434
   0.3711423   0.34581631 -0.22308806  0.9061693  -0.60866349 -0.88961413]
 [-0.28324445  0.19421329  0.15142463  0.31395767  0.31532993  0.10165932
  -0.05769645 -0.13257391  0.29685316 -0.68786065  0.81589087  0.71718212]
 [-0.33056568 -0.03432245 -0.34986819 -0.206369    0.01808592  0.70436534
   0.23705398  0.41213454  0.5678161  -0.75496461  0.35177314  0.06756924]
 [ 0.00009681 -0.13590249  0.16259056  0.29662836  0.1032611  -0.02760634
  -0.08028651 -0.0995329  -0.63836812 -0.50788505  0.63139132 -0.58203954]
 [-0.0663007  -0.57107223 -0.0755565   0.23118283  0.34351218 -0.1534539
   0.04895721  0.03525412 -0.00529955 -0.19288389 -0.50983663 -0.93674872]
 [-0.0006313   0.89032895  0.09984126 -0.22308806  0.29685316  0.5678161
  -0.63836812 -0.00529955  0.63930763  0.53168324 -0.66416087 -0.25419931]
 [-0.7472406  -0.39129104 -0.95824303  0.9061693  -0.68786065 -0.75496461
  -0.50788505 -0.19288389  0.5559797   0.18973156 -0.01180729  0.54352288]
 [-0.81054006  0.79167493 -0.97620281 -0.60866349  0.81589087  0.35177314
   0.63139132 -0.50983663  0.19850509  0.2727695  -0.24634964 -0.28492128]
 [ 0.48713942 -0.84396592 -0.32183654 -0.88961413  0.71718212  0.06756924
  -0.58203954 -0.93674872  0.7948792  -0.08865996 -0.7992795   0.23142339]]

[[-0.22978031 -0.19844589 -0.1199779  -0.09018021  0.49005792 -0.15853754
   0.2056856   0.23811841  0.28713879 -0.06797647 -0.89572408  0.69212311]
 [ 0.13194979  0.40994614 -0.3569611  -0.50302075 -0.13606453 -0.75572477
  -0.12880698 -0.51509557  0.26329515 -0.65721696  0.92620481 -0.02286946]
 [-0.07210101  0.34272477 -0.0779829  -0.24328503  0.36761181 -0.81357691
  -0.03124818 -0.33015992  0.76751469  0.28876115 -0.87949272 -0.48561187]
 [-0.0691853   0.03947015 -0.50819773  0.05445383 -0.20525217 -0.15124316
  -0.29924878 -0.75870988 -0.45576125  0.95610005 -0.61376094 -0.25384222]
 [ 0.22493093  0.23578427  0.65696167  0.23823415 -0.2370752   0.28981621
  -0.03144452  0.26845253 -0.89911582  0.93280223 -0.06956092  0.59929278]
 [ 0.09798077  0.21074326 -0.37145795 -0.05825599 -0.32460489 -0.36140489
  -0.32996513 -0.78568083 -0.28969182 -0.60938458  0.29838875  0.58033541]
 [ 0.10194171  0.1185888   0.52045485  0.08536255  0.08790875  0.05273706
   0.10904495  0.39140563  0.02565234 -0.32803733 -0.67694788 -0.0787584 ]
 [ 0.11256403  0.28976011  0.81279079  0.06651958  0.34366006 -0.24754588
   0.17514316  0.51496026 -0.69013037 -0.56651615  0.83438555  0.73556282]
 [ 0.28713879  0.26329515  0.76751469 -0.45576125 -0.89911582 -0.28969182
   0.02565234 -0.69013037  0.09922979 -0.04751265  0.61779677  0.5620906 ]
 [-0.06797647 -0.65721696  0.28876115  0.95610005  0.93280223 -0.60938458
  -0.32803733 -0.56651615  0.72399933  0.40872707 -0.21452668 -0.74198782]
 [-0.89572408  0.92620481 -0.87949272 -0.61376094 -0.06956092  0.29838875
  -0.67694788  0.83438555  0.72649186  0.79408313 -0.6761482   0.29440126]
 [ 0.69212311 -0.02286946 -0.48561187 -0.25384222  0.59929278  0.58033541
  -0.0787584   0.73556282  0.66960154 -0.10615608 -0.1819832  -0.50715248]]

[[ 0.0076539   0.02856965 -0.51123218 -0.18686617 -0.3420987   0.03367201
  -0.14607667 -0.40719189  0.9268925   0.71988447  0.59865435  0.28736614]
 [-0.11719513  0.50512766  0.26169374 -0.50104943  0.30896793 -0.07348143
   0.36489762  0.66329169 -0.1812374  -0.58841764  0.94953242  0.26650112]
 [ 0.29835252  0.3144446   0.21564297  0.0276131  -0.38956718 -0.20990003
  -0.22877794 -0.33214533  0.17473257  0.16925807  0.07172209  0.50385728]
 [ 0.41083406 -0.31142985  0.40999858  0.44311247 -0.06050316 -0.59240914
  -0.27557634 -0.39383062 -0.31759966  0.22634862 -0.07852608 -0.55641624]
 [ 0.00891089  0.42951815  0.33626774  0.15819843 -0.07337441  0.06096642
  -0.11565971 -0.1156224  -0.89320325 -0.61952249 -0.32015786  0.07989894]
 [ 0.23980029 -0.83311859  0.76023243  0.55403025  0.43295761 -0.08439094
   0.18781534  0.66020966 -0.4514386  -0.64280443  0.51591611  0.7952028 ]
 [-0.08160544  0.10008175  0.06874771  0.05038828 -0.05076473  0.331297
   0.0347877   0.13920971 -0.65354722 -0.24613086 -0.0227041  -0.03093014]
 [ 0.00853789  0.04318261  0.21370796  0.21037675 -0.21661494  0.53645859
  -0.01833153  0.16859977  0.09280496  0.45888115  0.32825743  0.61690089]
 [ 0.9268925  -0.1812374   0.17473257 -0.31759966 -0.89320325 -0.4514386
  -0.65354722  0.09280496 -0.9718758   0.11601816 -0.68599963  0.96032389]
 [ 0.71988447 -0.58841764  0.16925807  0.22634862 -0.61952249 -0.64280443
  -0.24613086  0.45888115 -0.602532    0.59603214  0.93046322  0.60600786]
 [ 0.59865435  0.94953242  0.07172209 -0.07852608 -0.32015786  0.51591611
  -0.0227041   0.32825743 -0.96144227 -0.50957905  0.3650576   0.17601605]
 [ 0.28736614  0.26650112  0.50385728 -0.55641624  0.07989894  0.7952028
  -0.03093014  0.61690089  0.00178698  0.89747231  0.67993582  0.7937253 ]]

[[ 0.29064748  0.46518055  0.4910574  -0.09144088 -0.33010747  0.00512725
  -0.03289443  0.15253452  0.6994684  -0.68377782 -0.60970936 -0.02303494]
 [ 0.05207489 -0.25389608 -0.1820964  -0.44123004  0.28170374 -0.46298394
   0.26416963  0.338466    0.21189014  0.45876933  0.70043654 -0.74903699]
 [ 0.58942138  0.62962447  0.31708626 -0.77848351 -0.55768037 -0.48540198
   0.09869345  0.29993256  0.42541709 -0.87364804  0.06946085  0.84720997]
 [ 0.18336665  0.7090255   0.19315662 -0.27538005 -0.37173228 -0.1146635
  -0.10268481 -0.13886557  0.76771076 -0.49860547 -0.77295356  0.5854624 ]
 [-0.05593097  0.10885689 -0.02419229 -0.23203525  0.30959338 -0.44375536
   0.10830689  0.05316878 -0.27044982 -0.93429546  0.90471823 -0.42324239]
 [-0.16454516 -1.02507449 -1.03126128  0.28514161 -0.39505855  0.73501057
  -0.17592618 -0.43390296  0.25246421 -0.18804955  0.83901706  0.59993095]
 [-0.029312   -0.44982758 -0.27824297  0.05138821  0.02242956  0.0796208
   0.02360369 -0.00460544 -0.14770591 -0.04444221  0.14118977  0.51120029]
 [ 0.16441243 -0.74606647 -0.52104836 -0.06692498 -0.34147416  0.21825716
   0.00317906 -0.00220567 -0.51220968 -0.62041497 -0.47951572  0.98652004]
 [ 0.6994684   0.21189014  0.42541709  0.76771076 -0.27044982  0.25246421
  -0.14770591 -0.51220968  0.27957008  0.94897929  0.55778128 -0.88481936]
 [-0.68377782  0.45876933 -0.87364804 -0.49860547 -0.93429546 -0.18804955
  -0.04444221 -0.62041497 -0.12364871 -0.06381703 -0.56569197 -0.10354597]
 [-0.60970936  0.70043654  0.06946085 -0.77295356  0.90471823  0.83901706
   0.14118977 -0.47951572  0.10617178  0.54130758 -0.10664206  0.66677963]
 [-0.02303494 -0.74903699  0.84720997  0.5854624  -0.42324239  0.59993095
   0.51120029  0.98652004  0.07189336 -0.08852581  0.46527602 -0.76699689]]

[[ 0.20616173  0.4940258   0.68646431  0.33180441 -0.14814016 -0.1066582
  -0.21541675 -0.18059607  0.64490378 -0.93178112 -0.63712051 -0.07568171]
 [-0.42571859  0.9781483  -0.40592967 -0.85590796  0.16395646  0.02153495
   0.26799943  0.19563371  0.9700329   0.45380172 -0.27624014  0.63238675]
 [ 0.23418649  0.3503553   0.29449708 -0.19233984 -0.27588286 -0.01973607
   0.01581624  0.16565988 -0.10098208  0.90622562 -0.81267057 -0.96497418]
 [ 0.38306056 -0.50412532  0.03644082 -0.15542859  0.04135291 -0.66687626
   0.0593599   0.09066858 -0.356438    0.39659456 -0.4550124   0.84951642]
 [ 0.16221171 -0.84654525 -0.66446469 -0.34084866 -0.48426821  0.58412037
   0.20511122  0.42402683 -0.92305799  0.14568709  0.89678043 -0.63563469]
 [-0.47449536 -0.06886925 -0.0783776   0.30424728  0.87820639 -0.46853149
  -0.00213415 -0.29255157 -0.21158545 -0.30770016 -0.65501103 -0.08014493]
 [-0.14700143 -0.13834438 -0.11255857  0.19810888 -0.08080144  0.49688173
  -0.02002183  0.02021503 -0.73235285  0.36786224  0.83477292 -0.77307054]
 [-0.23779062 -0.06274683  0.09401586  0.53033537 -0.05531051  0.74701691
  -0.11285837 -0.05619258 -0.98492606  0.85676941 -0.67487168 -0.90602771]
 [ 0.64490378  0.9700329  -0.10098208 -0.356438   -0.92305799 -0.21158545
  -0.73235285 -0.98492606 -0.69311779  0.67418403 -0.47833176  0.28927791]
 [-0.93178112  0.45380172  0.90622562  0.39659456  0.14568709 -0.30770016
   0.36786224  0.85676941 -0.84079434 -0.97589323  0.28246539 -0.1689601 ]
 [-0.63712051 -0.27624014 -0.81267057 -0.4550124   0.89678043 -0.65501103
   0.83477292 -0.67487168  0.56622854  0.86154422  0.7716963   0.33840996]
 [-0.07568171  0.63238675 -0.96497418  0.84951642 -0.63563469 -0.08014493
  -0.77307054 -0.90602771  0.28491766  0.31308161  0.58476198  0.74207818]]

[[ 0.4049711   0.06383665  0.36950458 -0.17255197 -0.3350631  -0.07059533
   0.05445651  0.31246755  0.36247456 -0.03775642 -0.35572473 -0.34169568]
 [-0.27786119  0.06747608 -0.49256664 -0.44568842  0.58689284 -0.7704097
   0.13656554 -0.18408064 -0.85714788  0.78773702 -0.60931556  0.56277287]
 [ 0.48792411  0.07804275  0.37713913 -0.15201333 -0.32485828 -0.37628403
  -0.03803096  0.0915426   0.39436053 -0.67935427 -0.87002993  0.28467775]
 [ 0.45567399  0.01709496  0.38731136  0.30610211 -0.80193873  0.48237683
  -0.25318791 -0.0834306   0.38158389 -0.57965219 -0.61240893 -0.97518356]
 [-0.22200145 -0.15636921 -0.09646538  0.27625222  0.08724124  0.39236208
  -0.02727191 -0.03785645  0.87654302 -0.54991906 -0.47749532  0.39873584]
 [-0.17897033  0.14042659 -0.21447817  0.04549395  0.35862291 -0.61750557
  -0.15484658 -0.56859218  0.46384859 -0.62586991  0.6041426   0.94803105]
 [-0.21761249 -0.02411906 -0.11959203 -0.01916195  0.40865702 -0.2532388
   0.06592855 -0.04666265 -0.83343878 -0.12566663  0.50569567  0.65521899]
 [-0.16140595  0.03168268 -0.02426758 -0.09944178  0.61147542 -0.71705296
   0.07946914 -0.09938975  0.74841483  0.60834205  0.48356178 -0.87824472]
 [ 0.36247456 -0.85714788  0.39436053  0.38158389  0.87654302  0.46384859
  -0.83343878  0.74841483  0.64591057 -0.00767712  0.87643876  0.48400761]
 [-0.03775642  0.78773702 -0.67935427 -0.57965219 -0.54991906 -0.62586991
  -0.12566663  0.60834205  0.70763214 -0.37270976 -0.47512283  0.59995318]
 [-0.35572473 -0.60931556 -0.87002993 -0.61240893 -0.47749532  0.6041426
   0.50569567  0.48356178 -0.94635718 -0.36199592 -0.68310005 -0.37626265]
 [-0.34169568  0.56277287  0.28467775 -0.97518356  0.39873584  0.94803105
   0.65521899 -0.87824472 -0.35902795 -0.10398644 -0.97776264 -0.21847405]]

[[ 0.09157785  0.12665302  0.23144485  0.13455175 -0.18828076  0.19825536
  -0.06538518  0.02187562 -0.04214264 -0.64853072 -0.19430587  0.23667962]
 [-0.18527555 -0.49299356 -1.14985996 -0.43166512 -0.12253786 -0.00589121
   0.02092623 -0.33348827  0.83825363  0.99519103 -0.98130885 -0.91045975]
 [-0.34141004 -0.36204369  0.09527461  0.1834908   0.66557196  0.14622322
   0.27645634  0.48288389  0.94016963 -0.00679334 -0.5355747  -0.785026  ]
 [-0.0572904   0.28419993  0.36467726  0.01705736  0.41575397 -0.43821867
   0.05898651  0.06927912  0.36260471  0.83297219  0.41555165 -0.63489173]
 [-0.61334832 -0.06614661  0.11880231  0.28819103  0.81363387  0.39685492
   0.27070324  0.44487452 -0.51109908  0.42425653  0.96598724  0.14398919]
 [ 0.68445632 -0.46626967  0.07823834 -0.33429543 -0.23186075 -0.95869762
  -0.00353297  0.00428852  0.95061615 -0.44262703 -0.88415676  0.98441785]
 [-0.0559979  -0.31519484  0.12491809  0.15440496  0.18531875  0.20491441
   0.13239839  0.32992824  0.75196172  0.3153302   0.68491077  0.34333509]
 [ 0.01256689 -0.73930703  0.40556908  0.3127327   0.42124578  0.23115255
   0.3007689   0.76914589  0.95435335 -0.01091462 -0.75667912  0.23244832]
 [-0.04214264  0.83825363  0.94016963  0.36260471 -0.51109908  0.95061615
   0.75196172  0.95435335 -0.70630934 -0.34002766 -0.8636554  -0.7869395 ]
 [-0.64853072  0.99519103 -0.00679334  0.83297219  0.42425653 -0.44262703
   0.3153302  -0.01091462  0.28954736  0.31467993  0.59859549 -0.24119628]
 [-0.19430587 -0.98130885 -0.5355747   0.41555165  0.96598724 -0.88415676
   0.68491077 -0.75667912  0.68254316  0.36285647  0.44521863 -0.05869562]
 [ 0.23667962 -0.91045975 -0.785026   -0.63489173  0.14398919  0.98441785
   0.34333509  0.23244832  0.58645762 -0.35623721 -0.26904808  0.59695434]]
