A: 
[[ 0.1249408  -0.08799528  0.23389391  0.38650638 -0.35891166 -0.0673657
   0.65803571 -0.0145659  -0.04357675  0.11484294  0.44938311  0.87883895]
 [ 0.26936264 -0.53802288  0.09538668  0.83206406 -0.00691029 -0.36959061
   0.12345844  0.27805164  0.09765199 -0.10514705  0.54284286 -0.52136478]
 [-1.12455156  0.65649671 -0.08149789 -0.31420467 -0.40590955  0.33125917
  -0.26935203  0.22978463 -0.58562778  0.78090521 -0.82392715 -0.17665962]
 [ 0.83850687 -0.31002889 -0.5306385   0.47650832 -0.06649554 -0.83473438
  -0.11267708 -0.34766266 -0.40743804 -0.95534455 -0.55287877  0.86594098]
 [ 0.65842446  0.03257436 -0.15562206 -0.63142536  0.44768387 -0.23701166
  -0.44618028 -0.91897105  0.42583638 -0.51197891 -0.94100374 -0.39852747]
 [ 0.5718942  -0.34778987 -0.45653254  0.33342704  0.18247187 -0.45491045
  -0.25519602  0.13507584  0.58977789 -0.56213244  0.30776574 -0.47868689]
 [ 0.32503324  0.14243765 -0.92216928  0.09285246 -0.25596506 -0.47848936
  -0.19644516  0.16865047  0.83001362 -0.21514627  0.8538945   0.52556444]
 [-0.16624455  0.72585009 -0.75048017 -0.42523746 -0.73626601  0.29120896
   0.67857484  0.51511153  0.00637921  0.50980021  0.57727112  0.20292995]
 [ 1.02392966 -0.19006437 -0.63121123  0.02637115  0.01745284 -0.28124501
   0.38188661  0.12552026  0.43068655  0.53536528 -0.08087588 -0.04566845]
 [-0.11605992 -0.23436395 -0.10656591 -0.09424459  0.68105822 -0.26634306
  -1.2683644  -0.2040847  -0.33438578  0.33522998  0.92856454 -0.76558288]] 
x segnato:[[-0.93306937]
 [-0.87859992]
 [ 0.77633501]
 [-0.82264991]
 [-0.93824371]
 [-0.99100488]
 [ 0.94253264]
 [ 0.31946566]
 [ 0.        ]
 [ 0.        ]
 [ 0.        ]
 [ 0.        ]]
Matrici Hi 

[[-0.00209146  0.00908875 -0.04378058  0.28934633 -0.24037964 -0.39710088
  -0.07103227 -0.33312404 -0.53688608  0.49502994 -0.33565859 -0.48755383]
 [-0.21370416  0.23173411  0.02593569 -0.34974381  0.06761679  0.00471338
  -0.358902   -0.40117201 -0.63172383  0.99179579 -0.55833827  0.91560806]
 [ 0.09394216  0.41292929 -0.32917765 -0.73267122 -0.0079253   0.36906922
   0.16736921  0.04273249  0.91367118  0.59352063 -0.46463981  0.22692224]
 [ 0.39858008 -0.42788058  0.28763326  0.60452756 -0.11069444 -0.08692599
   0.66285086  0.21669382 -0.31149567  0.78276361 -0.54890949  0.61569163]
 [-0.02689423 -0.02241691 -0.25226736  0.06755336 -0.0154963   0.11829944
   0.05937723  0.53724367 -0.24723273  0.65942783  0.78668833  0.41552075]
 [-0.1953225   0.07258899 -0.2187051  -0.53524943  0.50639481  0.38864872
  -0.58952894  0.40134696  0.98969102 -0.63491012 -0.16101736 -0.7897491 ]
 [-0.0323571   0.12296085  0.00451458 -0.46472574  0.31660941  0.02142222
  -0.51980247 -0.42840625  0.06167983  0.3164801  -0.70188483  0.81541881]
 [ 0.05890036 -0.84127197  0.25559862  0.61317344  0.72539737  0.22905105
  -0.30702574  1.09215742 -0.7556341  -0.48812479  0.72250651  0.66251454]
 [-0.53688608 -0.63172383  0.91367118 -0.31149567 -0.24723273  0.98969102
   0.06167983 -0.7556341  -0.04279943  0.85984219  0.46591868  0.36872302]
 [ 0.49502994  0.99179579  0.59352063  0.78276361  0.65942783 -0.63491012
   0.3164801  -0.48812479 -0.84187413  0.30078793  0.6816403  -0.34333766]
 [-0.33565859 -0.55833827 -0.46463981 -0.54890949  0.78668833 -0.16101736
  -0.70188483  0.72250651 -0.37496817 -0.96484563 -0.08946049  0.06252797]
 [-0.48755383  0.91560806  0.22692224  0.61569163  0.41552075 -0.7897491
   0.81541881  0.66251454 -0.49176331  0.25638974 -0.99911911  0.62541388]]

[[ 0.00421512  0.15176608  0.50256703 -0.51657025  0.09749248  0.53438443
   0.47579978 -0.24389299  0.95612513  0.84168939 -0.67325388  0.89587488]
 [ 0.15001442 -0.13779954 -0.11798249  0.06195888  0.15120625 -0.07272778
  -0.14749812  0.11322925  0.27797255  0.10926836 -0.52240022 -0.97457874]
 [ 0.10852815 -0.07637521 -0.40051846  0.36473972 -0.1592261  -0.42062085
  -0.19068699  0.10698069 -0.5439442   0.09707607  0.07284297 -0.32249066]
 [-0.60661952  0.06530968  0.00535625  0.3030845  -0.17151271 -0.07351415
  -0.31911612  0.25053272 -0.27615249 -0.2965362   0.08047382 -0.93647344]
 [ 0.32026779  0.16900382  0.05198817 -0.31024449 -0.12692546  0.05993601
   0.42580495 -0.40991947 -0.86110315  0.72922886  0.88918286 -0.47747825]
 [ 0.32011956 -0.18498025 -0.04084426  0.1129651   0.09350252 -0.08931586
   0.0943719   0.03088351  0.57729769 -0.41957891 -0.12469006 -0.25471217]
 [-0.17759726 -0.27359206  0.20815038  0.24543405  0.23653647  0.14480718
  -0.14426213  0.4175703   0.43904553 -0.67298422 -0.15145296 -0.88244251]
 [-0.22172809 -0.10475213  0.32089011  0.12726129  0.05793244  0.16522748
   0.0550983   0.13505795  0.34752498  0.78553011  0.89398388  0.41566604]
 [ 0.95612513  0.27797255 -0.5439442  -0.27615249 -0.86110315  0.57729769
   0.43904553  0.34752498 -0.36908947  0.35841395  0.16724624  0.14894512]
 [ 0.84168939  0.10926836  0.09707607 -0.2965362   0.72922886 -0.41957891
  -0.67298422  0.78553011  0.58058813 -0.4075518   0.32577713 -0.8187816 ]
 [-0.67325388 -0.52240022  0.07284297  0.08047382  0.88918286 -0.12469006
  -0.15145296  0.89398388 -0.2272328   0.6979319  -0.57174751 -0.07502167]
 [ 0.89587488 -0.97457874 -0.32249066 -0.93647344 -0.47747825 -0.25471217
  -0.88244251  0.41566604  0.47044769 -0.64498177 -0.18903747  0.45185244]]

[[ 0.46270917 -0.08309307 -0.38622026 -0.12359981  0.23868483 -0.37698979
  -0.44610705 -0.33770577  0.95205491  0.62032819  0.85680334  0.79977166]
 [-0.06092621 -0.11157358  0.03607136  0.16009025 -0.04694196  0.35632557
   0.44505974  0.7341275  -0.77992969 -0.95148245 -0.79403393 -0.32753329]
 [-0.33102464  0.16655304  0.35232358 -0.55407672  0.29945706  0.50345549
  -0.15611339 -0.08190546 -0.82869057 -0.36091226 -0.47007036 -0.02124027]
 [-0.02124918  0.1419159   0.20487931  0.06547133 -0.2244541  -0.52649536
  -0.23060289 -1.07059856  0.18638314 -0.75720972  0.96637952 -0.54940928]
 [ 0.03339031  0.03430286 -0.26484084 -0.1582242   0.18715246 -0.16722295
  -0.50815948 -0.13358771 -0.75814246 -0.98409211 -0.20703019  0.90899446]
 [-0.22993548  0.08364929  0.33576346 -0.27654641  0.00737925  0.82056484
   0.70088812  0.68775054 -0.53891194  0.42854877 -0.76434576  0.74598077]
 [ 0.00648059  0.07177237  0.51337011 -0.37992314  0.02690927  0.76185604
   0.85107143  0.26175717  0.92620786 -0.73112327 -0.84880919 -0.92708807]
 [-0.09660485  0.15723732  0.38774709  0.16322179 -0.53682977  0.16581137
   0.91162996 -0.09968569 -0.95444298 -0.36383587 -0.39840895 -0.39508231]
 [ 0.95205491 -0.77992969 -0.82869057  0.18638314 -0.75814246 -0.53891194
   0.92620786 -0.95444298  0.69264387 -0.33935095 -0.31789047 -0.61158586]
 [ 0.62032819 -0.95148245 -0.36091226 -0.75720972 -0.98409211  0.42854877
  -0.73112327 -0.36383587 -0.57988859  0.41984872  0.57705512  0.3257126 ]
 [ 0.85680334 -0.79403393 -0.47007036  0.96637952 -0.20703019 -0.76434576
  -0.84880919 -0.39840895 -0.76654163 -0.54129358  0.07410408  0.15329834]
 [ 0.79977166 -0.32753329 -0.02124027 -0.54940928  0.90899446  0.74598077
  -0.92708807 -0.39508231  0.77287259  0.22641301 -0.65058686 -0.90988945]]

[[-0.20703421  0.24457411  0.08787816 -0.22059534 -0.11330272 -0.01194251
  -0.0959304  -0.3960258   0.65283725 -0.30710532  0.5565125  -0.01710582]
 [-0.12641965 -0.11994679  0.26535762  0.36381247 -0.16581333 -0.05334862
   0.22320198  0.03834009  0.20215991  0.81867697 -0.14609208 -0.14415686]
 [ 0.45841224 -0.1485315  -0.61816983 -0.15132427  0.29055874  0.16305563
  -0.01443843  0.77499616  0.7738567   0.09867328  0.37606545 -0.6478049 ]
 [-0.33669706  0.32101044 -0.69281649 -0.45074744  0.12019541  0.26150916
  -0.51917116  0.67643555 -0.43333171  0.73054227 -0.50396706  0.5171631 ]
 [ 0.48845511 -0.23075198  0.37639316  0.02437581  0.16940562 -0.21048735
   0.13240543 -0.70345791 -0.37438163  0.22574996 -0.1554537  -0.16073472]
 [ 0.61708346 -0.02847137 -0.0576131  -0.20684424  0.02618899 -0.04530826
   0.38563182 -0.32309316  0.35970025  0.72619548 -0.83736934  0.86531466]
 [-0.0521247   0.5075098  -0.84131971 -0.62879672 -0.14448432  0.32305074
   0.01497859  0.59744861  0.61512456 -0.35894159  0.10168752  0.95158752]
 [ 0.30904057  0.3975344  -0.18093153 -0.70099104 -0.04495083  0.00644168
   0.06906795 -0.70371847  0.10807148 -0.14036588  0.94297043 -0.10176709]
 [ 0.65283725  0.20215991  0.7738567  -0.43333171 -0.37438163  0.35970025
   0.61512456  0.10807148  0.29593963  0.5252939  -0.99646892 -0.01319371]
 [-0.30710532  0.81867697  0.09867328  0.73054227  0.22574996  0.72619548
  -0.35894159 -0.14036588 -0.21139667 -0.06748058 -0.73277013 -0.58459172]
 [ 0.5565125  -0.14609208  0.37606545 -0.50396706 -0.1554537  -0.83736934
   0.10168752  0.94297043 -0.92267006  0.08703798  0.44894572 -0.2267625 ]
 [-0.01710582 -0.14415686 -0.6478049   0.5171631  -0.16073472  0.86531466
   0.95158752 -0.10176709  0.04278359 -0.49525645  0.74036068  0.64174121]]

[[ 0.95207366 -0.64821448 -0.02969311  0.2990985   0.46168334 -0.16337944
   0.19005266  0.18002887 -0.29095733  0.21482752  0.40232079 -0.6312336 ]
 [-0.33626503  0.26752663  0.07970538 -0.42397902  0.10870901  0.10807695
  -0.40926497 -0.35142956  0.02550392 -0.22795204 -0.77885429 -0.97644524]
 [ 0.18970349  0.2057644  -0.17679202  0.53387801 -0.92147817 -0.5253699
   0.80474662 -0.35250149 -0.75125693 -0.15617382 -0.448457   -0.22911218]
 [-0.07156463 -0.04283594 -0.15271004  0.22877143 -0.06379909 -0.24842249
  -0.23737009  0.01643695 -0.07670072 -0.93862129 -0.45083655 -0.23338062]
 [ 0.27070448 -0.17773157  0.02423855  0.23894879 -0.12982668  0.21228237
   0.70156498  0.54368512 -0.62845143  0.35890298 -0.65905999 -0.30500742]
 [-0.13695201 -0.00029417  0.17538811  0.24043501 -0.27048093  0.1178665
   0.45812524  0.22929521 -0.36011252  0.26617445  0.61075371  0.33387461]
 [ 0.41063087 -0.30530361  0.03092344  0.47904137 -0.04848426 -0.51689694
   0.01478871 -0.35622677 -0.72115505  0.71128341 -0.91066671 -0.08050739]
 [-0.52052459 -0.25766183  0.29711188  0.16576338  0.34591676  0.52513539
  -0.16291516  0.92488397 -0.89624596 -0.54013346 -0.02869216  0.85665751]
 [-0.29095733  0.02550392 -0.75125693 -0.07670072 -0.62845143 -0.36011252
  -0.72115505 -0.89624596 -0.99455464 -0.78248738  0.27105184 -0.67602203]
 [ 0.21482752 -0.22795204 -0.15617382 -0.93862129  0.35890298  0.26617445
   0.71128341 -0.54013346  0.28206218  0.56863231 -0.37247939  0.33791605]
 [ 0.40232079 -0.77885429 -0.448457   -0.45083655 -0.65905999  0.61075371
  -0.91066671 -0.02869216  0.85181822  0.01858926  0.29853686  0.47036844]
 [-0.6312336  -0.97644524 -0.22911218 -0.23338062 -0.30500742  0.33387461
  -0.08050739  0.85665751 -0.53699096 -0.04641136 -0.62866602  0.52694811]]

[[ 0.05528545 -0.34592238  0.11134027  0.71803831 -0.1625482  -0.26096743
   0.20961013  0.27180583 -0.08371965  0.7852941   0.7492855  -0.86235501]
 [-0.11996296  0.04154666  0.15252203 -0.21376557  0.16871753  0.12705704
  -0.1840611  -0.1424801   0.453379   -0.91147748  0.15498657  0.58662491]
 [ 1.123289    0.01896122 -0.87834979 -0.59040769  0.30907727 -0.18718391
  -0.04037815 -0.129099    0.31009819 -0.02269528  0.0329451   0.57242413]
 [-0.02033932 -0.16229209  0.58605911 -0.04737007  0.19783541  0.29696324
   0.24302011 -0.11264758  0.34110942 -0.44390922  0.1356213   0.165446  ]
 [-0.06706837  0.19306365 -0.67673766  0.27034446 -0.45096106 -0.32178342
  -0.00795269  0.36382823 -0.6804492   0.3742291   0.80900376  0.78431786]
 [ 0.44360055  0.28801795 -0.76664544 -0.23793783 -0.24006004 -0.41252984
  -0.08569487 -0.29579545 -0.49779498  0.04763517 -0.89424726  0.49317728]
 [ 0.969343   -0.2682193  -0.03241385 -0.15316197  0.29754879 -0.2636473
   0.16049886 -0.58986199 -0.25209253 -0.89206691 -0.1748081   0.53366964]
 [-0.49385468  0.35573283  0.13462576  0.1800574  -0.60704814 -0.199524
   0.17310058 -0.397233   -0.75055567  0.3485468  -0.27135247  0.72289011]
 [-0.08371965  0.453379    0.31009819  0.34110942 -0.6804492  -0.49779498
  -0.25209253 -0.75055567 -0.9380014   0.26166205 -0.22889412  0.01871925]
 [ 0.7852941  -0.91147748 -0.02269528 -0.44390922  0.3742291   0.04763517
  -0.89206691  0.3485468   0.54309546 -0.35043525  0.9135518   0.05162547]
 [ 0.7492855   0.15498657  0.0329451   0.1356213   0.80900376 -0.89424726
  -0.1748081  -0.27135247 -0.37682496 -0.34653501  0.69036539  0.59917329]
 [-0.86235501  0.58662491  0.57242413  0.165446    0.78431786  0.49317728
   0.53366964  0.72289011  0.3399994   0.97083674 -0.79019421  0.20643518]]

[[ 0.51740258 -0.62781547  0.37706674  0.37277391  0.43520575  0.00077818
   0.16940125  0.15298522  0.17775921 -0.63838764  0.87909184  0.27415309]
 [-0.58888178  0.26245857  0.40080926  0.01478933 -0.3445219   0.20306566
   0.24695097 -0.11777574  0.43721773 -0.51427604 -0.2673299  -0.90017262]
 [ 0.5149577  -0.12153865 -0.82294914 -0.14884299  0.33777268 -0.20499861
  -0.48395047  0.39622854  0.51446948  0.5244346   0.66737422  0.03312794]
 [ 0.00863701 -0.1111792  -0.2116106   0.16181876  0.12001257 -0.28016543
  -0.45993514 -0.00369185  0.5063615  -0.04359527  0.41090443  0.40806763]
 [ 0.7167625  -0.02959885 -0.57996875 -0.34108116  0.23056957 -0.09702947
  -0.03752837  0.02929501  0.7509133  -0.04376043  0.87344964 -0.35224867]
 [ 0.17463818 -0.0743532   0.13252909 -0.08646091  0.06099049  0.29203765
   0.41393898  0.23811983 -0.84461776  0.13511538  0.34020868 -0.6866403 ]
 [-0.04235497 -0.67192476  0.83936757  0.64378904  0.31988838  0.28224572
   0.34713443  0.48540805  0.38247148  0.80319693  0.58587295 -0.9039186 ]
 [-0.05612647 -0.07498891  0.58508401  0.05833775 -0.07463697  0.31930265
   0.5927142  -0.03232752 -0.64312271 -0.95786768  0.0599622  -0.20075711]
 [ 0.17775921  0.43721773  0.51446948  0.5063615   0.7509133  -0.84461776
   0.38247148 -0.64312271 -0.40576021  0.20163323 -0.28664482 -0.44855244]
 [-0.63838764 -0.51427604  0.5244346  -0.04359527 -0.04376043  0.13511538
   0.80319693 -0.95786768  0.09307445  0.82183992 -0.78854302  0.13890088]
 [ 0.87909184 -0.2673299   0.66737422  0.41090443  0.87344964  0.34020868
   0.58587295  0.0599622   0.34644784 -0.70037326  0.57232175  0.07820205]
 [ 0.27415309 -0.90017262  0.03312794  0.40806763 -0.35224867 -0.6866403
  -0.9039186  -0.20075711 -0.47131348  0.98209469 -0.45549088 -0.2160677 ]]

[[-0.10266911  0.09409857  0.42836156 -0.46643402  0.31093485  0.13162051
  -0.31800675 -0.68534112 -0.51958373 -0.23570248  0.45501384  0.3370636 ]
 [ 0.11008301  0.06994296 -0.23731127 -0.2756477   0.11029032  0.24673578
   0.07229278  0.34112901 -0.99198683  0.43740778 -0.85061427  0.03999349]
 [-0.09501718 -0.38337719 -0.14309494  0.78905507  0.00211898 -0.52719481
  -0.46996577  0.25631651 -0.36493335  0.103694    0.65583458  0.4869648 ]
 [ 0.15245074  0.28304617 -0.22172074 -0.45174156 -0.07003829  0.1173747
   0.13997916 -0.16665337 -0.50471349  0.93882527 -0.67925453 -0.83354229]
 [-0.28372159 -0.33148266  0.42464657  0.87832024 -0.20805856 -0.48396229
  -0.12599553 -0.20471514 -0.03600872 -0.14235299  0.24678678  0.5756823 ]
 [-0.13074021 -0.42238488  0.36579497  0.95930257 -0.23148249 -0.34125345
   0.19548475  0.16603156 -0.77777844  0.27089903  0.98586845 -0.52185178]
 [ 0.12203833 -0.01721911  0.15176759 -0.30535157  0.25495125  0.19037986
  -0.03242636 -0.14633278  0.49714866  0.27581238  0.67642853  0.25846402]
 [-0.0129075  -0.06892928  0.57495322  0.54287863 -0.56956705 -0.04238947
   0.97324042 -0.19312923 -0.84637733  0.21921584 -0.11002258  0.60814727]
 [-0.51958373 -0.99198683 -0.36493335 -0.50471349 -0.03600872 -0.77777844
   0.49714866 -0.84637733 -0.7436564   0.6790066  -0.17079801  0.89277755]
 [-0.23570248  0.43740778  0.103694    0.93882527 -0.14235299  0.27089903
   0.27581238  0.21921584 -0.43793079  0.6704367   0.08987401 -0.3023461 ]
 [ 0.45501384 -0.85061427  0.65583458 -0.67925453  0.24678678  0.98586845
   0.67642853 -0.11002258  0.7049957   0.79073546 -0.98703952  0.40363959]
 [ 0.3370636   0.03999349  0.4869648  -0.83354229  0.5756823  -0.52185178
   0.25846402  0.60814727  0.8637958   0.72121639  0.82929226  0.67192169]]

[[-0.1944981  -0.08581856 -0.13754773  0.60324342 -0.42321996 -0.00729721
   0.45932506  0.74778281  0.93868122  0.2140059  -0.5069349   0.1029291 ]
 [-0.02209304 -0.03455203  0.04542239 -0.28240228  0.33684447  0.21673291
  -0.25769815  0.07798858 -0.43721676 -0.52705726 -0.96518368  0.23031822]
 [-0.16079217  0.38148772  0.13134446 -0.05962663 -0.54967936 -0.1310824
   0.40106583 -0.5898849   0.46718524  0.31451118  0.00355269  0.34465118]
 [-0.32570301  0.2398323   0.00967378 -0.49998195  0.22268696  0.22767755
  -0.45293598 -0.13811694  0.19487027 -0.2409834  -0.94746932 -0.16574231]
 [ 0.4544763  -0.1898444  -0.02794261  0.7192887  -0.53955023 -0.55859677
   0.64835136 -0.23737248 -0.93981455  0.03547857  0.52138539  0.86096562]
 [ 0.29710581 -0.16164219 -0.09292309  0.42698005 -0.23441515 -0.31657441
   0.29725538 -0.01119359 -0.48482999 -0.84350732  0.77975654  0.74652645]
 [-0.54475883  0.17292624 -0.14229332 -0.03515147 -0.09474695  0.34582317
  -0.05228332  0.69948903  0.5162965  -0.40833957  0.93905645 -0.20577825]
 [ 0.42904347 -0.42404928 -0.27244541  0.32810442  0.32505843 -0.28987584
  -0.31577777  0.27022732 -0.45690744  0.3992403  -0.5474352   0.36628759]
 [ 0.93868122 -0.43721676  0.46718524  0.19487027 -0.93981455 -0.48482999
   0.5162965  -0.45690744  0.87549103  0.27213036  0.63732127  0.4637139 ]
 [ 0.2140059  -0.52705726  0.31451118 -0.2409834   0.03547857 -0.84350732
  -0.40833957  0.3992403  -0.09558579 -0.34215241  0.35110906  0.45113109]
 [-0.5069349  -0.96518368  0.00355269 -0.94746932  0.52138539  0.77975654
   0.93905645 -0.5474352  -0.49259666 -0.80720908  0.12565006  0.4680509 ]
 [ 0.1029291   0.23031822  0.34465118 -0.16574231  0.86096562  0.74652645
  -0.20577825  0.36628759  0.52123918 -0.97987381 -0.24811272 -0.00228522]]

[[ 0.02834564 -0.24354163 -0.08579043  0.57796576 -0.20916132 -0.02271943
   0.3926465   0.68507291  0.95396237 -0.12414558  0.90638144 -0.37125675]
 [-0.0404096   0.0898711  -0.35217757 -0.07126702  0.03917098 -0.1964359
  -0.43061346 -0.02571771 -0.06072175  0.62520699 -0.94362466  0.2275768 ]
 [ 0.42379096  0.13209363 -0.14715423 -0.34345175  0.03045199 -0.20443837
  -0.03115009 -0.6362436  -0.39641295  0.13731558  0.91711941 -0.05597433]
 [-0.21494743  0.19781402  0.16293985 -0.26945324 -0.03859377  0.2223279
   0.07018738 -0.12334154 -0.87319132  0.98349699 -0.51205584 -0.59920838]
 [ 0.20032209 -0.25785165  0.47976986  0.27234203 -0.02028829  0.06740427
   0.51109173 -0.08440276 -0.43470928 -0.23663288  0.18530342 -0.69648877]
 [ 0.17034521 -0.17169574  0.18191206 -0.17240107  0.32767355  0.31899989
   0.11053736  0.21481196 -0.94788443 -0.45888147 -0.31734295  0.63586252]
 [ 0.04433179  0.01014842 -0.45532783 -0.19293517  0.19112884  0.2409871
  -0.13610126  0.69333823  0.96119603  0.65812796 -0.37656907 -0.4914679 ]
 [-0.36046877 -0.23800299  0.81874433 -0.22505401  0.47488095  1.03304505
   0.42750092  0.76509571 -0.67719831  0.50546505  0.27939672 -0.79312512]
 [ 0.95396237 -0.06072175 -0.39641295 -0.87319132 -0.43470928 -0.94788443
   0.96119603 -0.67719831 -0.9103614  -0.95753871  0.36138427 -0.8205252 ]
 [-0.12414558  0.62520699  0.13731558  0.98349699 -0.23663288 -0.45888147
   0.65812796  0.50546505 -0.33060976 -0.72643777 -0.26514461  0.16560143]
 [ 0.90638144 -0.94362466  0.91711941 -0.51205584  0.18530342 -0.31734295
  -0.37656907  0.27939672  0.85789287 -0.07679394  0.84238747 -0.40434321]
 [-0.37125675  0.2275768  -0.05597433 -0.59920838 -0.69648877  0.63586252
  -0.4914679  -0.79312512 -0.94865144 -0.07270631 -0.89794772  0.33603949]]
