A: 
[[-0.43608556 -0.49163105  0.02309289 -0.12939199 -0.06867594 -0.03066402
   0.52899973 -0.00459447 -0.10409362 -0.46633438 -0.57936603  0.52329043]
 [-0.22544881 -0.5986107   0.07791929 -0.31287938  0.200126   -0.00435589
  -0.23937597 -0.67450237 -0.32135739 -0.0278083  -0.75418808 -0.38965458]
 [ 0.39025621 -0.07809952  0.2698678   0.04714266  0.36998685 -0.04234484
  -0.15369273 -0.4240166   0.39167144  0.55862577 -0.92593678  0.44928234]
 [-0.21914945 -0.60222308 -0.28475901 -0.45410278 -0.84346846 -0.97546217
  -0.36976877  0.44099066 -0.98398922  0.87914071  0.73260786 -0.8843575 ]
 [ 0.37097078  0.62095705  0.16403166  0.34181284  0.31912327 -0.98645365
  -1.10105619 -0.4423155  -0.48007772  0.14956406  0.75456298 -0.83839538]
 [-0.40729033  0.07841926  0.10210715  0.1882586   0.41785638  0.4607767
   0.47465281 -0.29793842 -0.18830352 -0.45885004 -0.58766202  0.4931656 ]
 [ 0.45742667  0.15336627  0.09307091  0.22329658 -0.31774916 -0.14896938
   0.74367353  0.88814859  0.54905023  0.78908887 -0.04241241  0.59830705]
 [-0.62801274 -0.18478186 -0.39938618 -0.27982983 -0.44845244  0.45928584
   0.23578085  0.34604443 -0.07273152 -0.05559655 -0.41484192 -0.18175403]
 [-0.65304134  0.58639796 -0.14343529  0.39986212  0.06819534  0.23060023
   0.51618038  0.30573553  0.94466343 -0.38580382  0.3875792   0.86225467]
 [ 0.26463827  0.32533434  0.00535858  0.14464847  0.13005979  0.90318335
   0.49546044  0.27029968  0.86352478 -0.55663275 -0.33780441  0.73065853]] 
x segnato:[[ 0.03027268]
 [ 0.24716383]
 [-0.40465236]
 [ 0.72561319]
 [-0.68837862]
 [ 0.39787127]
 [ 0.52450643]
 [ 0.36326083]
 [ 0.        ]
 [ 0.        ]
 [ 0.        ]
 [ 0.        ]]
Matrici Hi 

[[-0.64732769 -0.97592826 -0.48771262 -0.84050849 -0.73634972  0.2305562
  -0.19802822  0.06859853 -0.91026213  0.10190217  0.30296653  0.80694188]
 [-0.22109075 -0.17965941 -0.24897205 -0.32307034 -0.10708237  0.77270766
  -0.08582124 -0.10241799 -0.28259958  0.26746954 -0.48588559 -0.25550016]
 [-0.30933548 -0.23498397 -0.21904557 -0.21701229 -0.44998415 -0.51793626
  -0.25395161  0.20708964 -0.39798988  0.31301948 -0.70049001  0.92110885]
 [-0.36615507 -0.05933369 -0.24227733 -0.17357307 -0.23394452  0.00106703
  -0.24151737  0.02575218 -0.45999328  0.47285396 -0.69625002 -0.50200386]
 [-0.06018293 -0.09580444 -0.24040822 -0.16847149 -0.62232659 -0.65296887
  -0.26818776  0.51683716  0.92841193  0.70836878  0.5457077  -0.14130613]
 [ 0.04093389  0.62779656 -0.24333589  0.20129546 -0.26498492  0.36342464
   0.15062585  0.65641375  0.19153114 -0.45683717  0.20014227 -0.58449739]
 [-0.79309818  0.79873262 -0.32225875  0.37377493 -0.13163026 -0.43398049
  -0.29070576  0.23780694 -0.56524207  0.78657714  0.8081193  -0.09642349]
 [-0.57290448  0.153917   -0.11331362  0.00868795  0.40738407  0.90567766
   0.05562705 -0.51251866 -0.29037203  0.04289446 -0.39536762  0.7580646 ]
 [-0.91026213 -0.28259958 -0.39798988 -0.45999328  0.92841193  0.19153114
  -0.56524207 -0.29037203 -0.48528299 -0.74710882 -0.88475978 -0.34328637]
 [ 0.10190217  0.26746954  0.31301948  0.47285396  0.70836878 -0.45683717
   0.78657714  0.04289446  0.25237527  0.19592469  0.73779461  0.3831447 ]
 [ 0.30296653 -0.48588559 -0.70049001 -0.69625002  0.5457077   0.20014227
   0.8081193  -0.39536762  0.55860259  0.23589746 -0.32265494 -0.10727511]
 [ 0.80694188 -0.25550016  0.92110885 -0.50200386 -0.14130613 -0.58449739
  -0.09642349  0.7580646   0.24990714  0.08696174 -0.3063518  -0.22347775]]

[[-0.87768864  0.12195313 -0.12023401  0.19534331  0.04366877  0.16680581
   0.62777957  0.11305002  0.29950953  0.01414947 -0.30339608  0.16211734]
 [-0.0844925  -0.57486283  0.00146029 -0.3037587  -0.10930616  0.23441952
   0.28576582 -0.05477458  0.50930256 -0.14007232 -0.38799109  0.05531823]
 [ 0.07013358 -0.11153828  0.07052184  0.04149432 -0.11957319 -0.2514935
   0.28869256  0.24333284  0.71661487  0.16861129 -0.97940428  0.72976345]
 [ 0.17020612 -0.38628677  0.11733515 -0.11629208 -0.09087997 -0.09806715
   0.31315206  0.10431665 -0.77035185  0.66880879 -0.02122342 -0.08294262]
 [ 0.5145674  -0.55574395  0.03989749 -0.29847718 -0.50680642 -0.37937143
   0.18101155  0.49845236  0.52963525 -0.30262888  0.09435192 -0.5354703 ]
 [ 0.85867225 -0.43647188 -0.18660467 -0.53554465 -0.75102773  0.02241447
  -0.33357403  0.62715907 -0.64456763 -0.7771337  -0.57135763 -0.61152246]
 [ 0.95925125 -0.07519798  0.23900528  0.03239605 -0.17334876 -0.36713598
   0.10107037  0.43165502  0.21219829 -0.8591507  -0.41561718  0.78572951]
 [-0.37222936  0.33371705  0.05630768  0.26129974  0.45934994  0.38279201
   0.149228   -0.3640703  -0.39140943 -0.81811923  0.57457893  0.51048009]
 [ 0.29950953  0.50930256  0.71661487 -0.77035185  0.52963525 -0.64456763
   0.21219829 -0.39140943  0.90112417 -0.71468845 -0.67660437  0.06571155]
 [ 0.01414947 -0.14007232  0.16861129  0.66880879 -0.30262888 -0.7771337
  -0.8591507  -0.81811923 -0.64142753  0.20131611 -0.03664568 -0.9015382 ]
 [-0.30339608 -0.38799109 -0.97940428 -0.02122342  0.09435192 -0.57135763
  -0.41561718  0.57457893  0.13042829 -0.02663719  0.47894316 -0.50444157]
 [ 0.16211734  0.05531823  0.72976345 -0.08294262 -0.5354703  -0.61152246
   0.78572951  0.51048009  0.13274882  0.08748304  0.13731261 -0.74776441]]

[[-0.90961197 -0.2464248  -0.44025282 -0.28620987 -0.4666426   0.35904995
   0.28353214  0.30143821  0.01801327 -0.48625517 -0.94636667 -0.81667798]
 [ 0.78371986  0.2056079  -0.02056553 -0.08953222 -0.16281636 -0.11731564
  -0.67579407  0.12906029  0.53514604 -0.4153183   0.89693486  0.40040883]
 [-0.44922753  0.24950457 -0.19044567  0.0658688  -0.07263004 -0.12633348
  -0.22355165 -0.00114369 -0.45795035  0.22188294 -0.51577682  0.11540472]
 [ 0.23261573  0.34172179 -0.10561871  0.02185454 -0.08709699 -0.26435772
  -0.69598788 -0.01092087  0.14666391 -0.4091268  -0.65256125 -0.83417688]
 [-0.09849717  0.42127681 -0.07905535  0.17844662  0.03510572 -0.20811232
  -0.34176851 -0.00904381 -0.29398444 -0.27842046  0.35075825 -0.70884572]
 [ 0.09113718 -1.04656639  0.12191724 -0.48228037 -0.12989128  0.53113544
   0.77405871 -0.00251214  0.22885707  0.11712106  0.79738274  0.93321785]
 [-0.38375324 -0.44590457 -0.13593986 -0.32968018 -0.13239858 -0.10434829
  -0.28686494 -0.29323719 -0.20483269 -0.56976745 -0.51991695 -0.12265037]
 [ 0.0965788  -0.57206439 -0.09440333 -0.43510866 -0.27847761  0.16956826
  -0.0762145  -0.00226193  0.0934468   0.14955589  0.07682717  0.40815882]
 [ 0.01801327  0.53514604 -0.45795035  0.14666391 -0.29398444  0.22885707
  -0.20483269  0.0934468  -0.34571709  0.97598733 -0.63232125  0.88234092]
 [-0.48625517 -0.4153183   0.22188294 -0.4091268  -0.27842046  0.11712106
  -0.56976745  0.14955589  0.4549743  -0.81505633  0.14666777 -0.00012074]
 [-0.94636667  0.89693486 -0.51577682 -0.65256125  0.35075825  0.79738274
  -0.51991695  0.07682717 -0.05773006 -0.09756226 -0.65175067 -0.98231245]
 [-0.81667798  0.40040883  0.11540472 -0.83417688 -0.70884572  0.93321785
  -0.12265037  0.40815882  0.17534768 -0.47588185 -0.25033857  0.03767239]]

[[ 0.41343726  0.47592825  0.20280418  0.405308    0.31644916  0.82975132
   0.89274929  0.37150742  0.34454363  0.64149082  0.30736146 -0.40919553]
 [-0.09695152 -0.20480477  0.43897684  0.30537235  0.46616492 -0.49376906
   0.58771833 -0.31550265 -0.94429742  0.12228101 -0.82577582 -0.60870543]
 [ 0.66509638  0.00245838  0.2296355   0.10038614  0.05959992  0.13018672
   0.3659417   0.25494489  0.90532722 -0.94546786 -0.3902447  -0.06436679]
 [ 0.37977868 -0.27675807  0.41822976  0.15218865  0.2787411  -0.40280333
   0.41727437 -0.12934956  0.50599217  0.31253654 -0.80728295  0.94912934]
 [ 0.860916   -0.02820045  0.28572343  0.12738201 -0.01392908  0.09940287
   0.56976322  0.46333081 -0.52971788 -0.37741665  0.44261857 -0.94783113]
 [-0.29785367  0.17417824 -0.49626463 -0.22283744 -0.49786914  1.11168877
   0.3383646   0.66403391  0.52282732  0.23340493 -0.67455128 -0.82874695]
 [ 0.34339935 -0.48667783 -0.02749398 -0.36516155 -0.26260088  0.19652771
   0.01018288  0.11750097 -0.45140717 -0.10023564  0.87941578 -0.6918986 ]
 [-0.70508201 -0.20863874 -0.03747529 -0.06419134  0.21133349 -0.12656243
  -0.14381841 -0.55010878 -0.61451991  0.9405046  -0.28466342  0.70937756]
 [ 0.34454363 -0.94429742  0.90532722  0.50599217 -0.52971788  0.52282732
  -0.45140717 -0.61451991  0.38518408 -0.12836933  0.71610853  0.84030017]
 [ 0.64149082  0.12228101 -0.94546786  0.31253654 -0.37741665  0.23340493
  -0.10023564  0.9405046  -0.06359753 -0.76143049  0.34722486 -0.25699215]
 [ 0.30736146 -0.82577582 -0.3902447  -0.80728295  0.44261857 -0.67455128
   0.87941578 -0.28466342  0.0250295  -0.10850054 -0.02782612 -0.55261741]
 [-0.40919553 -0.60870543 -0.06436679  0.94912934 -0.94783113 -0.82874695
  -0.6918986   0.70937756  0.86960895 -0.8063397   0.58493413  0.19152958]]

[[-0.18730041  0.15062477 -0.14350431  0.118001   -0.25961838  0.71902859
   1.04251069  0.78080592  0.000971   -0.63758171 -0.63498417 -0.88169846]
 [ 1.11519033 -0.13622538  0.27935185 -0.06464447  0.02528985  0.05316912
  -0.0308476   0.13598166 -0.62621252  0.95021192  0.19986035  0.76560383]
 [ 0.18339084  0.08293289 -0.07085866  0.02869926 -0.33919712 -0.20003687
   0.15779978  0.53490138  0.30973322  0.76135311 -0.08689893 -0.9429191 ]
 [ 0.88839359 -0.09060861  0.19723044 -0.01540936 -0.16459804 -0.28777006
   0.01312482  0.35222807 -0.01186545  0.75709302  0.1925971   0.9615485 ]
 [ 0.44742039  0.25237844 -0.18001878 -0.039038   -0.516979   -0.38442734
  -0.3772087   0.61882493  0.64849117 -0.83290914 -0.98444747  0.36636165]
 [-0.35389894  0.68374213 -0.3169782   0.13970602  0.06269711  0.71003538
  -0.24542551  0.03182191  0.3620035  -0.43327275  0.24395533 -0.5063566 ]
 [ 0.38526504  0.18886473  0.15177236  0.21672569 -0.00451875 -0.18805381
   0.27112496  0.32367664 -0.31828461 -0.24355039  0.80328005  0.30778054]
 [ 0.2237656  -0.24986421  0.38915325  0.1346627   0.50853158  0.47362545
   0.768423   -0.27452972 -0.20144969  0.70589802 -0.73962922  0.52479452]
 [ 0.000971   -0.62621252  0.30973322 -0.01186545  0.64849117  0.3620035
  -0.31828461 -0.20144969  0.69708083  0.16116274 -0.64057584  0.74784586]
 [-0.63758171  0.95021192  0.76135311  0.75709302 -0.83290914 -0.43327275
  -0.24355039  0.70589802  0.19100095 -0.31775657 -0.1546481  -0.66178957]
 [-0.63498417  0.19986035 -0.08689893  0.1925971  -0.98444747  0.24395533
   0.80328005 -0.73962922 -0.93290846 -0.31594354  0.35304339 -0.8338648 ]
 [-0.88169846  0.76560383 -0.9429191   0.9615485   0.36636165 -0.5063566
   0.30778054  0.52479452 -0.28280365  0.45682139  0.26237962  0.48363628]]

[[-0.16247044 -0.33704844  0.00378088 -0.14750488 -0.09094354 -0.23340341
   0.01385103 -0.08345497  0.99685061 -0.69569074 -0.92068021  0.68948829]
 [-0.52932692 -0.17251298 -0.19272108 -0.18770982 -0.00673464  0.56433946
   0.13376304 -0.15874204 -0.68219015 -0.1477431  -0.1037322   0.5434754 ]
 [ 0.39556795 -0.02709522 -0.00070783 -0.11324166 -0.06507969  0.18561867
  -0.16388589  0.05598176  0.91969495  0.55697995 -0.01850269 -0.89990618]
 [ 0.16177901 -0.14468497 -0.11738666 -0.25458375 -0.09351254  0.52760345
  -0.13744387 -0.02739997  0.05336937  0.59128057 -0.48854986  0.4937847 ]
 [ 0.19229963  0.33503411 -0.01909763  0.10125957  0.14091462  0.39717616
  -0.10466989 -0.01742377  0.20728294  0.32826659 -0.34199703 -0.6736731 ]
 [-0.47663147  0.78709143  0.1560457   0.61865387  0.62440869 -0.65382798
  -0.4177316  -0.56566961  0.49120962 -0.55592897  0.79864303  0.42241222]
 [ 0.99808473  0.07761025  0.08016683 -0.18363666  0.02499965 -0.09041453
  -0.98339521 -0.23944294  0.33535209  0.32220049 -0.99262524  0.38433472]
 [ 0.00574162 -0.52447795 -0.04179278 -0.35482828 -0.19603161 -0.21601581
  -0.27332578 -0.16398007 -0.65128085 -0.65845114 -0.29774087  0.64319792]
 [ 0.99685061 -0.68219015  0.91969495  0.05336937  0.20728294  0.49120962
   0.33535209 -0.65128085  0.88356257 -0.83339808  0.6267739   0.26500976]
 [-0.69569074 -0.1477431   0.55697995  0.59128057  0.32826659 -0.55592897
   0.32220049 -0.65845114  0.74039149 -0.28296783 -0.82643379 -0.52966265]
 [-0.92068021 -0.1037322  -0.01850269 -0.48854986 -0.34199703  0.79864303
  -0.99262524 -0.29774087  0.2786539  -0.39365258  0.00129358  0.2625711 ]
 [ 0.68948829  0.5434754  -0.89990618  0.4937847  -0.6736731   0.42241222
   0.38433472  0.64319792 -0.47886976 -0.18912897  0.79688503 -0.6215466 ]]

[[ 0.09080602 -0.37940776 -0.01290081 -0.18860389 -0.38140665 -0.70781375
  -0.13252214  0.21986162 -0.15348205  0.72899863 -0.3440151  -0.74352871]
 [-0.08104374 -0.34655654  0.10606205 -0.0290061  -0.03333253  0.1574012
   0.7184102   0.18886424  0.59227848 -0.77477537 -0.99623497 -0.27362323]
 [ 0.20171747 -0.22674638 -0.13660455 -0.33119484 -0.17826399  0.29364852
  -0.36288123 -0.06406819  0.87240204  0.48475585 -0.56959466 -0.07427328]
 [ 0.14754658 -0.3584382  -0.05252717 -0.29272326 -0.12134312  0.46516209
   0.10669786  0.01672099 -0.78979757 -0.66314741  0.32106196  0.68725647]
 [ 0.11828422 -0.0649192  -0.14768423 -0.25150428 -0.03340148  0.60766963
  -0.27651826 -0.13466109 -0.42805858  0.94311476  0.92226483 -0.69154734]
 [-0.21057809  0.96022247  0.11141659  0.69300909  0.35826536 -0.78052997
  -0.28922097 -0.06539286  0.67507941  0.73747165 -0.45845522 -0.26686892]
 [ 0.38577703  0.21387417 -0.13525595 -0.16245362 -0.03142763  0.13402601
  -0.87978382 -0.20917848  0.70215046  0.70188234  0.64488625 -0.52733573]
 [ 0.05043545 -0.12910784  0.1373788   0.10154605 -0.09852233 -0.63237461
   0.20904787  0.18868632  0.20500058 -0.223776   -0.45087017 -0.57730681]
 [-0.15348205  0.59227848  0.87240204 -0.78979757 -0.42805858  0.67507941
   0.70215046  0.20500058  0.36198152  0.06916304  0.24675295  0.24016482]
 [ 0.72899863 -0.77477537  0.48475585 -0.66314741  0.94311476  0.73747165
   0.70188234 -0.223776   -0.55444019  0.02504333  0.59299645 -0.81593329]
 [-0.3440151  -0.99623497 -0.56959466  0.32106196  0.92226483 -0.45845522
   0.64488625 -0.45087017 -0.99432903  0.44646333 -0.16420288 -0.01633092]
 [-0.74352871 -0.27362323 -0.07427328  0.68725647 -0.69154734 -0.26686892
  -0.52733573 -0.57730681 -0.59941731 -0.63568402 -0.38956599  0.58082924]]

[[-0.84977875  0.50605311 -0.25747584  0.20862366  0.11399394  0.06132769
  -0.21566666 -0.17256263 -0.23041523 -0.33571722  0.45879572 -0.72000441]
 [ 0.12658761  0.53179718 -0.48343762 -0.14236513 -0.47975808  0.59013095
  -0.51183834  0.52819965 -0.58650739 -0.09418299  0.1408498   0.46011281]
 [ 0.4581267  -0.29113508  0.24077629 -0.1132485   0.25478735 -0.00558235
  -0.18647861 -0.4061142  -0.09514614  0.8207459  -0.25073029 -0.04193922]
 [ 0.61235686  0.00413357 -0.01544374 -0.17551979 -0.0742254   0.30554501
  -0.35653918  0.02969924  0.12861239  0.22152263  0.07891528 -0.6840413 ]
 [ 0.90129225 -0.5264085   0.27655808 -0.3429533   0.20667872  0.14113042
  -0.44031394 -0.50112429 -0.38215028  0.58421016  0.43406066 -0.60285076]
 [-0.68514844  0.08844496 -0.04809329  0.1449725   0.14756306 -0.17681776
   0.0959158  -0.21292351 -0.28449425  0.52345155 -0.95692635  0.58376894]
 [ 0.48952627 -0.35160891  0.51920757  0.11543775  0.51296029 -0.29546995
   0.24019648 -0.48623568 -0.18436869  0.87510234  0.38943836 -0.84592601]
 [-0.8292231   0.76642908 -0.33824932  0.39624623 -0.1915382   0.01498448
   0.29001157  0.53702305  0.36012323 -0.0259093  -0.96938238 -0.20431478]
 [-0.23041523 -0.58650739 -0.09514614  0.12861239 -0.38215028 -0.28449425
  -0.18436869  0.36012323 -0.05297996 -0.29603418  0.30575931 -0.47311919]
 [-0.33571722 -0.09418299  0.8207459   0.22152263  0.58421016  0.52345155
   0.87510234 -0.0259093   0.16544256 -0.53793832 -0.98794145  0.71997435]
 [ 0.45879572  0.1408498  -0.25073029  0.07891528  0.43406066 -0.95692635
   0.38943836 -0.96938238 -0.16917348 -0.14945021  0.39627065  0.32974044]
 [-0.72000441  0.46011281 -0.04193922 -0.6840413  -0.60285076  0.58376894
  -0.84592601 -0.20431478 -0.24236235 -0.12981208  0.18631189  0.71774626]]

[[-0.4578841   0.1740079   0.23634561  0.37705624  0.39454186 -1.15550414
  -0.30267519 -0.53048148 -0.79867055  0.40102884  0.955691   -0.07211464]
 [-0.30236196 -0.22481291 -0.14168628 -0.23784848 -0.15244477 -0.62819936
  -0.77635847 -0.35569058 -0.1301507   0.72620925  0.30320662  0.80340618]
 [-0.25935485  0.19536241 -0.17599875 -0.00036046 -0.08905738 -0.01827062
  -0.26952053  0.00448834 -0.19046094  0.83365382  0.75298198  0.61594874]
 [-0.1824396  -0.007502   -0.27703596 -0.23449568 -0.28768951 -0.09728195
  -0.5943368  -0.01590586 -0.8826271   0.80884473  0.64714001  0.2417441 ]
 [-0.53991385  0.15427711 -0.32946499 -0.13141437 -0.14342697  0.08913002
  -0.50946576 -0.14083439 -0.86725099 -0.60840415 -0.85608996  0.66750322]
 [ 0.25037896 -0.22645434  0.25873819  0.0102394   0.32634655  0.19285698
   0.24011561 -0.30160568 -0.52484266 -0.09492729 -0.70312745  0.70704981]
 [ 0.73918192  0.02732593 -0.18376589 -0.28038822 -0.36658087  0.95161523
   0.06421227  0.55593731 -0.59660071 -0.65804769  0.27998806  0.74046348]
 [ 0.68004862 -0.21307648  0.2372913  -0.02664529 -0.02616325 -0.20841781
   0.1236608   0.14591101 -0.8889662   0.26273128 -0.17864915 -0.48397112]
 [-0.79867055 -0.1301507  -0.19046094 -0.8826271  -0.86725099 -0.52484266
  -0.59660071 -0.8889662   0.32689263  0.23865142 -0.93046488 -0.87004491]
 [ 0.40102884  0.72620925  0.83365382  0.80884473 -0.60840415 -0.09492729
  -0.65804769  0.26273128 -0.0268736   0.12971185  0.5664451   0.75542338]
 [ 0.955691    0.30320662  0.75298198  0.64714001 -0.85608996 -0.70312745
   0.27998806 -0.17864915 -0.92567013  0.97632518 -0.18930429  0.28073014]
 [-0.07211464  0.80340618  0.61594874  0.2417441   0.66750322  0.70704981
   0.74046348 -0.48397112  0.40185532 -0.9808039  -0.63281186  0.79920499]]

[[-0.99111158  0.00926465 -0.47952391 -0.09946178 -0.60632296  0.01157313
   0.36727147  0.61777761  0.02422844  0.07695217  0.14652557 -0.79211064]
 [-0.17603875  0.63133423 -0.21214868  0.29551237 -0.28497592 -0.21306188
   0.05483777  0.6149571  -0.11717844  0.01480614  0.14450209 -0.00938658]
 [-0.09287284 -0.10583722 -0.1686548  -0.19638804 -0.19497869  0.15355824
  -0.17292851  0.04691921 -0.3172924  -0.95402319 -0.91308011 -0.26653389]
 [-0.07948824  0.16885369 -0.20645535 -0.04586512 -0.25130029  0.08409232
  -0.13077947  0.26891665  0.15398547 -0.06380483  0.11781753  0.03415455]
 [ 0.4137258   0.26952849 -0.03044751  0.01408421 -0.03652738 -0.04539797
  -0.47683773  0.03421518  0.4110272   0.11820122 -0.17058716  0.1368487 ]
 [ 0.46085236  0.20122227  0.24614497  0.23154152  0.23378394 -0.21674782
   0.00557694 -0.03848173 -0.8013091  -0.13348965  0.58447674 -0.5715163 ]
 [ 0.00686173 -0.70973569 -0.09686915 -0.54767187 -0.120546    0.58544584
  -0.06406796 -0.27580818  0.16860063  0.38363943 -0.0040677   0.61921989]
 [-0.77393697 -0.33559634 -0.23670621 -0.17037743 -0.30465904  0.24253064
   0.59277409  0.26865357  0.44608038 -0.59481357  0.07565371 -0.40342155]
 [ 0.02422844 -0.11717844 -0.3172924   0.15398547  0.4110272  -0.8013091
   0.16860063  0.44608038  0.62617912 -0.53475418  0.99159463  0.64639748]
 [ 0.07695217  0.01480614 -0.95402319 -0.06380483  0.11820122 -0.13348965
   0.38363943 -0.59481357 -0.62837332 -0.77713973 -0.26757721 -0.56703123]
 [ 0.14652557  0.14450209 -0.91308011  0.11781753 -0.17058716  0.58447674
  -0.0040677   0.07565371  0.77368473  0.16151704  0.20980852 -0.20768303]
 [-0.79211064 -0.00938658 -0.26653389  0.03415455  0.1368487  -0.5715163
   0.61921989 -0.40342155 -0.80682145 -0.86137738 -0.64711592 -0.13999404]]
