A: 
[[-0.77619001 -0.24649261 -0.15505381  0.49325397  0.18192615  0.23370521
  -0.47057687 -0.91356148 -0.65413672 -0.68815193  0.77814658  0.60710522]
 [ 0.30386171  0.74797488 -0.15438131  0.26629765  0.18813782 -0.10896714
  -0.03080455  0.37520561 -0.71311473 -0.60779328 -0.44078342 -0.17879862]
 [-0.15373969 -0.30931462  0.05528834 -0.08598965 -0.06766957  0.05327787
  -0.45188105 -0.12710463  0.62114789 -0.56264918  0.89654302  0.36451373]
 [-0.67435416 -0.76936894  0.04859036  0.03702346 -0.06297783  0.21793741
   0.65055433 -0.56936141  0.08049402 -0.50364999 -0.45951263 -0.25014988]
 [-0.05751242  0.2527406  -0.10095936  0.22764951  0.12136879  0.0100466
   0.79152523  0.38023167  0.31569679 -0.52181255 -0.84870659  0.25629016]
 [ 0.5464919   0.46412118  0.01323775 -0.14238481 -0.01240951 -0.17233969
   0.40266317 -0.39603774  0.56909726 -0.08337695  0.66186352  0.22666875]
 [ 0.1276794  -0.46993731  0.19403876 -0.44111044 -0.23315319 -0.02474909
  -0.71192328  0.76490116 -0.86214436 -0.82400132  0.424675   -0.74104662]
 [ 0.39928063 -0.04772011  0.13737761 -0.37679865 -0.16306186 -0.11553888
   0.20626092  0.66573215 -0.98971102 -0.49531426 -0.89198562  0.74291437]
 [ 0.20514007 -0.76164584  0.31393949 -0.7133824  -0.37723289 -0.03958667
  -0.84829232 -0.54899221 -0.64337514  0.39195225  0.88523879 -0.52444004]
 [-0.67026921 -0.36331246 -0.08422239  0.31984728  0.09720216  0.20584939
  -0.8828246  -0.6352463   0.89006334 -0.57506402 -0.70983635 -0.56779021]
 [ 0.41890513 -0.25774898  0.21269508 -0.54176807 -0.2537565  -0.11564625
  -0.65873929 -0.04133751  0.1699181  -0.25412894  0.60226659 -0.04713858]
 [ 0.04543735 -0.33733234  0.12520866 -0.27692264 -0.15068854 -0.00424449
   0.84607631  0.09884381  0.55844402  0.60465714  0.34663307 -0.47490128]
 [ 0.27827021 -0.60735384  0.28527679 -0.66743121 -0.34219422 -0.06512167
  -0.59156979 -0.70557345 -0.17230286  0.91598148  0.58184681  0.6672247 ]
 [ 0.7218148   0.49177934  0.05751091 -0.27355679 -0.06465673 -0.22437652
  -0.27739496  0.75543065  0.46225844 -0.52278371  0.66028095  0.27729854]
 [ 0.36702235  0.08594812  0.08342182 -0.25481795 -0.09820853 -0.10968674
  -0.07680137 -0.68993518 -0.32226872  0.86449584  0.65908366  0.91751602]
 [-0.21752136 -0.13241947 -0.02254075  0.09356463  0.02576662  0.06719332
   0.60255827 -0.95659486  0.21311959  0.5838609   0.62841098 -0.90673213]
 [ 0.29284352 -0.72635698  0.32900405 -0.76387192 -0.39482837 -0.06619305
  -0.56118159 -0.42131804  0.93151891 -0.72581101  0.89164543  0.4860912 ]
 [-0.40467441 -0.35426798 -0.0063067   0.09796852  0.00497376  0.1279007
  -0.0096669   0.92325643 -0.53090945  0.68662408  0.9216577  -0.15397627]
 [ 0.18284973 -0.7992419   0.31956183 -0.72073691 -0.38415758 -0.03205655
  -0.98434236  0.80307561 -0.55526024 -0.5810097   0.70948676  0.2847082 ]
 [-0.16769997 -0.71477573  0.18489645 -0.35990662 -0.22404943  0.06823919
   0.86689106  0.77594979  0.93047812  0.31557732  0.42198188  0.95911427]] 
x segnato:[[ 0.69768397]
 [-0.62392504]
 [ 0.69785464]
 [-0.45341313]
 [ 0.97748145]
 [ 0.51690737]
 [ 0.        ]
 [ 0.        ]
 [ 0.        ]
 [ 0.        ]
 [ 0.        ]
 [ 0.        ]]
Matrici Hi 

[[-0.27485886 -0.39596862  0.04700305 -0.0430027  -0.05846621  0.09103874
  -0.09096119 -0.13168094  0.80839306 -0.23711643  0.80106337 -0.92457151]
 [ 0.44735201  0.22969649  0.06043305 -0.2224891  -0.069965   -0.13704528
   0.09561868 -0.20167744  0.51928833  0.43599096  0.44212296 -0.15525275]
 [-0.23141405 -0.19644714 -0.00563421  0.06035454  0.00528938  0.07297556
  -0.88861971 -0.2622014   0.91035366 -0.8855982  -0.7214495   0.95576503]
 [ 0.55167266  0.50227458  0.00221973 -0.11993302  0.00091035 -0.17487895
  -0.47171194 -0.54112576  0.40678646 -0.88634164  0.21691816 -0.55220805]
 [ 0.27726554  0.2343129   0.00709968 -0.07305867 -0.0067584  -0.08740629
  -0.40188674  0.88831221 -0.42002672  0.07225473 -0.94601816 -0.4511555 ]
 [ 0.06841581  0.10968817 -0.01537304  0.01854996  0.01898256 -0.02295916
  -0.78133121  0.97118703 -0.26150789 -0.28550649  0.76937078 -0.95849447]
 [-0.09096119  0.09561868 -0.88861971 -0.47171194 -0.40188674 -0.78133121
  -0.24550704  0.99756762 -0.16398052  0.87445263 -0.95584876  0.4636536 ]
 [-0.13168094 -0.20167744 -0.2622014  -0.54112576  0.88831221  0.97118703
   0.32215443 -0.31443188  0.61963902  0.02438294 -0.42285415  0.3835407 ]
 [ 0.80839306  0.51928833  0.91035366  0.40678646 -0.42002672 -0.26150789
   0.64768475 -0.57590148 -0.22774689  0.26208866 -0.47737004 -0.14871073]
 [-0.23711643  0.43599096 -0.8855982  -0.88634164  0.07225473 -0.28550649
   0.83250961 -0.61025218  0.58619245 -0.24175939 -0.76570038 -0.27640651]
 [ 0.80106337  0.44212296 -0.7214495   0.21691816 -0.94601816  0.76937078
   0.90105685 -0.0663995   0.16701451 -0.4034863   0.02816781  0.13207392]
 [-0.92457151 -0.15525275  0.95576503 -0.55220805 -0.4511555  -0.95849447
  -0.90195641  0.53069315  0.62164933 -0.06446036  0.76484105 -0.97460569]]

[[ 0.30737175  0.24862858  0.01154396 -0.0888376  -0.01192183 -0.09659861
  -0.77724739  0.25901046  0.91181511  0.90792811 -0.44984238 -0.99758464]
 [ 0.28184307 -0.58677483  0.27957107 -0.65599031 -0.33529069 -0.06671904
  -0.27701939  0.46105392 -0.60568521 -0.48812884 -0.35000975 -0.1772105 ]
 [ 0.0005784   0.26945375 -0.08878231  0.18951072  0.1070627  -0.0073976
   0.01862262  0.18874073 -0.6435172   0.27525049  0.1938357   0.18074666]
 [-0.0654161  -0.62744523  0.18722106 -0.38622915 -0.22618753  0.03597089
  -0.00933807 -0.06355285  0.67428239 -0.35355324  0.74321643 -0.56946229]
 [ 0.00130109 -0.3233066   0.107134   -0.22910082 -0.12918003  0.00829236
  -0.42192302  0.93742813 -0.25674392 -0.50127488 -0.48586951  0.31775289]
 [-0.09748962 -0.05700136 -0.01087724  0.04358916  0.01248253  0.03005202
  -0.37255643  0.53448124 -0.6951898  -0.99268325  0.54415817 -0.84187504]
 [-0.77724739 -0.27701939  0.01862262 -0.00933807 -0.42192302 -0.37255643
  -0.54560647 -0.40136834  0.10280758 -0.61558166 -0.62304767  0.31090194]
 [ 0.25901046  0.46105392  0.18874073 -0.06355285  0.93742813  0.53448124
  -0.51461983 -0.33529975 -0.80071397 -0.28242969  0.6415464   0.0965885 ]
 [ 0.91181511 -0.60568521 -0.6435172   0.67428239 -0.25674392 -0.6951898
   0.095437    0.49034725  0.80836279 -0.09644581 -0.7866651   0.62967227]
 [ 0.90792811 -0.48812884  0.27525049 -0.35355324 -0.50127488 -0.99268325
  -0.2167801  -0.35496105 -0.26494902  0.21314305  0.12060272 -0.90794626]
 [-0.44984238 -0.35000975  0.1938357   0.74321643 -0.48586951  0.54415817
   0.74292484 -0.47339658 -0.04335529  0.23794016  0.03376768  0.40907595]
 [-0.99758464 -0.1772105   0.18074666 -0.56946229  0.31775289 -0.84187504
   0.8821928  -0.38018577  0.59296467  0.13787497 -0.3032072   0.43122223]]

[[-0.31529437 -0.52686914  0.07790217 -0.10055747 -0.0959891   0.10638065
   0.86056735  0.99360718 -0.97796233 -0.38169321  0.08517007  0.45298246]
 [-0.02207493 -0.03405041  0.00451739 -0.0050394  -0.00559086  0.00737198
   0.33444607  0.26591276  0.42418074  0.10266006 -0.43809809 -0.46852876]
 [-0.08875253 -0.14924576  0.02223805 -0.02896664 -0.02739303  0.02997033
  -0.70162071 -0.90543193  0.10337414 -0.80249649 -0.76683182  0.02566874]
 [ 0.25540285  0.42878908 -0.06376493  0.08286717  0.07855217 -0.08622687
  -0.86888289  0.28434031  0.16662171  0.31076257  0.36567984 -0.89863817]
 [ 0.10497295  0.17654357 -0.02630942  0.03427585  0.03240799 -0.03544829
   0.90037871 -0.94654199 -0.04758409 -0.03510889  0.45261934  0.67016609]
 [ 0.09283903  0.1550615  -0.02291331  0.02955566  0.02823387 -0.03132194
   0.48863971 -0.21854081  0.22483493 -0.39823932  0.37532745  0.88951107]
 [ 0.86056735  0.33444607 -0.70162071 -0.86888289  0.90037871  0.48863971
  -0.08581168 -0.25341888  0.03793502 -0.52003416 -0.96745469 -0.62771451]
 [ 0.99360718  0.26591276 -0.90543193  0.28434031 -0.94654199 -0.21854081
  -0.44742203 -0.40266257  0.76648133 -0.78908635 -0.24012099 -0.82339207]
 [-0.97796233  0.42418074  0.10337414  0.16662171 -0.04758409  0.22483493
   0.45807676  0.5307459   0.29918861 -0.65809782  0.96240813 -0.34944647]
 [-0.38169321  0.10266006 -0.80249649  0.31076257 -0.03510889 -0.39823932
  -0.3035565   0.08783916 -0.3812343   0.27261708  0.02498058 -0.9504978 ]
 [ 0.08517007 -0.43809809 -0.76683182  0.36567984  0.45261934  0.37532745
  -0.21632532  0.1467406   0.42003464  0.33951087  0.90589433 -0.79080016]
 [ 0.45298246 -0.46852876  0.02566874 -0.89863817  0.67016609  0.88951107
   0.8310213  -0.76743399 -0.08674947  0.35704393 -0.29303454 -0.11551027]]

[[-0.32552254  0.61179227 -0.30113543  0.71117044  0.36101026  0.07882739
   0.93867391  0.86682646 -0.33759267 -0.65438739  0.88574417 -0.43591465]
 [-0.36468655 -0.00365722 -0.10987816  0.31083872  0.13012633  0.10679581
  -0.61195387 -0.20141174  0.65927513 -0.68595706  0.70774301 -0.90205582]
 [ 0.02124303  0.18756276 -0.05545194  0.11400501  0.06700534 -0.01124671
  -0.03225328  0.9573084  -0.67875261 -0.60081309  0.82771316 -0.22380025]
 [ 0.02259734 -0.52836331  0.18131916 -0.39200081 -0.2184984   0.0075625
  -0.87218897 -0.80877532  0.93793858 -0.15138681 -0.45877895  0.55863606]
 [-0.02773268 -0.22219629  0.06490921 -0.13284986 -0.07845167  0.01407449
  -0.12410813 -0.69281889 -0.18795595 -0.05374733 -0.71639672  0.18387529]
 [ 0.10502243 -0.17889623  0.09105191 -0.21640835 -0.10911289 -0.02592773
   0.36892092 -0.81406624 -0.49251522 -0.60942162  0.48946055  0.17173461]
 [ 0.93867391 -0.61195387 -0.03225328 -0.87218897 -0.12410813  0.36892092
   0.87959002  0.10925534 -0.77059226  0.17750176 -0.11624153  0.17512524]
 [ 0.86682646 -0.20141174  0.9573084  -0.80877532 -0.69281889 -0.81406624
   0.67991052 -0.97335759  0.36690392 -0.5329711  -0.40393576 -0.74253338]
 [-0.33759267  0.65927513 -0.67875261  0.93793858 -0.18795595 -0.49251522
   0.61952446  0.30931659 -0.43118844 -0.75865122  0.41404161 -0.12745838]
 [-0.65438739 -0.68595706 -0.60081309 -0.15138681 -0.05374733 -0.60942162
  -0.23277641 -0.74622936  0.2383109  -0.30611081 -0.29411404 -0.13733639]
 [ 0.88574417  0.70774301  0.82771316 -0.45877895 -0.71639672  0.48946055
  -0.03356659 -0.1742606   0.77892003 -0.1059705  -0.33014229  0.90549339]
 [-0.43591465 -0.90205582 -0.22380025  0.55863606  0.18387529  0.17173461
  -0.61728552 -0.46080117  0.71700211 -0.27314412  0.61752205 -0.34833985]]

[[-0.24535816  0.36657477 -0.19575987  0.46935846  0.23446344  0.06195161
   0.81391489 -0.06193318  0.69187091  0.0097294  -0.71995278  0.57323534]
 [ 0.11493238  0.15781838 -0.01709372  0.01251231  0.02135991 -0.03785983
  -0.38042541  0.53322367  0.56903815  0.24975681  0.79511782 -0.86471779]
 [-0.11268169  0.05955796 -0.05398617  0.13883835  0.06436703  0.03137
  -0.01410713  0.30109079 -0.14636693 -0.69303971  0.40632862  0.47996861]
 [ 0.29191049 -0.20375332  0.15618547 -0.39455124 -0.18643961 -0.07993945
   0.48771918  0.8256758   0.42916115  0.84175822 -0.44611789 -0.88336912]
 [ 0.13428287 -0.06943499  0.06382685 -0.16436765 -0.07609305 -0.03742498
  -0.91451931 -0.97378587 -0.02862296 -0.84303191  0.6262829  -0.97817122]
 [ 0.06870217 -0.11148378  0.05773275 -0.13765761 -0.06917084 -0.01710978
  -0.92772823 -0.5724888   0.48493055  0.26816272  0.08116911 -0.49369653]
 [ 0.81391489 -0.38042541 -0.01410713  0.48771918 -0.91451931 -0.92772823
  -0.29930061 -0.27052668  0.00405753 -0.93242674  0.22477281 -0.28821647]
 [-0.06193318  0.53322367  0.30109079  0.8256758  -0.97378587 -0.5724888
   0.01358091  0.60455939 -0.46479824 -0.98204498  0.95976403  0.29423767]
 [ 0.69187091  0.56903815 -0.14636693  0.42916115 -0.02862296  0.48493055
  -0.58632976  0.26400517  0.50881818  0.06587449  0.35485101 -0.71324624]
 [ 0.0097294   0.24975681 -0.69303971  0.84175822 -0.84303191  0.26816272
   0.39935952 -0.060419   -0.94958366  0.43721652 -0.75893378 -0.68460323]
 [-0.71995278  0.79511782  0.40632862 -0.44611789  0.6262829   0.08116911
  -0.79695065  0.91188354  0.22128276  0.53962958  0.7428715  -0.33911056]
 [ 0.57323534 -0.86471779  0.47996861 -0.88336912 -0.97817122 -0.49369653
   0.46634466 -0.6252397  -0.57673502 -0.91291977  0.95678523 -0.85792376]]

[[-0.20865814 -0.20205177  0.00314771  0.03684557 -0.00515241  0.06646813
   0.99954813  0.03145862  0.96487378  0.09165198 -0.07625565 -0.85626802]
 [-0.36766806 -0.69048281  0.11596489 -0.17092035 -0.14222791  0.12609292
  -0.26330307  0.39607986 -0.81089483  0.16850706 -0.42488243  0.07434362]
 [ 0.0578249   0.16641254 -0.03732628  0.06765167  0.04538622 -0.02138223
   0.01163942 -0.16508465 -0.85215271  0.02248008  0.49607807 -0.61227267]
 [-0.07994029 -0.31325373  0.07906853 -0.15219177 -0.09586527  0.03179178
  -0.07111843 -0.2578458   0.23204382  0.179909    0.27300317  0.05128497]
 [-0.07108539 -0.2019838   0.0450307  -0.08133879 -0.05476287  0.02621614
  -0.45945947  0.87767217 -0.22525015  0.81802832 -0.00102196  0.86208539]
 [ 0.07091096  0.07763794 -0.00403181 -0.00619493  0.00532287 -0.0228294
   0.90644753 -0.1988223   0.99624717  0.35277513  0.19672187 -0.61027165]
 [ 0.99954813 -0.26330307  0.01163942 -0.07111843 -0.45945947  0.90644753
   0.7161872  -0.02877384 -0.54899035 -0.45205889  0.51253002  0.28237526]
 [ 0.03145862  0.39607986 -0.16508465 -0.2578458   0.87767217 -0.1988223
  -0.63572823 -0.86193039  0.20455164 -0.96422929 -0.8314768  -0.87888907]
 [ 0.96487378 -0.81089483 -0.85215271  0.23204382 -0.22525015  0.99624717
   0.16249353  0.47130872  0.29367068  0.44611061  0.1663468   0.34013802]
 [ 0.09165198  0.16850706  0.02248008  0.179909    0.81802832  0.35277513
  -0.06943242 -0.51986319  0.32200334  0.56372589 -0.42724971 -0.69516168]
 [-0.07625565 -0.42488243  0.49607807  0.27300317 -0.00102196  0.19672187
   0.35966722 -0.18016473  0.37192774 -0.36287498  0.62225029  0.48590902]
 [-0.85626802  0.07434362 -0.61227267  0.05128497  0.86208539 -0.61027165
   0.89899058 -0.00319211 -0.44160514  0.67975488 -0.0115933   0.61713655]]

[[-0.14751495  0.06488036 -0.06635373  0.17252777  0.07905408  0.04141852
  -0.53314868  0.04185224  0.87780019  0.09501517  0.84126335  0.99475268]
 [ 0.35250365  0.19582812  0.04272314 -0.16485744 -0.04922606 -0.10838659
  -0.12758071 -0.58336031  0.14822273  0.38237529  0.01608599  0.8435797 ]
 [-0.16131078 -0.04488852 -0.0343165   0.10697959  0.040332    0.04839948
  -0.87634348 -0.43044807 -0.6181989  -0.84442641 -0.48203891 -0.18079344]
 [ 0.375348    0.08233076  0.08715211 -0.26452397 -0.1026526  -0.11202557
  -0.23653634 -0.44195988  0.44678192  0.09734428  0.70969588 -0.59224281]
 [ 0.19355889  0.05455109  0.04094942 -0.1278805  -0.04812068 -0.05809363
  -0.66678355  0.62731036 -0.19024252 -0.05400133 -0.48308703 -0.31881086]
 [ 0.03370273 -0.02423558  0.01826727 -0.04605462 -0.02180861 -0.00921039
   0.76944198  0.48323908  0.32732989 -0.88660573  0.13671821 -0.37794637]
 [-0.53314868 -0.12758071 -0.87634348 -0.23653634 -0.66678355  0.76944198
   0.2496752   0.71104379 -0.08448404 -0.22433953 -0.25724495  0.04488724]
 [ 0.04185224 -0.58336031 -0.43044807 -0.44195988  0.62731036  0.48323908
   0.20368868 -0.21871103 -0.70922729  0.16343607  0.81691564 -0.79340597]
 [ 0.87780019  0.14822273 -0.6181989   0.44678192 -0.19024252  0.32732989
  -0.24148912  0.48608569 -0.17125252  0.83651634 -0.78038484  0.09194284]
 [ 0.09501517  0.38237529 -0.84442641  0.09734428 -0.05400133 -0.88660573
   0.94289948 -0.87841976  0.47376956  0.86090083 -0.56532701  0.29174818]
 [ 0.84126335  0.01608599 -0.48203891  0.70969588 -0.48308703  0.13671821
   0.22015947  0.52703723  0.74049788 -0.14023476  0.85396316  0.15095856]
 [ 0.99475268  0.8435797  -0.18079344 -0.59224281 -0.31881086 -0.37794637
  -0.02567367  0.74193745 -0.04205093  0.63402781 -0.5331711   0.04420701]]

[[ 0.49594111  0.05472346  0.13299983 -0.38763123 -0.15715437 -0.14656735
   0.78295482  0.02432624 -0.77532324  0.23034144  0.40387169 -0.89352543]
 [ 0.65563464  0.39072443  0.07071472 -0.28794029 -0.08100898 -0.20230305
  -0.15746815 -0.97880016 -0.35675273  0.68695913  0.72469167  0.33776279]
 [-0.0653873  -0.11232619  0.01716646 -0.02301293 -0.02112549  0.02214387
   0.52382804  0.70737863 -0.08300736 -0.57959327  0.17873829  0.48796475]
 [ 0.03610687  0.22849271 -0.0644371   0.13009291  0.07793683 -0.01669347
  -0.86295174  0.97469151 -0.84201019  0.56727712 -0.09753205 -0.7518024 ]
 [ 0.08207251  0.13580535 -0.01983555  0.02522993  0.02445252 -0.02765538
  -0.57863068  0.84318488  0.81891223 -0.96895601 -0.01338713  0.95704352]
 [-0.1626874  -0.02649223 -0.04080925  0.121135    0.04815239  0.04830874
   0.70553281  0.98721862 -0.62170049 -0.31344554  0.35022192  0.98011537]
 [ 0.78295482 -0.15746815  0.52382804 -0.86295174 -0.57863068  0.70553281
   0.13781173 -0.69666959 -0.81206679 -0.74955255  0.87888969 -0.22440231]
 [ 0.02432624 -0.97880016  0.70737863  0.97469151  0.84318488  0.98721862
   0.33876881  0.10430596  0.50324396  0.43469406 -0.47971758 -0.7520089 ]
 [-0.77532324 -0.35675273 -0.08300736 -0.84201019  0.81891223 -0.62170049
  -0.5610793  -0.11713276 -0.01301991 -0.05025026 -0.23407389  0.47109434]
 [ 0.23034144  0.68695913 -0.57959327  0.56727712 -0.96895601 -0.31344554
   0.35697702 -0.97490718 -0.67129184  0.94617062 -0.48604157  0.44309354]
 [ 0.40387169  0.72469167  0.17873829 -0.09753205 -0.01338713  0.35022192
  -0.93717779  0.71365424 -0.90424631 -0.90296058  0.57326296 -0.63137676]
 [-0.89352543  0.33776279  0.48796475 -0.7518024   0.95704352  0.98011537
   0.24220955  0.29165523  0.85892522 -0.28292025  0.8940478  -0.67773378]]

[[-0.24611131  0.04997047 -0.09146433  0.24674927  0.10869283  0.07066519
  -0.37317968 -0.87169463 -0.42845983  0.89536861 -0.82819265  0.35420909]
 [-0.03599174  0.32112148 -0.11697956  0.25737368  0.14082682  0.00191583
  -0.75903276 -0.33115545 -0.5580633  -0.00057653  0.95558437 -0.92603187]
 [-0.06308443 -0.09079499  0.01075953 -0.00980912 -0.01338466  0.02089252
   0.60015515  0.79798497  0.47920548  0.02042773  0.85387324  0.07950345]
 [ 0.18613222  0.18349634 -0.00388327 -0.03057096  0.00589292 -0.05937987
  -0.30727557  0.7414781  -0.86769668  0.38138776 -0.41115763 -0.92675324]
 [ 0.07447069  0.10981086 -0.01356919  0.01343281  0.01684674 -0.02473395
   0.76984939  0.54454526  0.88267077 -0.74876482  0.28551801  0.86926663]
 [ 0.07297122 -0.02323446  0.02989815 -0.07909666 -0.03557849 -0.02072617
  -0.49890577  0.64562893  0.23626812  0.82750305  0.50861274 -0.90657692]
 [-0.37317968 -0.75903276  0.60015515 -0.30727557  0.76984939 -0.49890577
   0.51606762  0.37542497 -0.8225872  -0.00345282 -0.9446269   0.18992492]
 [-0.87169463 -0.33115545  0.79798497  0.7414781   0.54454526  0.64562893
   0.1467844  -0.266216    0.21790877  0.67958849 -0.18570879  0.31337558]
 [-0.42845983 -0.5580633   0.47920548 -0.86769668  0.88267077  0.23626812
   0.99412483 -0.35916049  0.75796942  0.76636748  0.44907897  0.56530175]
 [ 0.89536861 -0.00057653  0.02042773  0.38138776 -0.74876482  0.82750305
  -0.01825486  0.64791418 -0.75800798  0.88229568 -0.0598342   0.54951602]
 [-0.82819265  0.95558437  0.85387324 -0.41115763  0.28551801  0.50861274
  -0.70975694  0.60137877 -0.21879953  0.54453893  0.85161419  0.36303858]
 [ 0.35420909 -0.92603187  0.07950345 -0.92675324  0.86926663 -0.90657692
  -0.67534893  0.92077317  0.19579849 -0.23993728  0.69969421  0.74294502]]

[[ 0.42296444  0.08684324  0.10016658 -0.30226431 -0.1180366  -0.12607794
  -0.20110144  0.35764889 -0.65581109 -0.27108859 -0.10432268  0.6755792 ]
 [ 0.08211536 -0.44826513  0.17300477 -0.38666961 -0.20808542 -0.01199963
   0.84387916  0.5553812   0.05903802 -0.21690525  0.72166236  0.53202613]
 [ 0.10172746  0.1744449  -0.02660516  0.03558518  0.03274351 -0.03444244
  -0.45111021 -0.56299369 -0.35670182  0.28725101  0.63556548 -0.87798532]
 [-0.30559822 -0.39073283  0.0359111  -0.01289272 -0.04529075  0.09989181
   0.65505987 -0.96570105  0.02582596 -0.08069428 -0.67005875  0.88120286]
 [-0.1199188  -0.20979128  0.03273336 -0.04487607 -0.04025153  0.04071296
  -0.5450094  -0.30799632 -0.75246467 -0.7398532   0.78371812 -0.51192762]
 [-0.12595111 -0.01338288 -0.03394714  0.0988074   0.04011651  0.03720899
  -0.25875319  0.50087932  0.08135837 -0.29695602  0.25188932 -0.52675402]
 [-0.20110144  0.84387916 -0.45111021  0.65505987 -0.5450094  -0.25875319
  -0.9877204  -0.7417371  -0.50567964  0.22247988 -0.54440912  0.42394926]
 [ 0.35764889  0.5553812  -0.56299369 -0.96570105 -0.30799632  0.50087932
   0.36076147  0.05834706  0.37412818 -0.6821197   0.03645913 -0.50927319]
 [-0.65581109  0.05903802 -0.35670182  0.02582596 -0.75246467  0.08135837
  -0.52265063  0.39888669 -0.79699557  0.50759937 -0.59002547 -0.24579936]
 [-0.27108859 -0.21690525  0.28725101 -0.08069428 -0.7398532  -0.29695602
   0.47055463 -0.92293874 -0.84777893  0.34888488 -0.59308468 -0.58334733]
 [-0.10432268  0.72166236  0.63556548 -0.67005875  0.78371812  0.25188932
  -0.52888222 -0.09309956 -0.9407116  -0.95432044  0.21635997 -0.96411454]
 [ 0.6755792   0.53202613 -0.87798532  0.88120286 -0.51192762 -0.52675402
   0.35366554  0.7540768   0.36012316 -0.70175365  0.39762614 -0.32878184]]

[[ 0.09798709 -0.18354402  0.09044334 -0.21363949 -0.10842479 -0.02374469
   0.54385966  0.87627472  0.84247238  0.9198939  -0.10517522  0.94550683]
 [ 0.5398449  -0.03720929  0.1767242  -0.49019011 -0.20959432 -0.15694625
  -0.64022394  0.91582803 -0.95184021 -0.96704475 -0.22580108  0.82562206]
 [-0.14837905 -0.04362412 -0.03079486  0.09675745  0.03616948  0.04458207
  -0.65671582 -0.76789008  0.22796488  0.63065309 -0.02511158  0.3937444 ]
 [ 0.29646492  0.13150228  0.04689021 -0.16205679 -0.05461533 -0.09026553
  -0.14518086 -0.92843755 -0.26912873 -0.7464337  -0.94321738 -0.26170996]
 [ 0.17956132  0.05141111  0.03772232 -0.11806494 -0.04432027 -0.05391408
   0.52929067 -0.91321791 -0.21412732 -0.96369157 -0.50252857 -0.00757491]
 [-0.04315034  0.05469833 -0.03120215  0.07565515  0.03734483  0.01115732
  -0.2007085   0.26565286  0.95374706  0.6554145   0.31237522 -0.71371939]
 [ 0.54385966 -0.64022394 -0.65671582 -0.14518086  0.52929067 -0.2007085
   0.51393574 -0.61492896 -0.76387267  0.14662238 -0.61393134 -0.95639477]
 [ 0.87627472  0.91582803 -0.76789008 -0.92843755 -0.91321791  0.26565286
   0.62212583 -0.09488174  0.02760573 -0.1990587  -0.36146535 -0.4002429 ]
 [ 0.84247238 -0.95184021  0.22796488 -0.26912873 -0.21412732  0.95374706
   0.42295475  0.42055097 -0.27786534  0.74458909 -0.31759544 -0.27676968]
 [ 0.9198939  -0.96704475  0.63065309 -0.7464337  -0.96369157  0.6554145
   0.15955011  0.52366611 -0.66010555  0.10803008  0.02462576  0.16504517]
 [-0.10517522 -0.22580108 -0.02511158 -0.94321738 -0.50252857  0.31237522
   0.93096206  0.44692105  0.16100276  0.78267487 -0.0076127  -0.31592672]
 [ 0.94550683  0.82562206  0.3937444  -0.26170996 -0.00757491 -0.71371939
  -0.67118619 -0.12013279 -0.52535974  0.22975816 -0.76051019  0.80412184]]

[[ 0.24795995 -0.20425214  0.14296257 -0.35713116 -0.17078043 -0.06706729
   0.36587491  0.49665622 -0.47123604  0.53359836 -0.08007802 -0.13920107]
 [ 0.06722317 -0.12300958  0.06108741 -0.14451405 -0.0732257  -0.01636787
  -0.76146433 -0.21812605  0.20952877 -0.73879185 -0.74553121  0.36299136]
 [ 0.05333667 -0.02160549  0.02337957 -0.06107373 -0.02784566 -0.01502532
   0.01323923  0.06114229  0.07524757 -0.01785794 -0.68912457  0.4904616 ]
 [-0.16569784  0.08879631 -0.07978804  0.205019    0.09513574  0.04609678
  -0.13022741  0.40310632  0.30031497 -0.7535277  -0.57579804  0.02475465]
 [-0.06270424  0.0247251  -0.0272629   0.0713242   0.03246751  0.01768234
  -0.59731672  0.87241584 -0.82280958  0.91670483 -0.98500727  0.19768866]
 [-0.07434989  0.06305866 -0.04346582  0.10836393  0.05193022  0.02006121
   0.65285798 -0.20734227  0.60937476 -0.72877922 -0.6300322  -0.85294723]
 [ 0.36587491 -0.76146433  0.01323923 -0.13022741 -0.59731672  0.65285798
   0.77996795  0.78384195  0.38181878  0.99096958 -0.84271444  0.77630154]
 [ 0.49665622 -0.21812605  0.06114229  0.40310632  0.87241584 -0.20734227
   0.19128849  0.0186211  -0.79879844 -0.1955531   0.67416524 -0.76594276]
 [-0.47123604  0.20952877  0.07524757  0.30031497 -0.82280958  0.60937476
  -0.84695379  0.24150092  0.6450584   0.12982862  0.95674899 -0.22175432]
 [ 0.53359836 -0.73879185 -0.01785794 -0.7535277   0.91670483 -0.72877922
  -0.36965455 -0.24945851  0.48335024 -0.53033177 -0.12127833  0.17743418]
 [-0.08007802 -0.74553121 -0.68912457 -0.57579804 -0.98500727 -0.6300322
  -0.27884792 -0.57144735 -0.34041    -0.29753934  0.4971845  -0.3055027 ]
 [-0.13920107  0.36299136  0.4904616   0.02475465  0.19768866 -0.85294723
  -0.77050203 -0.39790999  0.88249391 -0.32019228 -0.84695285  0.84814971]]

[[ 0.12643861  0.36512804 -0.08203086  0.14880999  0.09973976 -0.04678755
   0.37172212 -0.10219478  0.99681474  0.89667874 -0.86867444 -0.82808823]
 [ 0.38615328 -0.09995193  0.15062297 -0.40234855 -0.17911924 -0.11029699
   0.25582026 -0.4357904  -0.05945292 -0.93799101 -0.72185871 -0.86954794]
 [-0.08897221  0.14421856 -0.0747143   0.17816125  0.0895164   0.02216212
   0.22378337 -0.60801469  0.01507258 -0.7726732   0.66493768 -0.17475353]
 [ 0.16363614 -0.3842791   0.17671186 -0.41160957 -0.21202559 -0.03756696
  -0.14758281  0.68450128 -0.41060051  0.35832702  0.3472121  -0.39759334]
 [ 0.10811006 -0.17153314  0.08956153 -0.21386975 -0.10729563 -0.02702861
  -0.71655663  0.06818393 -0.37736923 -0.9411959   0.65577314  0.22133444]
 [-0.04735157 -0.10414556  0.01995946 -0.03274448 -0.02437618  0.01664764
   0.24278438 -0.49586093  0.10173215 -0.76691764 -0.61144271  0.11224892]
 [ 0.37172212  0.25582026  0.22378337 -0.14758281 -0.71655663  0.24278438
  -0.67365642  0.47562937  0.77576718 -0.18289696 -0.50525831 -0.01510574]
 [-0.10219478 -0.4357904  -0.60801469  0.68450128  0.06818393 -0.49586093
  -0.47857763 -0.73371104  0.14596527 -0.90153367 -0.36357669  0.07159046]
 [ 0.99681474 -0.05945292  0.01507258 -0.41060051 -0.37736923  0.10173215
   0.98572994  0.43004151  0.39517813  0.89737843 -0.35995621  0.06907688]
 [ 0.89667874 -0.93799101 -0.7726732   0.35832702 -0.9411959  -0.76691764
  -0.30906084  0.37785498 -0.8991592   0.63731887  0.52111756 -0.61332419]
 [-0.86867444 -0.72185871  0.66493768  0.3472121   0.65577314 -0.61144271
   0.65481954 -0.28823941  0.72356643  0.70998014  0.54726983 -0.43735078]
 [-0.82808823 -0.86954794 -0.17475353 -0.39759334  0.22133444  0.11224892
   0.61126523  0.59016936  0.20900277 -0.37017642 -0.66485068 -0.81085444]]

[[-0.15808153  0.10501834 -0.08282368  0.20991254  0.09884581  0.04343328
   0.23065593 -0.95297344 -0.42358819 -0.29892543 -0.33499437  0.64562257]
 [-0.25684398 -0.28036311  0.01432403  0.02303532 -0.01894279  0.08266683
  -0.0954468   0.71406838 -0.39613716 -0.11808562 -0.81751495 -0.25013179]
 [ 0.03664294  0.12454932 -0.02995755  0.05633557  0.03636283 -0.01406192
  -0.81743678 -0.49547945  0.52669552  0.36885431  0.31787902 -0.30792176]
 [-0.04525804 -0.28795514  0.08128076 -0.16415873 -0.0983074   0.020966
  -0.68853236 -0.1167637   0.98946541 -0.72331618 -0.37062949 -0.05942388]
 [-0.04521407 -0.14950607  0.03558605 -0.06656787 -0.04320574  0.0172391
   0.25107555  0.23267413 -0.12366437 -0.55044687 -0.75032256  0.40753625]
 [ 0.0531406  -0.02320458  0.02384777 -0.06203284 -0.02841153 -0.01492506
  -0.36899653 -0.72700939  0.30844157  0.23902478  0.15575606  0.72653352]
 [ 0.23065593 -0.0954468  -0.81743678 -0.68853236  0.25107555 -0.36899653
  -0.84643947  0.72297596 -0.47356253  0.5039678  -0.25026792 -0.42395848]
 [-0.95297344  0.71406838 -0.49547945 -0.1167637   0.23267413 -0.72700939
  -0.10626318 -0.28297062  0.74950159  0.59558007 -0.86320856  0.17555731]
 [-0.42358819 -0.39613716  0.52669552  0.98946541 -0.12366437  0.30844157
  -0.98996704 -0.93521283 -0.21676731 -0.04488079 -0.24220877 -0.43331468]
 [-0.29892543 -0.11808562  0.36885431 -0.72331618 -0.55044687  0.23902478
   0.16708674 -0.81664232 -0.37572677  0.11738253  0.48207591  0.57899447]
 [-0.33499437 -0.81751495  0.31787902 -0.37062949 -0.75032256  0.15575606
  -0.9635611  -0.52926421  0.03234424 -0.94960314  0.42554997 -0.03612229]
 [ 0.64562257 -0.25013179 -0.30792176 -0.05942388  0.40753625  0.72653352
   0.06885821  0.14052863  0.09928211  0.4637172   0.62682174  0.9857516 ]]

[[ 0.30521994  0.20501636  0.02528682 -0.11774187 -0.02850776 -0.09479911
   0.5754688  -0.28416983 -0.4995876   0.52151031  0.49088335 -0.63809593]
 [-0.16452748  0.2854126  -0.1443432   0.34265898  0.17298776  0.04047993
  -0.2225914  -0.00141216 -0.18832358  0.42984149  0.39400075 -0.07486931]
 [ 0.14728943 -0.03177808  0.05535652 -0.14899158 -0.06579447 -0.04224054
  -0.58379818  0.63197992  0.03590212  0.04648661 -0.99719852  0.08030379]
 [-0.37832914  0.02506689 -0.12351685  0.34281846  0.14648397  0.11001672
  -0.12877442  0.36315461  0.57420456  0.88240154  0.1975539   0.58751666]
 [-0.17562571  0.03965291 -0.06658774  0.17889725  0.07915348  0.05031974
   0.90264037  0.83198895 -0.32802598  0.63391418 -0.66497955 -0.43469123]
 [-0.08488572 -0.06763888 -0.0035261   0.025256    0.00370005  0.02664981
  -0.48284176 -0.29492457 -0.74569991  0.87852888 -0.23475325 -0.08485909]
 [ 0.5754688  -0.2225914  -0.58379818 -0.12877442  0.90264037 -0.48284176
  -0.71514935 -0.22988791 -0.11526703  0.43044115 -0.96909329  0.35548383]
 [-0.28416983 -0.00141216  0.63197992  0.36315461  0.83198895 -0.29492457
  -0.26431243  0.7141129  -0.50561355  0.30333821 -0.22099347 -0.88485021]
 [-0.4995876  -0.18832358  0.03590212  0.57420456 -0.32802598 -0.74569991
   0.28570948 -0.5604846  -0.89226922 -0.41714754 -0.04150887  0.67740445]
 [ 0.52151031  0.42984149  0.04648661  0.88240154  0.63391418  0.87852888
   0.38291586  0.57311424 -0.50699036 -0.83419055  0.1032998   0.98130251]
 [ 0.49088335  0.39400075 -0.99719852  0.1975539  -0.66497955 -0.23475325
   0.10968519 -0.97773622  0.34998129 -0.90743591  0.67706835 -0.66815414]
 [-0.63809593 -0.07486931  0.08030379  0.58751666 -0.43469123 -0.08485909
  -0.66980967 -0.37569769 -0.59152878 -0.91147919  0.99309666 -0.97918314]]

[[-0.44617196  0.31429914 -0.2396704   0.60507851  0.28610764  0.1221068
   0.73436072 -0.80983013  0.68948774 -0.05262897  0.99308675 -0.1390949 ]
 [-0.63460421 -0.5460985  -0.01301294  0.16030292  0.01156551  0.20031816
   0.43374071  0.1032226   0.62601231  0.17025928 -0.41577011 -0.15508513]
 [ 0.07360419  0.27602833 -0.0687088   0.13138728  0.0833317  -0.02893939
  -0.19279512  0.30260235  0.80330341  0.75808979 -0.10848238  0.42919862]
 [-0.06404949 -0.6552003   0.1968005  -0.40697538 -0.2377301   0.03631561
   0.50832593 -0.31267771 -0.61674538 -0.37651747  0.3532246   0.42784186]
 [-0.09165732 -0.33080762  0.08129476 -0.15450025 -0.09862598  0.03569077
  -0.6219653  -0.7610276   0.14030316 -0.79546159 -0.85245506 -0.968759  ]
 [ 0.1475621  -0.07730602  0.07047035 -0.18133036 -0.08401783 -0.04109898
   0.75755795 -0.56257536 -0.98926211  0.09110068 -0.20741499 -0.6048766 ]
 [ 0.73436072  0.43374071 -0.19279512  0.50832593 -0.6219653   0.75755795
  -0.69475045  0.96392196  0.00434944 -0.71727842 -0.25077659 -0.98787291]
 [-0.80983013  0.1032226   0.30260235 -0.31267771 -0.7610276  -0.56257536
  -0.39312463 -0.087088   -0.72183844  0.56250923 -0.26306565  0.50521759]
 [ 0.68948774  0.62601231  0.80330341 -0.61674538  0.14030316 -0.98926211
   0.19819174 -0.92219932  0.91435366 -0.80511175 -0.84208562  0.45474293]
 [-0.05262897  0.17025928  0.75808979 -0.37651747 -0.79546159  0.09110068
   0.37079483  0.83745399 -0.63811592 -0.90054617  0.96782998 -0.88916554]
 [ 0.99308675 -0.41577011 -0.10848238  0.3532246  -0.85245506 -0.20741499
   0.73953354 -0.1440111  -0.93146301 -0.74654659 -0.09080495 -0.31783968]
 [-0.1390949  -0.15508513  0.42919862  0.42784186 -0.968759   -0.6048766
   0.44310451  0.30899517  0.34365364 -0.55795486 -0.61194211  0.10201605]]

[[-0.00005781 -0.35389127  0.11681741 -0.24950003 -0.14086569  0.00951041
  -0.59139605 -0.4456582  -0.8648462  -0.45317743 -0.95043542  0.87712776]
 [ 0.65578655  0.14991503  0.15026273 -0.45787982 -0.17693167 -0.19588753
  -0.07123964  0.56317519  0.26292106  0.5452149   0.62116295  0.03826706]
 [-0.21652149 -0.15729078 -0.01402508  0.07516709  0.01550442  0.06756798
  -0.81483432 -0.00573343  0.85596293 -0.14371299  0.45888461 -0.16567555]
 [ 0.46248365  0.40985397  0.00556435 -0.10845376 -0.0037027  -0.14630531
  -0.56260773 -0.46428457 -0.14698775 -0.90345052 -0.82236516  0.25929237]
 [ 0.26109399  0.18736946  0.01767182 -0.09226318 -0.01961207 -0.08141562
  -0.48878508  0.16176881 -0.05852265 -0.93694939  0.24143608  0.3062207 ]
 [-0.01757523  0.09951766 -0.03820866  0.08528024  0.04595997  0.00247239
  -0.7188153  -0.14160707  0.50916522 -0.92218326 -0.59243718  0.94330295]
 [-0.59139605 -0.07123964 -0.81483432 -0.56260773 -0.48878508 -0.7188153
  -0.1280813   0.6682409  -0.63093039 -0.10453345 -0.93913109  0.00477071]
 [-0.4456582   0.56317519 -0.00573343 -0.46428457  0.16176881 -0.14160707
   0.47320419  0.91451385 -0.12419019 -0.78449184  0.93745734 -0.16715644]
 [-0.8648462   0.26292106  0.85596293 -0.14698775 -0.05852265  0.50916522
  -0.39857403 -0.50417413 -0.81490097  0.01425971 -0.73389402  0.75340511]
 [-0.45317743  0.5452149  -0.14371299 -0.90345052 -0.93694939 -0.92218326
  -0.64887553  0.76252027 -0.2760507  -0.17034265 -0.74982735 -0.96969329]
 [-0.95043542  0.62116295  0.45888461 -0.82236516  0.24143608 -0.59243718
  -0.33050142  0.86362436 -0.34914215  0.05309164  0.34891501 -0.66358259]
 [ 0.87712776  0.03826706 -0.16567555  0.25929237  0.3062207   0.94330295
   0.77162298  0.77798504 -0.24280412  0.1359261   0.58132048 -0.03324709]]

[[ 0.20764647 -0.54345416  0.24266832 -0.56167655 -0.29127361 -0.04617319
   0.75160248  0.54939701  0.42227976 -0.4502232  -0.43259892 -0.59323416]
 [ 0.18640082 -0.24307875  0.13702968 -0.33160518 -0.16402647 -0.04801515
   0.67842697  0.21961356 -0.10392564  0.74296206  0.30789893 -0.4736981 ]
 [ 0.0017112  -0.08528823  0.02867862 -0.06161242 -0.03457125  0.00178729
  -0.0788186  -0.30439615 -0.53466705 -0.74378842 -0.5964116   0.6536536 ]
 [-0.04701254  0.29564425 -0.11192541  0.24887964  0.13466057  0.00582368
   0.11487255  0.45997617  0.80448948 -0.87818659 -0.45558191 -0.5256676 ]
 [-0.00071332  0.09931198 -0.03300452  0.07064381  0.03979416 -0.00245545
   0.85360027 -0.32574715  0.20666083  0.75484586  0.72265631  0.49060699]
 [-0.06575229  0.16552124 -0.07467433  0.17322744  0.08961918  0.01479712
  -0.36162976 -0.77372779  0.92770862  0.72481441 -0.69394888 -0.72075141]
 [ 0.75160248  0.67842697 -0.0788186   0.11487255  0.85360027 -0.36162976
   0.03125979 -0.19316036 -0.48322844  0.51287632 -0.01053647 -0.94353979]
 [ 0.54939701  0.21961356 -0.30439615  0.45997617 -0.32574715 -0.77372779
   0.72414007  0.81891888 -0.72938904 -0.30324842  0.09728667  0.98246261]
 [ 0.42227976 -0.10392564 -0.53466705  0.80448948  0.20666083  0.92770862
  -0.12039055  0.51481729  0.40294668  0.75540746  0.91738479  0.30660613]
 [-0.4502232   0.74296206 -0.74378842 -0.87818659  0.75484586  0.72481441
   0.08063748  0.67242061  0.19702663  0.64156959  0.85055373  0.10520108]
 [-0.43259892  0.30789893 -0.5964116  -0.45558191  0.72265631 -0.69394888
  -0.58197779 -0.43416002  0.82948413  0.57243613 -0.95943197 -0.71422189]
 [-0.59323416 -0.4736981   0.6536536  -0.5256676   0.49060699 -0.72075141
  -0.99536438 -0.01340176  0.41679132  0.1977165  -0.82185495  0.24239701]]

[[-0.23363171  0.06213986 -0.09168062  0.24460545  0.10903479  0.06668753
  -0.92964937  0.06576748  0.24738243 -0.01794028 -0.10422396 -0.82536729]
 [ 0.077536    0.23106168 -0.05266569  0.09629957  0.06401154 -0.02888346
   0.192544    0.41261613 -0.32172937 -0.91134433  0.87029324 -0.61464386]
 [-0.09676356 -0.05735544 -0.01053918  0.04271548  0.01207959  0.02984909
  -0.44805477 -0.09787513 -0.55653072 -0.80343666 -0.14040632  0.95682686]
 [ 0.25546218  0.10953126  0.04165414 -0.14231143 -0.04856797 -0.07767981
  -0.18997226 -0.23675327 -0.41125358  0.25860415 -0.85655188  0.61222933]
 [ 0.1151641   0.06956661  0.01211264 -0.04991839 -0.01385733 -0.03556019
  -0.67040655 -0.97027834 -0.77652354  0.75080178  0.19749983  0.02004614]
 [ 0.06627452 -0.02437896  0.02823615 -0.07414846 -0.03361789 -0.01873619
  -0.93143362 -0.25418845 -0.67715193 -0.20474043 -0.82821448  0.4825477 ]
 [-0.92964937  0.192544   -0.44805477 -0.18997226 -0.67040655 -0.93143362
  -0.84662424  0.6682196   0.72768749  0.94576584 -0.88816754 -0.88903445]
 [ 0.06576748  0.41261613 -0.09787513 -0.23675327 -0.97027834 -0.25418845
   0.87037928  0.57572164  0.61279994 -0.43962589  0.4354662  -0.32268672]
 [ 0.24738243 -0.32172937 -0.55653072 -0.41125358 -0.77652354 -0.67715193
   0.10909529  0.7482208   0.80741933 -0.94243908 -0.26912191 -0.38889132]
 [-0.01794028 -0.91134433 -0.80343666  0.25860415  0.75080178 -0.20474043
  -0.32183295 -0.57619381  0.17096642  0.82636984 -0.3822965   0.07952697]
 [-0.10422396  0.87029324 -0.14040632 -0.85655188  0.19749983 -0.82821448
  -0.40968257  0.81766527  0.21018745  0.94371639  0.58057421  0.37472604]
 [-0.82536729 -0.61464386  0.95682686  0.61222933  0.02004614  0.4825477
  -0.86387902  0.18457897 -0.46562895 -0.30383679  0.06659086  0.92543717]]

[[-0.0540494   0.12542827 -0.05787312  0.13489785  0.06943538  0.01244869
  -0.59341394  0.31814534  0.3395881   0.37394368  0.38880463  0.47021083]
 [-0.61009303 -0.31718644 -0.08112061  0.30065707  0.09385312  0.18700604
  -0.8530071  -0.07465144 -0.29520403 -0.3625147  -0.09187754 -0.42971985]
 [ 0.1849547   0.1429233   0.00915299 -0.05816944 -0.00983462 -0.05794695
  -0.80974592  0.33714702  0.54019757  0.59796196 -0.63770584 -0.39513912]
 [-0.38376181 -0.33146208 -0.00746584  0.09607768  0.00650749  0.12117043
   0.18336039 -0.57990136 -0.10387292  0.1966718  -0.86019059 -0.65264584]
 [-0.22338071 -0.17152978 -0.01141351  0.07102125  0.01231064  0.06995679
   0.94012046 -0.33860556 -0.74646268 -0.88430146 -0.79784752 -0.28586741]
 [ 0.0321798  -0.02818817  0.0191083  -0.047533   -0.02283267 -0.00865879
   0.67834016 -0.80830198  0.47503773  0.29779116  0.84572646 -0.56758237]
 [-0.59341394 -0.8530071  -0.80974592  0.18336039  0.94012046  0.67834016
   0.87929429 -0.83437429  0.33603905 -0.90221168 -0.99996492  0.94191504]
 [ 0.31814534 -0.07465144  0.33714702 -0.57990136 -0.33860556 -0.80830198
  -0.186072    0.93121211  0.40161185  0.33634136  0.16682686  0.27066337]
 [ 0.3395881  -0.29520403  0.54019757 -0.10387292 -0.74646268  0.47503773
  -0.00680058 -0.30213029  0.97475384 -0.59508605 -0.45915161  0.95318985]
 [ 0.37394368 -0.3625147   0.59796196  0.1966718  -0.88430146  0.29779116
  -0.1789188   0.88661364 -0.62862959 -0.9014317  -0.43288209  0.65914729]
 [ 0.38880463 -0.09187754 -0.63770584 -0.86019059 -0.79784752  0.84572646
  -0.68170005 -0.3611889   0.95579022 -0.71782487  0.83525706 -0.35316665]
 [ 0.47021083 -0.42971985 -0.39513912 -0.65264584 -0.28586741 -0.56758237
  -0.53405768 -0.0947725  -0.45538769 -0.69641574  0.62748138  0.65248927]]
