A: 
[[ 0.27151809 -0.1529214   0.46289682 -0.63233677  0.71555289 -0.88954325
  -0.29813451 -0.56310605 -0.97303109 -0.52430755 -0.36316682 -0.21412238]
 [ 0.1541512  -0.06186602 -0.32346588  0.39903848 -0.50857666  0.25470891
   0.09080109  0.75982142 -0.59004512  0.03788817  0.4430625  -0.21655244]
 [-0.75028019  0.36220557  0.13900083 -0.08628144  0.23557088  0.11520629
   0.44166826 -0.69024382 -0.33709167 -0.64200483  0.51556375 -0.11034604]
 [-0.12178157  0.0425769   0.40351467 -0.50657215  0.63268025  0.48688345
  -0.9613559   0.05165281  0.30629974  0.24533288 -0.81470447  0.74359238]
 [ 0.87289486 -0.42763615 -0.01517895 -0.08909004 -0.04540913  0.38467101
   0.22932959 -0.64896966 -0.04910234  0.76900888  0.31876465  0.80767158]
 [-0.44394808  0.23297899 -0.35612593  0.51575887 -0.54465495  0.16967845
  -0.22393517 -0.53625043 -0.36176196 -0.23709011 -0.45538753 -0.68214841]
 [-0.1492288   0.07364875 -0.01010897  0.03165674 -0.01206031 -0.32869445
  -0.17567703 -0.63680418 -0.1106538  -0.52774187  0.01814643 -0.66805288]
 [-0.35935381  0.17039648  0.13906426 -0.13505207  0.22594088  0.17249001
   0.65652818  0.45216443  0.28013421  0.69176257  0.84853165  0.79479296]
 [ 0.54763675 -0.27947951  0.2533628  -0.39580146  0.38172155  0.25494788
   0.13427177 -0.85189571 -0.70626395 -0.26597327 -0.64482975  0.07746451]] 
x segnato:[[-0.04470767]
 [-0.7145076 ]
 [-0.45373623]
 [ 0.74493855]
 [-0.73004067]
 [ 0.        ]
 [ 0.        ]
 [ 0.        ]
 [ 0.        ]
 [ 0.        ]
 [ 0.        ]
 [ 0.        ]]
Matrici Hi 

[[ 0.15577917 -0.07982379  0.07967976 -0.12242677  0.12045645 -0.28546453
  -0.36771382 -0.85094932 -0.65551203  0.7754548   0.4439728  -0.12779121]
 [-0.07534765  0.03843452 -0.03443178  0.05390419 -0.05185262 -0.98086154
   0.55582262 -0.27725831 -0.18720353  0.73767549 -0.2232628  -0.827855  ]
 [-0.02548593  0.01716732 -0.10955004  0.14482109 -0.17030903 -0.74424649
  -0.76707309  0.9227509   0.50795146 -0.65369623  0.35785934 -0.43300167]
 [ 0.0135512  -0.01225534  0.13172304 -0.17200408  0.20520507  0.32812709
   0.63536739 -0.42621441  0.29823077 -0.01750513  0.6637429  -0.92164984]
 [-0.04364544  0.02877468 -0.17292628  0.22902751 -0.26875018 -0.52396724
   0.65312399 -0.89079788 -0.84410606  0.49961921  0.00582164  0.78233443]
 [-0.28546453 -0.98086154 -0.74424649  0.32812709 -0.52396724 -0.22629858
   0.08989168  0.56683984 -0.68376309  0.98567634  0.8770466   0.4515026 ]
 [-0.36771382  0.55582262 -0.76707309  0.63536739  0.65312399  0.58760754
  -0.27618416  0.3405799   0.5283293  -0.48260062  0.86214406 -0.24544695]
 [-0.85094932 -0.27725831  0.9227509  -0.42621441 -0.89079788 -0.55429455
  -0.0048619  -0.17505564  0.76167574 -0.66558096  0.71777382  0.66995973]
 [-0.65551203 -0.18720353  0.50795146  0.29823077 -0.84410606 -0.60906549
  -0.00622202 -0.25927262  0.43289871 -0.71207889 -0.06524073  0.43603718]
 [ 0.7754548   0.73767549 -0.65369623 -0.01750513  0.49961921 -0.95476585
   0.24130582 -0.65852338 -0.74132529 -0.01513083  0.2560476   0.37137438]
 [ 0.4439728  -0.2232628   0.35785934  0.6637429   0.00582164 -0.16617132
   0.20165475 -0.92441787 -0.33449054 -0.51354645 -0.77002098 -0.89351846]
 [-0.12779121 -0.827855   -0.43300167 -0.92164984  0.78233443  0.13047696
   0.50200848 -0.55500878 -0.39085652 -0.23477999 -0.91926677  0.39574671]]

[[-0.06604704  0.02024957  0.28560454 -0.36105732  0.44730471 -0.2209902
   0.398667    0.09880888  0.56103446 -0.51640978 -0.56592666 -0.82517691]
 [ 0.05131464 -0.01891617 -0.14710367  0.18381222 -0.23081953  0.68341866
  -0.47135397 -0.24759596 -0.89006877  0.6783699   0.85003205  0.63361097]
 [-0.44425953  0.21100108  0.16382846 -0.15649715  0.2666963   0.76579156
  -0.82781973 -0.97553961  0.27054387 -0.40178703  0.50408178  0.53061893]
 [ 0.58264822 -0.2753439  -0.24739937  0.24731747 -0.40054549  0.89901237
  -0.1013753  -0.18151206  0.62103064  0.50719361 -0.83450356  0.6216325 ]
 [-0.69158457  0.32874484  0.24853221 -0.23521455  0.40502428 -0.85485697
   0.91335729 -0.12934195  0.0705888   0.41317157 -0.22806603  0.18935849]
 [-0.2209902   0.68341866  0.76579156  0.89901237 -0.85485697  0.65496565
  -0.254711   -0.39797464  0.5339524  -0.47281182 -0.08201208  0.55751442]
 [ 0.398667   -0.47135397 -0.82781973 -0.1013753   0.91335729  0.53431544
  -0.68542916 -0.30355143  0.00287387  0.5898299   0.88364765  0.55182314]
 [ 0.09880888 -0.24759596 -0.97553961 -0.18151206 -0.12934195  0.09642996
   0.41335902 -0.82439938 -0.01217782  0.74012581 -0.67074725 -0.55969339]
 [ 0.56103446 -0.89006877  0.27054387  0.62103064  0.0705888   0.65144083
   0.10129472  0.62296215  0.99555217  0.90989401 -0.16310117  0.17646579]
 [-0.51640978  0.6783699  -0.40178703  0.50719361  0.41317157  0.79683143
  -0.52350823  0.47600939 -0.75310128  0.10941296  0.39215174 -0.45348373]
 [-0.56592666  0.85003205  0.50408178 -0.83450356 -0.22806603 -0.76611474
   0.14875571  0.13969852 -0.19334557 -0.41912128  0.63865306 -0.05516395]
 [-0.82517691  0.63361097  0.53061893  0.6216325   0.18935849  0.14865165
   0.40464171  0.87595044 -0.99851689  0.63207576 -0.04884793  0.93165298]]

[[-0.74834696  0.37185252 -0.10993666  0.23535099 -0.1529225  -0.32349884
   0.11221114  0.78611548 -0.05116795 -0.69027462  0.35219393  0.53371736]
 [ 0.35260502 -0.1754979   0.05858916 -0.11967091  0.08264802 -0.41941712
  -0.23814929 -0.02328626 -0.36318999 -0.7742599  -0.76165    -0.03600703]
 [ 0.34227726 -0.1632877  -0.10923155  0.09860556 -0.17896455  0.60700353
   0.64522785  0.39894604 -0.89877749  0.27309652 -0.26979505 -0.90434157]
 [-0.34935621  0.16481602  0.15492735 -0.15680802  0.25044503  0.30990628
   0.01584015 -0.75574003 -0.80882485  0.52977487  0.98578746  0.58692053]
 [ 0.55271791 -0.26405051 -0.16771032  0.14800821 -0.27545281  0.48736274
   0.55044254  0.43968859 -0.68074365  0.08306044 -0.83003398 -0.81555435]
 [-0.32349884 -0.41941712  0.60700353  0.30990628  0.48736274 -0.33790616
   0.29428657  0.75260926  0.23425654 -0.25531003  0.98229647  0.5871842 ]
 [ 0.11221114 -0.23814929  0.64522785  0.01584015  0.55044254  0.90048232
  -0.14047306 -0.74288246 -0.93806425 -0.78511574 -0.21836479  0.57614086]
 [ 0.78611548 -0.02328626  0.39894604 -0.75574003  0.43968859  0.61017949
   0.95808403 -0.03160963  0.9265587   0.78943173  0.90008735  0.43659593]
 [-0.05116795 -0.36318999 -0.89877749 -0.80882485 -0.68074365 -0.83995619
  -0.95437051  0.28089905 -0.95214247 -0.87426662  0.24115998  0.1216225 ]
 [-0.69027462 -0.7742599   0.27309652  0.52977487  0.08306044 -0.91569722
   0.31543067 -0.22368231  0.88889544 -0.0368083   0.63793052  0.70458016]
 [ 0.35219393 -0.76165    -0.26979505  0.98578746 -0.83003398  0.66632247
  -0.0777703  -0.43493527 -0.49900913  0.41461691 -0.82776154 -0.34492417]
 [ 0.53371736 -0.03600703 -0.90434157  0.58692053 -0.81555435  0.01403408
  -0.26718684  0.80247557 -0.20543824  0.6880751  -0.83094261 -0.38102172]]

[[-0.48889917  0.24242737 -0.05993573  0.13838699 -0.08135726  0.72888042
   0.83612432 -0.74264973  0.10804699  0.92626115  0.3219928   0.65292773]
 [ 0.24433602 -0.12139108  0.0354449  -0.0762611   0.0492279  -0.16271299
  -0.94508556 -0.4002929   0.02390872 -0.34962909 -0.18548888 -0.40728003]
 [-0.10477894  0.05744704 -0.1418536   0.1964649  -0.21874256  0.05704272
   0.91172792 -0.74232567 -0.40796744  0.22011128 -0.08418002 -0.00386505]
 [ 0.19636874 -0.10447188  0.19087982 -0.27126242  0.2929643   0.48597064
   0.81962472  0.47047844 -0.90197168  0.39173464 -0.78589569  0.84463101]
 [-0.15133119  0.08360782 -0.21985857  0.30312232 -0.33930396  0.39440667
  -0.3890416   0.57946609 -0.94396562  0.71523372 -0.83247496 -0.57200292]
 [ 0.72888042 -0.16271299  0.05704272  0.48597064  0.39440667  0.22492691
   0.98892709 -0.61441662  0.69749691  0.81684857  0.10011721  0.85464722]
 [ 0.83612432 -0.94508556  0.91172792  0.81962472 -0.3890416   0.11292673
  -0.18487105 -0.01240614 -0.32965368  0.76623818  0.23747018  0.18648387]
 [-0.74264973 -0.4002929  -0.74232567  0.47047844  0.57946609  0.42081997
  -0.97580791 -0.99201774  0.62190426  0.74936198 -0.43531085 -0.93938404]
 [ 0.10804699  0.02390872 -0.40796744 -0.90197168 -0.94396562 -0.3679735
  -0.66036052  0.57305412  0.73242592  0.52692129 -0.7178467   0.01201638]
 [ 0.92626115 -0.34962909  0.22011128  0.39173464  0.71523372 -0.54543688
  -0.04501919  0.1253333  -0.67539361  0.45135372  0.56988078 -0.26531301]
 [ 0.3219928  -0.18548888 -0.08418002 -0.78589569 -0.83247496 -0.01431275
   0.08975308  0.01892383  0.8171171   0.98093108  0.85574031 -0.56023737]
 [ 0.65292773 -0.40728003 -0.00386505  0.84463101 -0.57200292  0.35772885
   0.01362211 -0.8546348  -0.34635376 -0.02528632  0.66932374 -0.97421227]]

[[-0.18967334  0.10625473 -0.30994898  0.42438353 -0.47892797 -0.7288232
   0.26367747 -0.19504681 -0.03578133 -0.66889819 -0.78281465 -0.25411164]
 [ 0.07922961 -0.04524822  0.14976779 -0.20351576  0.2317278  -0.68892104
   0.45156521 -0.72905143 -0.66652374 -0.03462705 -0.43057016  0.12661997]
 [ 0.32499772 -0.16176615  0.05421114 -0.11057178  0.07650356  0.66341994
   0.04560263 -0.85754611 -0.5890605  -0.16395794  0.74853992  0.24270867]
 [-0.39659496  0.19592801 -0.03149122  0.09011239 -0.03926926  0.38228026
   0.22934391 -0.88539695 -0.25577944 -0.86491656  0.62209961 -0.89514979]
 [ 0.511851   -0.25506633  0.09230545 -0.18309924  0.1312962   0.93922683
   0.59883465  0.01383298  0.95016304  0.09634321 -0.56444693 -0.03435989]
 [-0.7288232  -0.68892104  0.66341994  0.38228026  0.93922683 -0.2666059
  -0.56989641  0.58556881 -0.15355107  0.05834905 -0.37571817 -0.31369492]
 [ 0.26367747  0.45156521  0.04560263  0.22934391  0.59883465  0.21931047
   0.38034409 -0.18393673 -0.6280094   0.53549375 -0.34367106 -0.34519392]
 [-0.19504681 -0.72905143 -0.85754611 -0.88539695  0.01383298 -0.04685588
   0.14341166 -0.54539606 -0.71857829 -0.34606738 -0.844938   -0.60937923]
 [-0.03578133 -0.66652374 -0.5890605  -0.25577944  0.95016304 -0.18770215
   0.62150204 -0.23995932 -0.86992387  0.03383508 -0.82353364  0.07216436]
 [-0.66889819 -0.03462705 -0.16395794 -0.86491656  0.09634321 -0.75247498
  -0.19239584 -0.11077987 -0.42096711 -0.13188498 -0.41782102 -0.71215971]
 [-0.78281465 -0.43057016  0.74853992  0.62209961 -0.56444693 -0.821321
  -0.83441457  0.98196094 -0.11790653 -0.788086   -0.44745155  0.58465183]
 [-0.25411164  0.12661997  0.24270867 -0.89514979 -0.03435989 -0.59449312
  -0.14971186  0.54829376  0.80630891  0.88270244  0.82527895 -0.26964192]]

[[ 0.20706141 -0.11270998  0.26117095 -0.36347975  0.40238137  0.69140791
  -0.34313003 -0.91576345 -0.87539508  0.33138322 -0.55531649 -0.88213545]
 [-0.10292717  0.05568021 -0.12168907  0.17016176 -0.18732364 -0.63510664
  -0.80650515 -0.36691454  0.5216366  -0.97682279 -0.16143912  0.8693117 ]
 [ 0.03132674 -0.00891697 -0.15161983  0.19214099 -0.23736916 -0.08107089
   0.08381549 -0.5201105   0.62311348  0.76320922  0.64635748  0.7043678 ]
 [-0.06629393  0.0255672   0.16351464 -0.20316578  0.25680019  0.9818417
   0.60344166 -0.01802483  0.71575934  0.14564581 -0.71052211  0.7399197 ]
 [ 0.04372952 -0.01110914 -0.24308928  0.30886517 -0.38040793  0.53848076
  -0.6475138   0.19804043  0.63032398  0.25298171  0.99522419 -0.83021841]
 [ 0.69140791 -0.63510664 -0.08107089  0.9818417   0.53848076  0.03756703
  -0.60848241 -0.61021333 -0.99969475 -0.41635719 -0.60951355  0.38897264]
 [-0.34313003 -0.80650515  0.08381549  0.60344166 -0.6475138   0.0441229
   0.38253966  0.64937394 -0.4416566  -0.96584233 -0.58853    -0.39337468]
 [-0.91576345 -0.36691454 -0.5201105  -0.01802483  0.19804043  0.68086247
  -0.26571518 -0.11720614  0.30457761  0.87541651 -0.48505362  0.0745065 ]
 [-0.87539508  0.5216366   0.62311348  0.71575934  0.63032398 -0.57866827
  -0.87573811  0.28817951 -0.42603711  0.46312004  0.09613902 -0.18652175]
 [ 0.33138322 -0.97682279  0.76320922  0.14564581  0.25298171  0.17327791
   0.41602407 -0.75095834  0.10896056 -0.06157016  0.53844791  0.32250101]
 [-0.55531649 -0.16143912  0.64635748 -0.71052211  0.99522419  0.46639079
  -0.30840383  0.26288584  0.41274793  0.74276764 -0.76867211  0.9614545 ]
 [-0.88213545  0.8693117   0.7043678   0.7399197  -0.83021841  0.62650984
   0.4204065  -0.77228671  0.83539211  0.45743926  0.64517246 -0.78814044]]

[[-0.50303172  0.25990658 -0.30769045  0.46049105 -0.46760519  0.5712003
   0.62726606  0.54936417  0.69816016  0.44805846  0.65175904 -0.30382289]
 [ 0.25548398 -0.13192011  0.15431241 -0.23134381  0.23443284  0.63639118
   0.06247319  0.69270906 -0.68372215  0.36083396 -0.3505821   0.5661382 ]
 [-0.20378279  0.10333055 -0.07859865  0.1270076  -0.11757481 -0.08612482
  -0.79573681 -0.57982622  0.08220849  0.70518799 -0.04551213 -0.55437875]
 [ 0.32613969 -0.16597569  0.13994897 -0.22157199  0.21026154  0.72502937
  -0.81052271 -0.4316749   0.96864024 -0.53339    -0.24115593 -0.49213033]
 [-0.30546635  0.15477003 -0.11498886  0.18672407 -0.17182797  0.13185788
   0.13167348  0.63522804 -0.19392032 -0.1063193   0.82159415 -0.16568409]
 [ 0.5712003   0.63639118 -0.08612482  0.72502937  0.13185788  0.64836129
   0.80705267 -0.27270725 -0.07404018 -0.15127291  0.64378412 -0.99187523]
 [ 0.62726606  0.06247319 -0.79573681 -0.81052271  0.13167348 -0.98876776
  -0.29286799  0.32083152  0.41312846  0.77733726 -0.04150617 -0.14062781]
 [ 0.54936417  0.69270906 -0.57982622 -0.4316749   0.63522804 -0.0860805
   0.08411416  0.06486235 -0.69832127  0.99984854  0.72378112  0.13369591]
 [ 0.69816016 -0.68372215  0.08220849  0.96864024 -0.19392032 -0.95694543
   0.89499828  0.93475867 -0.65165395 -0.58724798 -0.71444686  0.55451545]
 [ 0.44805846  0.36083396  0.70518799 -0.53339    -0.1063193  -0.57252884
  -0.90464818  0.89339148 -0.70425345  0.30115582 -0.67468903 -0.83980891]
 [ 0.65175904 -0.3505821  -0.04551213 -0.24115593  0.82159415  0.17581619
   0.0803791   0.27504066  0.35868793  0.1566657   0.31223621 -0.01948096]
 [-0.30382289  0.5661382  -0.55437875 -0.49213033 -0.16568409 -0.50279636
   0.8635212  -0.45553991  0.17676886  0.52573894  0.75486895 -0.15789322]]

[[-0.32699082  0.17790837 -0.41049207  0.571487   -0.63239929  0.22615917
   0.96629599  0.81470168 -0.34229605  0.90835766 -0.3668319   0.59472143]
 [ 0.16169515 -0.08763001  0.19488749 -0.27212581  0.30008084  0.13901849
  -0.54628636  0.85629454  0.79679705 -0.13119676  0.18017063  0.84555532]
 [-0.02956748  0.00798843  0.15315543 -0.19434561  0.23972154 -0.82412804
   0.07181014  0.44665899 -0.60030394 -0.31582611  0.30291206 -0.16651938]
 [ 0.07895604 -0.03248686 -0.14690268  0.18010969 -0.2311938   0.60548006
   0.53908095  0.62645119  0.41065137 -0.51445026  0.51301069  0.36242368]
 [-0.03799966  0.00803765  0.2492016  -0.31748196  0.38980307 -0.07979723
  -0.18828261  0.80274715 -0.11992571  0.07668525 -0.8135666  -0.81758139]
 [ 0.22615917  0.13901849 -0.82412804  0.60548006 -0.07979723 -0.65915009
  -0.4880445   0.38989534  0.04570271  0.39037798 -0.21441449 -0.97603998]
 [ 0.96629599 -0.54628636  0.07181014  0.53908095 -0.18828261 -0.45625631
   0.3588066  -0.31052354 -0.08548666  0.62868769 -0.47688295 -0.76466374]
 [ 0.81470168  0.85629454  0.44665899  0.62645119  0.80274715  0.13498441
   0.47653638  0.97519025  0.8265728  -0.44445665  0.46614408  0.80581156]
 [-0.34229605  0.79679705 -0.60030394  0.41065137 -0.11992571  0.69788921
   0.51514949  0.24123484  0.16812031 -0.08525931  0.63799089 -0.55553791]
 [ 0.90835766 -0.13119676 -0.31582611 -0.51445026  0.07668525  0.16266894
  -0.35501231 -0.55077386 -0.38963025 -0.9995885  -0.41153342  0.44615175]
 [-0.3668319   0.18017063  0.30291206  0.51301069 -0.8135666  -0.81026495
   0.74047767 -0.89695808  0.88359871 -0.39842976  0.30524537 -0.87790965]
 [ 0.59472143  0.84555532 -0.16651938  0.36242368 -0.81758139 -0.42272549
  -0.70173192 -0.61770878 -0.90865263  0.27102392  0.47120733 -0.00414935]]

[[-0.60479688  0.30390818 -0.16838932  0.29305088 -0.24770531 -0.12560637
  -0.88901293  0.90324737  0.02941181 -0.28847695  0.74749034  0.12294504]
 [ 0.2898547  -0.1454016   0.07484471 -0.13287378  0.10957504  0.94491169
  -0.27656831  0.70817687  0.6309896   0.31068691 -0.89316391  0.55978449]
 [ 0.16179285 -0.0871578   0.18266672 -0.25633667  0.28100896 -0.80140877
  -0.25654833  0.23066832 -0.78242994  0.50360326  0.3853347  -0.2769593 ]
 [-0.13387073  0.07484321 -0.21521354  0.29494171 -0.33249034  0.29159834
   0.56199465  0.38725022 -0.77095242 -0.28011198 -0.69618495  0.41613381]
 [ 0.2675152  -0.14356549  0.28922619 -0.40728417  0.44465462  0.81087697
   0.02606713  0.00087745  0.79721594  0.58705921 -0.32114632 -0.24361214]
 [-0.12560637  0.94491169 -0.80140877  0.29159834  0.81087697 -0.01976409
  -0.86768626  0.32135402  0.05180551  0.33136816 -0.3770561  -0.21631167]
 [-0.88901293 -0.27656831 -0.25654833  0.56199465  0.02606713  0.84086606
  -0.67658562  0.66585776  0.69472368 -0.17992904  0.6606408   0.97079002]
 [ 0.90324737  0.70817687  0.23066832  0.38725022  0.00087745  0.05150868
  -0.25359223 -0.29421574 -0.94236897  0.96126398  0.20653875 -0.23708886]
 [ 0.02941181  0.6309896  -0.78242994 -0.77095242  0.79721594  0.91999689
  -0.70437632  0.62591809  0.36680398  0.90776655  0.25844878 -0.51797444]
 [-0.28847695  0.31068691  0.50360326 -0.28011198  0.58705921  0.2439228
  -0.20272566  0.20058876  0.30222186  0.67469569 -0.90659962  0.33117985]
 [ 0.74749034 -0.89316391  0.3853347  -0.69618495 -0.32114632  0.79913841
   0.75200964  0.13406262  0.27125386 -0.31426334 -0.92945658 -0.39782179]
 [ 0.12294504  0.55978449 -0.2769593   0.41613381 -0.24361214 -0.95016747
   0.19902741  0.52390316  0.50490491  0.22832481  0.24470429  0.69835696]]
