A: 
[[ 0.04744101  0.00552284  0.34244771  0.43286684  0.03220483  0.46439192
  -0.13406499 -0.58214859  0.97256595  0.55071121 -0.58516248  0.97515565]
 [-0.49879563  0.01287609 -0.4987539   0.36586823 -0.20055164  0.01279598
   0.41300008 -0.36039729  0.92084272 -0.56138849 -0.18749823 -0.80984816]
 [ 0.16467593  0.09386573 -0.12048997 -0.42684189  0.02709047 -0.39087677
   0.12492046  0.51101514 -0.0908427  -0.65701526 -0.9546417  -0.65554881]
 [-0.49480768 -0.66799528 -0.48435027  0.39643523  0.74573087 -0.19260518
  -0.52405963 -0.07690915  0.99330927  0.19983844  0.40516201 -0.98242635]
 [-0.76824458 -0.45756464 -0.56645387  0.20571516 -0.03260479 -0.32797959
  -0.12531036 -0.05300465 -0.10695327  0.83525799 -0.13800769 -0.59971483]
 [ 0.89991378  0.1705785   0.51028277 -0.19986514  1.04064133 -0.63886867
  -0.08390914  0.21217272  0.12437837 -0.73340746  0.16209845 -0.40437469]
 [-0.6061236  -0.66336208 -0.01482926  0.11779121 -0.07790302 -0.03430679
  -0.74833968 -0.0370095  -0.00531157  0.45183319 -0.78910449 -0.80550839]
 [-0.76246317  0.25366894 -0.60424747  0.31936659 -0.81520492 -0.22737374
   0.91761285 -0.4965311   0.03016531  0.1647445   0.87935755  0.71419373]
 [ 0.30636044  0.61720509  0.29549145 -0.20981073 -0.76193363  0.32676935
   0.580861   -0.07648577  0.18806209  0.56235507  0.19880545  0.73251402]
 [ 0.06958337 -0.19141195  0.51457766 -0.0490988  -0.22246321  0.44966712
  -0.59024285 -0.04322997  0.86036873 -0.32302151 -0.03803086 -0.27694724]] 
x segnato:[[ 0.78798371]
 [ 0.49434244]
 [-0.59158376]
 [-0.96377834]
 [ 0.70693763]
 [ 0.39599007]
 [-0.81636563]
 [ 0.47987315]
 [ 0.        ]
 [ 0.        ]
 [ 0.        ]
 [ 0.        ]]
Matrici Hi 

[[-0.51994957 -0.43969899 -0.3961759  -0.3846973  -0.32453003 -0.19244912
  -0.39316215  0.59575793  0.35031078  0.98572154 -0.37530751  0.30173097]
 [-0.43741994 -0.36365599 -0.09248233 -0.22221863 -0.47152981  0.12413015
  -0.44850525  0.29233858  0.228549   -0.19956223  0.54494171 -0.44672036]
 [-0.34920893 -0.25934885 -0.36414774 -0.50714053 -0.46657261  0.00315882
  -0.26434489  0.70203723 -0.04041326  0.71393017 -0.37445792 -0.15553594]
 [ 0.01477289 -0.09335449 -0.17387731  0.31827047  0.32836288  0.52425747
  -0.12771799 -0.17837532  0.28059575 -0.55391373  0.37532442  0.26589714]
 [ 0.13866705 -0.11499318 -0.21927414  0.14799934  0.63441173  0.05461037
  -0.10861523  0.05883891  0.60579791 -0.10935813 -0.72485231 -0.55281486]
 [-0.56038727 -0.20717969 -0.595232    0.25771676  0.0181984  -0.18669121
   0.16722674 -0.12728407  0.80330781 -0.027189    0.98928323  0.34486806]
 [-0.231662   -0.28456084  0.20305068 -0.02360638 -0.35809639  0.39397335
  -0.51263971 -0.00113207  0.74051851 -0.64460277 -0.49205601  0.29590578]
 [ 0.12494758  0.21366993  0.21234504 -0.13191738 -0.02931774 -0.70953402
   0.33335366 -0.05268387  0.99631332  0.3582966  -0.94827485 -0.53158467]
 [ 0.35031078  0.228549   -0.04041326  0.28059575  0.60579791  0.80330781
   0.74051851  0.99631332 -0.78701097 -0.9573793  -0.93059491 -0.7055175 ]
 [ 0.98572154 -0.19956223  0.71393017 -0.55391373 -0.10935813 -0.027189
  -0.64460277  0.3582966  -0.92708605 -0.1898714  -0.36738712  0.99293038]
 [-0.37530751  0.54494171 -0.37445792  0.37532442 -0.72485231  0.98928323
  -0.49205601 -0.94827485 -0.31674493  0.48705843 -0.07679192 -0.38853941]
 [ 0.30173097 -0.44672036 -0.15553594  0.26589714 -0.55281486  0.34486806
   0.29590578 -0.53158467  0.53924578  0.1602353  -0.36658316  0.49737791]]

[[-0.04231181 -0.08991399 -0.2351056  -0.23849638 -0.1404661   0.32851053
  -0.16551497  0.41085611  0.15286999  0.9744506  -0.80123461 -0.56871934]
 [-0.01973953 -0.07741098 -0.22072048 -0.19439594  0.02367347  0.04783141
  -0.08433283  0.34426451 -0.93274366  0.66585559  0.14676259 -0.97412343]
 [-0.38960034 -0.40919247  0.00835723  0.16068935 -0.21219026  0.48451144
  -0.5597734  -0.10352906  0.8006228   0.95078467  0.0463311   0.99489931]
 [-0.07964968  0.34511681  0.21667063  0.21130839 -0.46648096 -0.14205644
   0.52670307 -0.5358641  -0.67672475 -0.82519004 -0.27934957 -0.8764936 ]
 [-0.17483153  0.14137876 -0.33694254  0.17792053 -0.06906104 -0.03388594
   0.41920388 -0.17231674 -0.41777141  0.19572506 -0.97700731  0.28257835]
 [ 0.80982777  0.96135206  0.9887212  -0.66199845 -1.15012694  0.18187168
   0.62634042  0.10500327  0.76096519 -0.15220733 -0.92967852  0.85262535]
 [-0.08520497 -0.08759537 -0.43429708 -0.06970624  0.30753704 -0.26636134
   0.094168    0.27287891 -0.24650062  0.74801553 -0.10165661 -0.57842396]
 [ 0.30578126 -0.12171882 -0.16644104 -0.33759836  0.46792945  0.04126169
  -0.29031724  0.62226294  0.44068837 -0.03404189  0.51970091  0.08140697]
 [ 0.15286999 -0.93274366  0.8006228  -0.67672475 -0.41777141  0.76096519
  -0.24650062  0.44068837 -0.95669416 -0.27545333  0.93594122 -0.11313672]
 [ 0.9744506   0.66585559  0.95078467 -0.82519004  0.19572506 -0.15220733
   0.74801553 -0.03404189 -0.17695332 -0.03934535 -0.34637126 -0.88084943]
 [-0.80123461  0.14676259  0.0463311  -0.27934957 -0.97700731 -0.92967852
  -0.10165661  0.51970091  0.05139493  0.9500496  -0.92454182 -0.66468569]
 [-0.56871934 -0.97412343  0.99489931 -0.8764936   0.28257835  0.85262535
  -0.57842396  0.08140697  0.56534143 -0.37478419 -0.38929542 -0.8985477 ]]

[[-0.44632746 -0.08165011 -0.523728   -0.24291027 -0.31521607 -0.47891591
   0.24618254  0.34239591  0.57363171 -0.54198549 -0.75316491  0.33227318]
 [-0.03645311 -0.22482705 -0.00363796  0.00178552  0.13329607  0.21594559
  -0.36294817  0.1071362  -0.28953954  0.21800381  0.57674093 -0.09821631]
 [ 0.27015857  0.0977223  -0.75154911 -0.34634076  0.57689526 -0.07474022
   0.26561626  0.77867967  0.0929218   0.87686903 -0.84809742  0.89672089]
 [ 0.13444553 -0.09386129 -0.07218375  0.18664399  0.48240675  0.18396492
  -0.14910153 -0.05644462 -0.99526477  0.6631562  -0.01664703  0.67945103]
 [-0.87923018 -0.12183423 -0.46352714 -0.14979564 -0.74964297 -0.99427541
   0.4293283   0.03411894 -0.69308922  0.96328949  0.89688118 -0.59922061]
 [ 0.25711247  0.27917433  0.08771834  0.34526592  0.20113186  0.32794288
   0.30273753 -0.4269493   0.99721459 -0.95727432 -0.39721541 -0.80497721]
 [-0.04913919 -0.42148515  0.36833786  0.15455107  0.14371134  0.44014263
  -0.79052788 -0.12754583 -0.331438    0.80220359 -0.75338864  0.97689036]
 [-0.41559991  0.14742147  0.22925699 -0.11507046 -0.96596793 -0.43891815
   0.32638341 -0.24557659 -0.17401634  0.89419258  0.422225    0.04377946]
 [ 0.57363171 -0.28953954  0.0929218  -0.99526477 -0.69308922  0.99721459
  -0.331438   -0.17401634 -0.19847555  0.10623139  0.17990146 -0.57937303]
 [-0.54198549  0.21800381  0.87686903  0.6631562   0.96328949 -0.95727432
   0.80220359  0.89419258  0.92820623  0.25589936 -0.4907987  -0.53775628]
 [-0.75316491  0.57674093 -0.84809742 -0.01664703  0.89688118 -0.39721541
  -0.75338864  0.422225   -0.97868909 -0.62465702  0.51669474 -0.14239771]
 [ 0.33227318 -0.09821631  0.89672089  0.67945103 -0.59922061 -0.80497721
   0.97689036  0.04377946 -0.80077128  0.50419828  0.64486572 -0.62463877]]

[[-0.5678436  -0.21590654 -0.56344204 -0.00554185  0.07957076 -0.9745177
   0.26765387  0.09721135 -0.73530917  0.0262125  -0.92489285 -0.63234493]
 [-0.47367556 -0.31315541 -0.211194   -0.08526158 -0.14449264 -0.49662428
  -0.15021591  0.12827085  0.42076751 -0.72951404 -0.58749911 -0.71582976]
 [-0.1719802   0.15391521 -0.44662892  0.39630621  0.41217238 -0.59484449
   0.6529106  -0.39037726 -0.13430628  0.97867964  0.30697739  0.22917227]
 [ 0.3568052  -0.1715666   0.23003257 -0.0748772   0.47963119  0.27760982
  -0.51013512  0.2126346   0.77713901  0.93464979 -0.95575745 -0.32214852]
 [-0.1527505  -0.34697028 -0.49087892 -0.20634464  0.43831118 -0.2811579
  -0.26958927  0.54477702  0.61427473  0.81711854 -0.37810768 -0.89530664]
 [ 0.52140495  0.28078085  0.76733301 -0.08767081  0.03197551 -0.25095685
   0.02936358 -0.21103083 -0.72808072 -0.78026404 -0.48832622  0.20934416]
 [-0.50412612 -0.5486311  -0.11514979 -0.25639159 -0.27446728 -0.11500731
  -0.64199382  0.3902886  -0.22148985  0.89431372 -0.52077513  0.65453388]
 [-0.26571451  0.1941909  -0.11404385 -0.07141623 -0.60275622 -0.1749927
   0.42014567 -0.07990666 -0.38845947  0.0426247   0.82185944 -0.43268399]
 [-0.73530917  0.42076751 -0.13430628  0.77713901  0.61427473 -0.72808072
  -0.22148985 -0.38845947  0.79199976  0.37552545 -0.81479004 -0.04860583]
 [ 0.0262125  -0.72951404  0.97867964  0.93464979  0.81711854 -0.78026404
   0.89431372  0.0426247   0.199737    0.6486258  -0.39369933 -0.2582205 ]
 [-0.92489285 -0.58749911  0.30697739 -0.95575745 -0.37810768 -0.48832622
  -0.52077513  0.82185944  0.44813342 -0.46142155 -0.01057394  0.08753378]
 [-0.63234493 -0.71582976  0.22917227 -0.32214852 -0.89530664  0.20934416
   0.65453388 -0.43268399 -0.70509833  0.70327263 -0.58766899 -0.46340086]]

[[-0.40268696 -0.60481043  0.30440625 -0.09906773  0.05112904 -0.69941346
  -0.72819136  0.06032596  0.74567484 -0.86664072 -0.15278223  0.11114654]
 [-0.21138825 -0.53848618  0.44240247  0.03569633  0.17562573 -0.34925396
  -0.78472155 -0.08590732 -0.8859587  -0.4926536  -0.26097309  0.73928244]
 [-0.26456791 -0.30244233 -0.14765035 -0.00254002  0.05683521 -0.07858233
  -0.29366691  0.11065918  0.09251799  0.76704237 -0.83552541  0.22387585]
 [-0.02249499 -0.06410974 -0.20479523 -0.04179115  0.26961464 -0.31110248
   0.04707003  0.14613087  0.33976731 -0.07268427  0.0647378   0.79196773]
 [-0.30752543 -0.06380936 -0.15266658 -0.30600426 -0.2697749  -0.8347058
   0.17115941  0.26225707  0.92700919 -0.29863166 -0.48464595  0.31763156]
 [ 0.12416072 -0.35456995  0.10564057  0.14877671  0.84029256 -0.33620286
  -0.4741066  -0.0048577   0.12716404  0.79478868  0.2233732  -0.57111265]
 [-0.13322495 -0.435204    0.53475105  0.0369772   0.0871691  -0.27233799
  -0.70700278 -0.1458961   0.00668738 -0.3416331   0.58674724 -0.32241124]
 [ 0.09887764  0.21448038  0.19872311 -0.00259579 -0.33427093  0.24459934
   0.15625057 -0.14267456  0.21791487 -0.58572035 -0.79384186  0.42754925]
 [ 0.74567484 -0.8859587   0.09251799  0.33976731  0.92700919  0.12716404
   0.00668738  0.21791487  0.02490624 -0.79367247  0.72404703 -0.77616808]
 [-0.86664072 -0.4926536   0.76704237 -0.07268427 -0.29863166  0.79478868
  -0.3416331  -0.58572035  0.30729483  0.57095072 -0.88069105  0.72711465]
 [-0.15278223 -0.26097309 -0.83552541  0.0647378  -0.48464595  0.2233732
   0.58674724 -0.79384186  0.82827277  0.478525    0.94668971 -0.52663129]
 [ 0.11114654  0.73928244  0.22387585  0.79196773  0.31763156 -0.57111265
  -0.32241124  0.42754925 -0.84744132 -0.97920337  0.83626951 -0.7116226 ]]

[[-0.2129138  -0.36795956 -0.40716824  0.01594005  0.50300957 -0.28790488
  -0.26045831  0.25371461 -0.37700066 -0.87737131  0.14602236  0.72249426]
 [-0.10223415 -0.3571615   0.16595287  0.31224512  0.48178435 -0.13320504
  -0.44458489 -0.28530743  0.82805939  0.68084245 -0.93000077 -0.53393522]
 [-0.0254428  -0.29431428 -0.47878933 -0.05607889  0.3336762   0.66183661
  -0.4168349   0.45514574  0.73940105 -0.8469246  -0.04190848 -0.58914222]
 [ 0.08082971 -0.13090159 -0.00291784 -0.37892629 -0.17569199  0.3569222
  -0.37867037  0.52242468  0.55928424 -0.63227332 -0.76919409 -0.3174336 ]
 [ 0.02828485 -0.00075867 -0.53220068 -0.72146584 -0.17049622 -0.12264787
   0.04196127  1.02654788 -0.24724801  0.13515729  0.13508914 -0.82575853]
 [-0.4321947  -0.23225939 -0.08650839  0.17187365  0.10640967 -0.84673554
   0.05008225 -0.24777583 -0.28770505  0.43572266 -0.65030985  0.23303436]
 [ 0.03892445 -0.28601156  0.54139325  0.34192083  0.37428258 -0.06631887
  -0.52103916 -0.46852061 -0.69867019 -0.27871093  0.10957638 -0.02277132]
 [-0.13280623  0.29413292 -0.01924393  0.29491283  0.00102969 -0.78843182
   0.71763901 -0.5463325   0.44582069  0.83938601  0.93429662 -0.73803564]
 [-0.37700066  0.82805939  0.73940105  0.55928424 -0.24724801 -0.28770505
  -0.69867019  0.44582069 -0.25665383  0.26582471 -0.87930402 -0.94177545]
 [-0.87737131  0.68084245 -0.8469246  -0.63227332  0.13515729  0.43572266
  -0.27871093  0.83938601  0.98103641 -0.95406691 -0.45106964 -0.38584022]
 [ 0.14602236 -0.93000077 -0.04190848 -0.76919409  0.13508914 -0.65030985
   0.10957638  0.93429662  0.17832857  0.79250133  0.36795963 -0.55889251]
 [ 0.72249426 -0.53393522 -0.58914222 -0.3174336  -0.82575853  0.23303436
  -0.02277132 -0.73803564  0.53731696  0.50122633 -0.30830898  0.38315695]]

[[-0.03637178  0.2843766  -0.44402221  0.06255247 -0.02051572 -0.08122351
   0.60903183 -0.01622345 -0.62218622 -0.13059859  0.21066363 -0.70134538]
 [-0.10717055 -0.06616123  0.09087519 -0.00653379 -0.03172718 -0.33821216
  -0.02062774 -0.06451274  0.21285197  0.17080038 -0.57120632  0.76788083]
 [ 0.51715524  0.3049983   0.0643436  -0.33643298 -0.23774588  0.98595108
  -0.03027888  0.4400347   0.8550907   0.88584767  0.86259193 -0.35389152]
 [-0.50169504 -0.37816891 -0.37189049 -0.33042013 -0.39933333 -0.04113734
  -0.34036644  0.51181179 -0.77694504 -0.27351879  0.45754386 -0.79032306]
 [-0.55341239  0.06028648 -0.85592708 -0.17323288 -0.30181592 -0.67974952
   0.65938695  0.30100239 -0.01198689  0.53201172 -0.9373503  -0.66882246]
 [-0.42522395 -0.09790095 -0.93905471  0.56726472  0.29613273  0.61816526
   0.29117042 -0.2523172  -0.40092816 -0.38554649  0.74437752  0.47248564]
 [-0.33980568 -0.3450642   0.36729331 -0.11496044 -0.11534011 -0.96090568
  -0.33553251 -0.06865163  0.13046876 -0.66863177 -0.69809425 -0.40687857]
 [ 0.30824967  0.40091683  0.09536185  0.57078116  0.56256513 -0.2518791
   0.64585974 -0.74301297  0.25744738 -0.61950119  0.72180064 -0.6090238 ]
 [-0.62218622  0.21285197  0.8550907  -0.77694504 -0.01198689 -0.40092816
   0.13046876  0.25744738  0.14984147  0.98072568 -0.46551303  0.95391544]
 [-0.13059859  0.17080038  0.88584767 -0.27351879  0.53201172 -0.38554649
  -0.66863177 -0.61950119 -0.42415494 -0.83188108  0.08333336 -0.2439025 ]
 [ 0.21066363 -0.57120632  0.86259193  0.45754386 -0.9373503   0.74437752
  -0.69809425  0.72180064  0.657462    0.94950114  0.56286323  0.60563889]
 [-0.70134538  0.76788083 -0.35389152 -0.79032306 -0.66882246  0.47248564
  -0.40687857 -0.6090238  -0.59173487  0.5868415  -0.21952464  0.55714092]]

[[ 0.40674275  0.04296347  0.21913212 -0.0093485   0.50749152 -0.07949895
  -0.11322127  0.04290173  0.09445236 -0.0814021   0.81763342  0.5487146 ]
 [ 0.08687357 -0.04545152 -0.04009397  0.18988298  0.30550748  0.22797517
  -0.08614418 -0.11506227  0.63775937 -0.80604293 -0.91115364  0.77544863]
 [ 0.5989449   0.0048827   0.40711774  0.01550571  0.68633311  0.13427244
  -0.33181097  0.0346082  -0.49726117 -0.1585118   0.79087648 -0.41529388]
 [-0.17866043  0.00908114  0.09408059  0.20025484 -0.29178705  0.22454154
   0.02444774 -0.32125701 -0.73842681 -0.31864197 -0.06367195 -0.76862571]
 [-0.15282571 -0.03482496  0.04433362  0.14629089 -0.1467707   0.07382157
  -0.00655248 -0.21679188  0.0137961   0.50196427 -0.54156685 -0.80719951]
 [ 0.41205221  0.41904977  0.44568226 -0.57650202 -0.24819521 -0.95819877
   0.42504706  0.31300542  0.06822869  0.4485431   0.30205289  0.4889348 ]
 [-0.33307405 -0.17399899 -0.34317671  0.44966523  0.05070022  0.5766051
  -0.06933752 -0.33498189 -0.39257081 -0.27072723  0.33169748  0.35499304]
 [ 0.05130656  0.05036663 -0.16080954 -0.34982171  0.02791716 -0.49907641
   0.1503834   0.41791184  0.08781465  0.35374452  0.42003246  0.11274097]
 [ 0.09445236  0.63775937 -0.49726117 -0.73842681  0.0137961   0.06822869
  -0.39257081  0.08781465  0.67153947  0.10570893 -0.92764342 -0.95566534]
 [-0.0814021  -0.80604293 -0.1585118  -0.31864197  0.50196427  0.4485431
  -0.27072723  0.35374452 -0.39819618 -0.68480036  0.94546914  0.69230017]
 [ 0.81763342 -0.91115364  0.79087648 -0.06367195 -0.54156685  0.30205289
   0.33169748  0.42003246 -0.47743383  0.57282851 -0.39229665  0.35650685]
 [ 0.5487146   0.77544863 -0.41529388 -0.76862571 -0.80719951  0.4889348
   0.35499304  0.11274097  0.17891192  0.87052207  0.06226731  0.94349895]]

[[ 0.08259656 -0.00799478  0.56745862 -0.15657622 -0.03675309 -0.84818648
  -0.0725778  -0.10922175  0.44616823  0.39960507  0.53284109  0.63280422]
 [ 0.32026426  0.09137709  0.57814567 -0.31305522 -0.05003237 -0.4806609
  -0.11967151  0.11907818 -0.07533146  0.78598498 -0.96800051  0.79555965]
 [ 0.08642989  0.25763681  0.2170287  -0.07638093 -0.28892766 -0.24630605
   0.31217824 -0.12546812 -0.33104047 -0.549841    0.76284632  0.37295366]
 [-0.154949   -0.34338294 -0.12091522  0.36330572  0.63699069 -0.18256404
  -0.2870204  -0.23554043  0.38819016  0.36610995 -0.20597635  0.38836017]
 [-0.43837106 -0.64583041 -0.1907602   0.34400638  0.67924029 -0.47377007
  -0.55728427 -0.162707    0.65143189 -0.83677864 -0.5318847  -0.0081149 ]
 [-0.03130543  0.10368385  0.45103018  0.37154668  0.19327224 -0.89032693
   0.29035067 -0.72152513 -0.35638107  0.64401256 -0.4254695  -0.22056454]
 [ 0.38217904 -0.0563328   0.46906488 -0.38566213  0.13748095 -0.20549398
  -0.39260318  0.35989233 -0.47855794 -0.79723789 -0.07476371 -0.74066904]
 [-0.00033335  0.20421946 -0.00529517 -0.2413297  -0.52514528  0.16053108
   0.20614864  0.16958116  0.24569142 -0.14610065 -0.71793212  0.75624339]
 [ 0.44616823 -0.07533146 -0.33104047  0.38819016  0.65143189 -0.35638107
  -0.47855794  0.24569142  0.20678615 -0.88965505 -0.43573654  0.63741948]
 [ 0.39960507  0.78598498 -0.549841    0.36610995 -0.83677864  0.64401256
  -0.79723789 -0.14610065 -0.20868507 -0.45433719  0.64886735  0.92269147]
 [ 0.53284109 -0.96800051  0.76284632 -0.20597635 -0.5318847  -0.4254695
  -0.07476371 -0.71793212  0.26173734  0.30016215 -0.28867426  0.78391481]
 [ 0.63280422  0.79555965  0.37295366  0.38836017 -0.0081149  -0.22056454
  -0.74066904  0.75624339 -0.3322205   0.40156527 -0.95266178 -0.55732993]]

[[-0.41406122 -0.05410604 -0.54504849 -0.06737638 -0.46440112  0.36457219
   0.12975463  0.21053548  0.71639965 -0.0837474  -0.41705804  0.95168489]
 [ 0.09917552  0.17291325  0.02898965 -0.059879   -0.3414458   0.55629866
   0.07050052  0.0359638  -0.81293408 -0.80561197  0.85024312  0.29735219]
 [ 0.02011223 -0.09164808 -0.67952156  0.40627555  0.73988866  0.57217229
   0.05800201 -0.03109291 -0.35503178  0.77831075  0.62361982 -0.77711045]
 [-0.00040889  0.02304906 -0.32002322  0.05464593  0.17094826  0.16761574
   0.11857786  0.08968454  0.21566023 -0.39963096 -0.49837014  0.32159503]
 [-0.72281997 -0.41718552 -0.58693198 -0.37314937 -0.50854843 -0.30597252
  -0.20797714  0.57532601  0.06853344 -0.40458027  0.42433555 -0.43773823]
 [-0.28192238  0.48726737 -0.46010235  0.25604311 -0.5275926  -0.02440028
   1.00823818 -0.40898053  0.77214762  0.31920725  0.17387342  0.53040407]
 [ 0.31862313  0.19048166  0.46677419 -0.25553753 -0.46000117  0.54567888
  -0.16024336  0.11744652 -0.70919709 -0.41870535  0.9927441  -0.73178384]
 [-0.2371464  -0.06064711  0.40590684 -0.23258698 -0.57672608 -0.57673618
  -0.08144643 -0.03804368  0.08355164  0.94818233  0.03269716  0.75578641]
 [ 0.71639965 -0.81293408 -0.35503178  0.21566023  0.06853344  0.77214762
  -0.70919709  0.08355164 -0.72655975 -0.60848844 -0.63690605  0.19097023]
 [-0.0837474  -0.80561197  0.77831075 -0.39963096 -0.40458027  0.31920725
  -0.41870535  0.94818233 -0.08936481  0.6597269   0.357534    0.59936938]
 [-0.41705804  0.85024312  0.62361982 -0.49837014  0.42433555  0.17387342
   0.9927441   0.03269716 -0.98750022  0.0478272  -0.18047005  0.84074574]
 [ 0.95168489  0.29735219 -0.77711045  0.32159503 -0.43773823  0.53040407
  -0.73178384  0.75578641  0.52176815 -0.69878678 -0.9584231   0.60355646]]
