A: 
[[-0.19933205  0.13493349 -0.83455195 -0.23907808 -0.12027347 -0.34383493
   0.5420409  -0.49475828  0.39008466 -0.44453334 -0.47286141 -0.97742676]
 [ 0.41680088  0.19127148 -0.28749233 -0.35214629  0.1993293  -0.43278785
  -0.4399427  -0.88994607  0.23546885  0.69219039 -0.79212342 -0.8745974 ]
 [ 0.60294609  0.04503633  0.74117065 -0.13634277  0.37092123 -0.06667434
  -1.01495216 -0.35047572 -0.7161724  -0.07546049  0.13433228  0.07844356]
 [ 0.261516   -0.11696747 -0.61635575  0.82220837 -0.11561799 -0.37063878
  -0.08163114 -0.08351883  0.96163571  0.89931859 -0.8822952   0.44527109]
 [-0.18104593 -0.16997435 -0.0143549   0.02593163  0.17748366 -0.10937738
   0.88262292 -0.2336523  -0.85358074 -0.3323822  -0.15218829  0.94431504]
 [-0.43647044  0.00800645 -0.29627277  0.74774485 -0.18186219 -0.70877743
   0.26983042  0.23915402  0.26053093 -0.90214058 -0.24924747 -0.6677817 ]
 [-0.21107338 -0.00734685  1.13554868  0.18780029  0.48715191 -0.7693514
  -0.07503097 -0.18392645 -0.60917107 -0.50390804 -0.96022302  0.27852235]
 [-0.0086424  -0.29778277  0.4102049  -0.18136459  0.40687724  0.19302783
   0.99806223 -0.32294446 -0.17428881 -0.84644386  0.86234616 -0.7332384 ]
 [-0.33807543  0.0664441  -0.28814824  0.16539133 -0.2712766  -0.06627093
   0.12831487  0.35409285  0.447322    0.72451197  0.88572511 -0.14954387]
 [ 0.58086206  0.20426059  0.30380253 -0.51102836  0.22475086 -0.00427926
  -1.05561168 -0.52536763  0.19956585 -0.51029408 -0.08335099  0.69463749]] 
x segnato:[[-0.89411666]
 [-0.60247507]
 [-0.38922971]
 [ 0.54542946]
 [-0.28494439]
 [-0.23984534]
 [ 0.98606672]
 [ 0.76993221]
 [ 0.        ]
 [ 0.        ]
 [ 0.        ]
 [ 0.        ]]
Matrici Hi 

[[ 0.36826308 -0.03953642  0.09457914  0.15795711  0.09328171  0.00830154
  -0.43726477 -0.11706228 -0.05406105  0.8946394  -0.75781168 -0.31699084]
 [-0.05377118 -0.02551963 -0.29613639 -0.11094626 -0.12327096  0.2506242
   0.26855868  0.06986342 -0.28221279  0.66945272 -0.71132741 -0.14286368]
 [-0.64054086  0.13082034  0.06457425 -0.51652382  0.00884318 -0.18978964
   0.73500512 -0.07186768  0.79142247 -0.9108155   0.77833443 -0.87571937]
 [ 0.52208179 -0.22076216  0.57140893  0.65946983  0.61088301 -0.80023996
  -0.16868295 -0.72197794  0.07877751  0.80923421  0.56687294 -0.01943828]
 [-0.06443941  0.00138994  0.1297305  -0.32621473  0.02088271  0.27365689
   0.15014516  0.03998508 -0.50845527 -0.26516799  0.38856794  0.92595659]
 [-0.30041497  0.29553698 -0.01919345  0.19006414 -0.25663023 -0.50683709
  -0.69696591  0.31250359  0.41735764 -0.12182429  0.09311281  0.46883168]
 [-0.17724603  0.11385056  0.46706634 -0.21035844 -0.06571665  0.17767989
  -0.38914054  0.40035022  0.72297247 -0.07487188 -0.03507737 -0.85196458]
 [-0.29752616  0.11277611  0.05810617  0.45581531  0.09881317 -1.02894397
   0.00129252 -0.23671822  0.91397472  0.40484906  0.48841249 -0.42814542]
 [-0.05406105 -0.28221279  0.79142247  0.07877751 -0.50845527  0.41735764
   0.72297247  0.91397472 -0.79944964 -0.79967942 -0.25262132  0.38237525]
 [ 0.8946394   0.66945272 -0.9108155   0.80923421 -0.26516799 -0.12182429
  -0.07487188  0.40484906  0.06530435 -0.19767215 -0.7799634   0.0499981 ]
 [-0.75781168 -0.71132741  0.77833443  0.56687294  0.38856794  0.09311281
  -0.03507737  0.48841249  0.98223549  0.66471283 -0.99336757 -0.58159592]
 [-0.31699084 -0.14286368 -0.87571937 -0.01943828  0.92595659  0.46883168
  -0.85196458 -0.42814542 -0.10323921  0.64122003  0.54905964 -0.34112835]]

[[ 0.30162711 -0.0332072   0.20103815  0.08448974  0.22241974 -0.19822035
  -0.25966829 -0.32794069 -0.27990457 -0.97311335  0.21681805 -0.78710036]
 [-0.17995146  0.08187088 -0.11158948 -0.10848749 -0.12413438  0.01283842
   0.02856894  0.12224618 -0.85912127 -0.66221325  0.56736593 -0.73714231]
 [-0.57588467 -0.09113289  0.31378591  0.04890585  0.0591286  -0.1423744
   0.82379406  0.23736342 -0.3015634   0.41535309  0.77156802  0.76567417]
 [-0.08472746 -0.10097797 -0.31209465  0.39793405 -0.06161568 -0.19211682
   0.3650961   0.01813391 -0.56544443 -0.66750117  0.70115733 -0.60529024]
 [ 0.04069219 -0.03970973  0.17568813  0.02230939  0.13101856 -0.09715016
   0.05285444 -0.12206321 -0.35113462 -0.119737   -0.17292505 -0.4159569 ]
 [ 0.31902621 -0.07651788  0.43784544 -0.08623969  0.22661008  0.16876973
  -0.27961136 -0.12522491 -0.39682944 -0.62649189 -0.36133774  0.05754705]
 [ 0.56563308 -0.0919719   0.10301017 -0.02795242  0.14089519  0.31789431
  -0.44690948 -0.19119278 -0.62024188  0.97220236  0.38740129 -0.51479143]
 [-0.38994669 -0.06030166 -0.0768993   0.10259704 -0.14987784  0.10005049
   0.52350025  0.36423672  0.52615252  0.35563543 -0.60350089 -0.40662429]
 [-0.27990457 -0.85912127 -0.3015634  -0.56544443 -0.35113462 -0.39682944
  -0.62024188  0.52615252 -0.7107995   0.28196007  0.99938827 -0.97263757]
 [-0.97311335 -0.66221325  0.41535309 -0.66750117 -0.119737   -0.62649189
   0.97220236  0.35563543  0.8085107  -0.35581336  0.40989578 -0.88817407]
 [ 0.21681805  0.56736593  0.77156802  0.70115733 -0.17292505 -0.36133774
   0.38740129 -0.60350089 -0.95212175 -0.87226602 -0.30461567 -0.92993289]
 [-0.78710036 -0.73714231  0.76567417 -0.60529024 -0.4159569   0.05754705
  -0.51479143 -0.40662429 -0.80986308 -0.19801703  0.36726573 -0.34264762]]

[[-0.77422347  0.22040584 -0.57884924  0.03343463 -0.40472383 -0.41009629
   0.46557865  0.30989355  0.31150153  0.56319027 -0.94227883 -0.93705745]
 [ 0.19739599 -0.13644537 -0.13820359  0.06444689  0.0311899   0.2432974
   0.18607946 -0.0591394   0.03476893  0.85505665 -0.99493673  0.51754993]
 [ 0.03906098  0.01212078  0.12687045  0.92388879 -0.1681411  -0.43946258
  -0.7793168   0.50354873  0.75709507  0.04055635 -0.88071955 -0.42484889]
 [-0.12154785  0.06882388  0.40268468 -0.46346765  0.18490632 -0.00745626
   0.10209103 -0.18186136 -0.26218823 -0.61733258 -0.36837523  0.88481387]
 [-0.14678609  0.1312127  -0.05755323  0.11079363 -0.15149466 -0.20102204
  -0.30894014  0.18711633 -0.74706023  0.68082313 -0.78912301  0.68226872]
 [-0.46885268  0.11297732 -0.19997687  0.48673916 -0.23512792 -0.57783181
   0.0272515   0.32309397 -0.3277631  -0.71912339 -0.26213915 -0.63884646]
 [ 0.41731643  0.15466633  0.79933921 -0.5897535   0.3481873   0.05964975
  -0.91043802 -0.36666384 -0.93313333 -0.09197319 -0.20273585 -0.99170862]
 [ 0.22243005 -0.1682217   0.41575402  0.37547532  0.21781419 -0.08658319
  -0.11059948 -0.00720887  0.99940755  0.32870418 -0.25005078 -0.11558816]
 [ 0.31150153  0.03476893  0.75709507 -0.26218823 -0.74706023 -0.3277631
  -0.93313333  0.99940755 -0.83969946  0.75743177  0.27061364 -0.80627504]
 [ 0.56319027  0.85505665  0.04055635 -0.61733258  0.68082313 -0.71912339
  -0.09197319  0.32870418  0.36757441 -0.15189805 -0.70289145  0.86573079]
 [-0.94227883 -0.99493673 -0.88071955 -0.36837523 -0.78912301 -0.26213915
  -0.20273585 -0.25005078 -0.98493444  0.22461138 -0.90787198  0.93068303]
 [-0.93705745  0.51754993 -0.42484889  0.88481387  0.68226872 -0.63884646
  -0.99170862 -0.11558816 -0.68902731  0.61725357 -0.22995271 -0.09881369]]

[[ 0.47460814 -0.15874143 -0.43436961  0.29876952 -0.243121    0.67684077
  -0.33476937  0.33755872 -0.3231048   0.0343439   0.95021239 -0.37192676]
 [-0.22028724  0.04137215  0.29091455 -0.27542     0.05926292  0.03885391
   0.16284154  0.05441038  0.3229444   0.75894823  0.0013315  -0.71544017]
 [-0.5540813   0.25825075 -0.14505002  0.40197075 -0.12125174 -1.09991336
  -0.09020937 -0.02199693  0.18556004  0.48298747 -0.61135559  0.32526295]
 [ 0.19438585 -0.21886405 -0.41303197  0.3064469  -0.04012975  0.23471333
   0.419784   -0.0217499   0.61279395  0.81101385 -0.37679796 -0.91128747]
 [-0.04329139 -0.08786827 -0.15096062  0.53095964 -0.0224905  -0.32764344
   0.13982401  0.04583868 -0.96753098 -0.44594169 -0.5565232   0.59830295]
 [ 0.44293921  0.31473503 -0.3012457  -0.3904179  -0.24991597  0.26148612
  -1.28793488 -0.0186018   0.7551963  -0.3328454  -0.15061224  0.69314837]
 [ 0.19266686 -0.09456406 -0.01931239  0.46300754  0.26973977 -0.66389065
   0.10584954 -0.51834237  0.24864345  0.08434312  0.06218059 -0.60326041]
 [-0.14711037  0.35552896 -0.03534817 -0.62431894 -0.08257542 -0.18588494
  -0.48747728 -0.19497587 -0.71917902  0.67910447  0.86546692 -0.25583002]
 [-0.3231048   0.3229444   0.18556004  0.61279395 -0.96753098  0.7551963
   0.24864345 -0.71917902 -0.40885689  0.54598839 -0.22496803  0.53031689]
 [ 0.0343439   0.75894823  0.48298747  0.81101385 -0.44594169 -0.3328454
   0.08434312  0.67910447 -0.16452536 -0.68490111  0.81625525 -0.29950621]
 [ 0.95021239  0.0013315  -0.61135559 -0.37679796 -0.5565232  -0.15061224
   0.06218059  0.86546692  0.05353656  0.61594417 -0.52539628  0.52523454]
 [-0.37192676 -0.71544017  0.32526295 -0.91128747  0.59830295  0.69314837
  -0.60326041 -0.25583002  0.66823913  0.25849737 -0.44654309  0.78827608]]

[[-0.3657942  -0.04586868  0.05894985  0.17286495  0.20847825 -0.66935885
   0.74240421 -0.34165505  0.14987253 -0.41813381  0.0346182   0.2033564 ]
 [ 0.41292865 -0.09200953 -0.05319042 -0.05988344 -0.06940701  0.62645081
  -0.35140168  0.16701655  0.82190175  0.28072712  0.77462666 -0.44333193]
 [-0.40805123  0.1276212  -0.31809959 -0.59111943 -0.23781446  0.35795949
   0.46061394  0.16701812 -0.22669109  0.33140456  0.78144329 -0.15680556]
 [-0.86179348  0.14246183  1.15293193 -0.18584698  0.21882926 -0.58265368
   0.27381218  0.3155962   0.20022191  0.64064827 -0.41620666 -0.3183107 ]
 [-0.11809212  0.01054212 -0.00371228 -0.06628509  0.09099831 -0.22359775
   0.27459182 -0.21019679 -0.84260687 -0.80548928  0.04370928  0.09797877]
 [-0.32599741  0.09451577 -1.03348164  0.27426538 -0.21800317 -0.67874719
   0.63339677 -0.3571858   0.93647388  0.70542915 -0.6634457  -0.11584007]
 [ 0.01747194  0.14519153 -0.20419438  0.37119612  0.08433892 -0.93677903
  -0.28960665 -0.46243846  0.50576472  0.80335331 -0.9287664   0.25162863]
 [-0.45098905  0.17041298 -0.13278644 -0.2710127  -0.3242858   0.20749646
   0.02905461  0.48070753  0.4649703  -0.19226757 -0.05766741  0.40253437]
 [ 0.14987253  0.82190175 -0.22669109  0.20022191 -0.84260687  0.93647388
   0.50576472  0.4649703   0.95587746 -0.45848978 -0.75644399  0.72716866]
 [-0.41813381  0.28072712  0.33140456  0.64064827 -0.80548928  0.70542915
   0.80335331 -0.19226757  0.04237466 -0.86434943 -0.17265302  0.67183004]
 [ 0.0346182   0.77462666  0.78144329 -0.41620666  0.04370928 -0.6634457
  -0.9287664  -0.05766741  0.03157094 -0.82819022 -0.67688996 -0.54210999]
 [ 0.2033564  -0.44333193 -0.15680556 -0.3183107   0.09797877 -0.11584007
   0.25162863  0.40253437 -0.99168128  0.0364125   0.56507505  0.87899404]]

[[ 0.61271139 -0.15515154 -0.12627177  0.61260642  0.03397334  0.0248896
  -0.57925802 -0.04132603  0.34893791 -0.02202718 -0.48011171  0.73518024]
 [-0.13698982  0.00888468 -0.15506556 -0.15747175 -0.00027129 -0.02657653
   0.35311474 -0.1244649  -0.55097533 -0.36500128  0.00325455  0.6122289 ]
 [ 0.25653222 -0.11022745 -0.10833535 -0.01648265  0.2134701  -0.07666136
   0.26667727 -0.47500398  0.27727911 -0.90371059  0.13818017 -0.24800887]
 [ 0.21221139  0.10937971  0.48984775 -0.63403391  0.07283403  0.51981803
  -0.58308603  0.06434007  0.86080319 -0.04261508 -0.4861638  -0.11496718]
 [ 0.17620473  0.0262462  -0.08626366 -0.06011723  0.07707327 -0.10561044
  -0.12357172 -0.27786554 -0.36022121 -0.28667023  0.92160889 -0.54264822]
 [ 0.22753871 -0.3152664  -0.02865918  1.41507093 -0.10885176 -0.21312641
  -0.24146451  0.56835508  0.58995006  0.94323184  0.71618561  0.15537433]
 [-0.57953304  0.25952365  0.33101052 -0.2312014  -0.15121959 -0.25763899
  -0.18839649  0.37863866 -0.98883179 -0.0367609  -0.14116471 -0.8414831 ]
 [-0.10172264 -0.1346227   0.28709644  0.19260275 -0.0067177   0.22534163
   0.16302929  0.37724881  0.14248425  0.53432368 -0.5174204  -0.83195179]
 [ 0.34893791 -0.55097533  0.27727911  0.86080319 -0.36022121  0.58995006
  -0.98883179  0.14248425 -0.83633945  0.62014306 -0.62510699  0.71945074]
 [-0.02202718 -0.36500128 -0.90371059 -0.04261508 -0.28667023  0.94323184
  -0.0367609   0.53432368 -0.21117131 -0.67191963 -0.21418006  0.93169723]
 [-0.48011171  0.00325455  0.13818017 -0.4861638   0.92160889  0.71618561
  -0.14116471 -0.5174204   0.48845913 -0.61130072  0.96238341 -0.59284365]
 [ 0.73518024  0.6122289  -0.24800887 -0.11496718 -0.54264822  0.15537433
  -0.8414831  -0.83195179  0.37032775 -0.98621077 -0.71690266 -0.34998233]]

[[-0.45939909  0.26353395 -0.32166384  0.08483584 -0.29410917 -0.48884828
  -0.16413628  0.20028168 -0.56380943  0.40848007 -0.00635205 -0.72996766]
 [ 0.12471516 -0.1818548  -0.03347434  0.15984906  0.02891529  0.27313243
   0.27444539  0.07843828 -0.85761441  0.33926912 -0.88551196  0.14078099]
 [ 0.16041704  0.34297054  0.21290371 -1.65257989  0.19291352  0.49779929
  -0.3003064  -0.67992343  0.95424385  0.0774378   0.75019471 -0.1739933 ]
 [-0.2218239   0.23723076  0.02105773 -0.32407112  0.08993614 -0.56177045
  -0.0587611  -0.40550825 -0.22957964 -0.43920349  0.8084433  -0.51388321]
 [-0.17378174  0.28322682 -0.38652458 -0.5427816  -0.11275379 -0.20623593
  -0.06974965 -0.32342562 -0.12041753  0.3323262   0.65018542 -0.19740477]
 [ 0.0850059  -0.07517765  0.77892746  0.34418468  0.00592977  0.25625214
  -0.67207084  0.6645856   0.08028735  0.07111455 -0.60631428 -0.53937827]
 [ 0.08483542  0.06028819 -0.10547535  0.25960909  0.00999004 -0.39793915
  -0.28576138 -0.15243608 -0.11390588 -0.81080638  0.64154514  0.11839134]
 [ 0.41570503 -0.20579085  1.07944506 -0.22809614  0.39757717  0.59334971
  -0.32162794  0.09195323 -0.84845993  0.32281298  0.13476105  0.50135198]
 [-0.56380943 -0.85761441  0.95424385 -0.22957964 -0.12041753  0.08028735
  -0.11390588 -0.84845993 -0.55899698  0.06568413  0.57292116  0.31074821]
 [ 0.40848007  0.33926912  0.0774378  -0.43920349  0.3323262   0.07111455
  -0.81080638  0.32281298  0.50615171  0.50219089 -0.2143687   0.76101704]
 [-0.00635205 -0.88551196  0.75019471  0.8084433   0.65018542 -0.60631428
   0.64154514  0.13476105  0.63116105  0.07665563  0.9213773   0.59724685]
 [-0.72996766  0.14078099 -0.1739933  -0.51388321 -0.19740477 -0.53937827
   0.11839134  0.50135198  0.14787624  0.14299404 -0.12940538  0.41911003]]

[[ 0.2227089   0.02991345 -0.54237496  0.24866551 -0.39762068  0.41162318
  -0.53822806  0.43872627 -0.40344113  0.10902854 -0.37435426 -0.90057286]
 [-0.20484897 -0.11166809  0.28326546  0.35811241  0.14130484 -0.34920581
   0.35349041  0.03880919 -0.263933    0.96954617  0.08984254  0.41167319]
 [ 0.20233292  0.21377205 -0.36912111 -0.49777207 -0.14357945  0.20282543
  -0.481265   -0.20144065 -0.59039865  0.41360906 -0.38400745  0.64426955]
 [ 0.04863649  0.03187162  0.04057592 -0.28377907  0.15182094 -0.08548056
   0.12416762 -0.35440644  0.0964091   0.85226434 -0.62563706  0.50815718]
 [ 0.12882309  0.15724146 -0.45744956 -0.4087595  -0.16623436  0.21746817
  -0.23613371 -0.15625443 -0.94699061  0.13216284 -0.63600215 -0.90700667]
 [ 0.38454396  0.01816793 -0.2228974   0.19263938 -0.41497689  0.76656916
  -0.9739626   0.71868637  0.58763663  0.62844267  0.47783941  0.29100903]
 [ 0.18137694  0.24488649 -0.23686414 -1.2117735   0.04116426  0.4452899
  -0.10600394 -0.57462828 -0.22639843  0.33572543  0.75268862 -0.86512852]
 [ 0.04540727 -0.08298361  0.51314398  0.16348864  0.16467706 -0.03734985
  -0.12736556  0.10848874  0.01713676 -0.33948229 -0.49408942 -0.10079325]
 [-0.40344113 -0.263933   -0.59039865  0.0964091  -0.94699061  0.58763663
  -0.22639843  0.01713676  0.1684365   0.94649127 -0.34450861  0.65220767]
 [ 0.10902854  0.96954617  0.41360906  0.85226434  0.13216284  0.62844267
   0.33572543 -0.33948229  0.87448688  0.90156303 -0.66124784  0.19083318]
 [-0.37435426  0.08984254 -0.38400745 -0.62563706 -0.63600215  0.47783941
   0.75268862 -0.49408942  0.07344508  0.1436302  -0.62358921 -0.90560476]
 [-0.90057286  0.41167319  0.64426955  0.50815718 -0.90700667  0.29100903
  -0.86512852 -0.10079325  0.33739047  0.74924188 -0.57299155 -0.87519098]]

[[ 0.08025696 -0.08232817  0.00917722  0.02211373  0.00703802  0.20704131
   0.08735318  0.06342769 -0.91035705  0.63663724 -0.45896161 -0.19352988]
 [-0.04884087  0.11929556  0.12586556 -0.12731549  0.03962982 -0.2141838
  -0.22660516 -0.10586787  0.5553736  -0.05041406 -0.59518598  0.66508892]
 [-0.69313046  0.19024776 -0.36347867 -0.46887352 -0.4106714   0.27681015
   0.47312878  0.48546534  0.32288294 -0.85250649  0.89273236 -0.77029478]
 [ 0.07066612  0.11842172 -0.70825851 -0.59608303 -0.24983436  0.50429281
   0.11649264 -0.1311209  -0.24130089  0.89564482  0.84269381  0.53466432]
 [-0.02704881 -0.10408064 -0.24098294  0.03180499 -0.15605465  0.41235861
   0.28527153  0.26354325 -0.15236168 -0.93337814 -0.16450392  0.29070301]
 [-0.1677005  -0.12799792  0.69443645  0.57049945  0.2763999  -0.57625973
   0.09361435  0.07597178  0.34541385  0.61193544  0.80001995 -0.01502423]
 [ 0.48504812 -0.50628215 -0.02528809  0.94495525  0.13207009  0.3069525
   0.36769391  0.17046521  0.46684154  0.61167701  0.48965553  0.90677062]
 [-0.4274655   0.27819478  0.10519122 -0.34258325 -0.01683868 -0.49667151
  -0.06228185 -0.12755059 -0.026022   -0.9256986  -0.84801213 -0.85506599]
 [-0.91035705  0.5553736   0.32288294 -0.24130089 -0.15236168  0.34541385
   0.46684154 -0.026022    0.5471871  -0.93296095 -0.14484034  0.3314415 ]
 [ 0.63663724 -0.05041406 -0.85250649  0.89564482 -0.93337814  0.61193544
   0.61167701 -0.9256986  -0.60349712 -0.82910377  0.96394491 -0.32078619]
 [-0.45896161 -0.59518598  0.89273236  0.84269381 -0.16450392  0.80001995
   0.48965553 -0.84801213 -0.38575051 -0.98066252 -0.24385695  0.83357182]
 [-0.19352988  0.66508892 -0.77029478  0.53466432  0.29070301 -0.01502423
   0.90677062 -0.85506599  0.55845953 -0.0117176  -0.71179636 -0.99627855]]

[[ 0.17402896  0.24782527 -0.46761854  0.1357696  -0.02846143 -0.75664711
  -0.58890434 -0.53156219 -0.35181896 -0.20291468 -0.68233472 -0.04440303]
 [-0.26583788 -0.01383807  0.07533871 -0.0868159  -0.10664684  0.21604095
   0.25240653  0.32293915  0.00324512 -0.94886838  0.80996487  0.30636129]
 [-0.41359139  0.08270333 -0.03049887 -0.08721264  0.06127653 -0.49251921
   0.49411224 -0.21160552  0.5356975  -0.98656691 -0.29218898  0.34482622]
 [ 0.5532327  -0.04949348 -0.13154927 -0.20319964  0.26036736  0.01433506
  -0.13803873 -0.68442956 -0.27525269  0.13264025 -0.03080966 -0.912424  ]
 [-0.09173336  0.01243123  0.0296803   0.15275265  0.08621098 -0.38737456
   0.10772261 -0.16671953 -0.03203691 -0.50100564 -0.03231643  0.30336287]
 [ 0.21455713  0.23195689 -0.39999894  0.10637902 -0.15759242 -0.36884161
  -0.796948   -0.18168759 -0.48317131  0.43006524  0.61454065 -0.03071835]
 [ 0.39802782 -0.33312236  0.56841451  0.36632164  0.24766268  0.4144253
  -0.01805765  0.18389439 -0.75927645 -0.95870931  0.67038518 -0.63149392]
 [ 0.15027853  0.02832265 -0.13268439 -0.3460026  -0.03071902  0.33924054
  -0.06129333 -0.08759121 -0.80974798  0.10613168  0.58066351  0.63433629]
 [-0.35181896  0.00324512  0.5356975  -0.27525269 -0.03203691 -0.48317131
  -0.75927645 -0.80974798 -0.93586553 -0.36706949  0.50735942  0.03172405]
 [-0.20291468 -0.94886838 -0.98656691  0.13264025 -0.50100564  0.43006524
  -0.95870931  0.10613168  0.71694042  0.33813493  0.55255943  0.20083136]
 [-0.68233472  0.80996487 -0.29218898 -0.03080966 -0.03231643  0.61454065
   0.67038518  0.58066351  0.30766068 -0.34619052  0.34751585  0.13126653]
 [-0.04440303  0.30636129  0.34482622 -0.912424    0.30336287 -0.03071835
  -0.63149392  0.63433629 -0.80642609 -0.79114906  0.97484227 -0.07027627]]
