A: 
[[ 0.32042957 -0.31166313 -0.64393646 -0.05373829 -0.18448601  0.95675868
  -0.24880971  0.77946063 -0.65662918  0.46208806  0.34024633 -0.31447023]] 
x segnato:[[-0.39096054]
 [-0.37174496]
 [ 0.50329916]
 [-0.67331712]
 [ 0.09779172]
 [ 0.        ]
 [ 0.        ]
 [ 0.        ]
 [ 0.        ]
 [ 0.        ]
 [ 0.        ]
 [ 0.        ]]
Matrici Hi 

[[-0.16592218  0.03553192  0.05537404 -0.30869826 -0.04622351 -0.0413542
  -0.19341279  0.99540731  0.39970521 -0.3426135   0.90572089  0.5079572 ]
 [-0.0276313   0.02229061  0.04539811 -0.00762562  0.01074457 -0.52798213
   0.89110761  0.4572745   0.55201945 -0.94904144 -0.51428407  0.85212281]
 [-0.08418322  0.05420426  0.10802596 -0.05988694  0.01729537 -0.4993553
   0.01723254 -0.87326991 -0.15954425  0.51511788 -0.60897468  0.51187173]
 [-0.47759636  0.14605879  0.25612659 -0.77149419 -0.08373695  0.76892243
  -0.8345013   0.29490718  0.67792889  0.28966631  0.76851325 -0.61764124]
 [-0.1173676   0.0435763   0.07991727 -0.16904798 -0.01192443 -0.42582056
  -0.92812649  0.79059025 -0.66332632 -0.34153081  0.98862514 -0.25979673]
 [-0.0413542  -0.52798213 -0.4993553   0.76892243 -0.42582056 -0.61326522
   0.67288115 -0.78682836 -0.95942451 -0.8296422   0.81934298 -0.22716839]
 [-0.19341279  0.89110761  0.01723254 -0.8345013  -0.92812649  0.65244668
  -0.08240037  0.89011207  0.26018589  0.21362662  0.50462066  0.66461742]
 [ 0.99540731  0.4572745  -0.87326991  0.29490718  0.79059025 -0.5990162
   0.81847621 -0.97448299 -0.19730505  0.48923019  0.2846623  -0.08153349]
 [ 0.39970521  0.55201945 -0.15954425  0.67792889 -0.66332632  0.18915565
  -0.04780753 -0.01430035 -0.08816559  0.28126088 -0.47358918 -0.65347146]
 [-0.3426135  -0.94904144  0.51511788  0.28966631 -0.34153081  0.04403051
  -0.98394021 -0.84086151  0.55769374 -0.04120882 -0.71904243  0.22553178]
 [ 0.90572089 -0.51428407 -0.60897468  0.76851325  0.98862514 -0.48294136
   0.39018229 -0.99359122  0.75141545  0.79843906  0.33280135  0.49223807]
 [ 0.5079572   0.85212281  0.51187173 -0.61764124 -0.25979673  0.65690378
   0.11700133  0.96909036  0.92191002  0.20895973  0.62265776  0.45563791]]
