A: 
[[ 0.0368479  -0.03914438 -0.27537289 -0.25964282  0.12998278  1.28982525
  -0.12348147 -0.36795944  0.81551591 -0.1357229   0.50381305 -0.35395896]
 [-0.26490268 -0.06033549 -0.84161083  0.10025347 -0.18946908  0.19145398
  -0.88710357 -0.17855919  0.43161109 -0.06267236 -0.50565443  0.94329243]
 [ 0.25531645 -0.20785694  0.32422514 -0.03836342  0.23980453  0.36047084
   0.13102865 -0.0246601   0.58435768 -0.89684433  0.41096071 -0.45734803]
 [ 0.06531799 -0.00620809  0.18875882  0.43209323 -0.62884669  0.34994227
   0.23376909 -1.08662771 -0.04681931 -0.2203584  -0.15044229 -0.84025766]
 [-0.19690188  0.03356327 -0.51732673 -0.71435649 -0.15505351  0.80880071
   0.33003279 -0.91115265  0.73598218  0.04946253  0.34521779  0.46291157]
 [ 0.62043813 -0.70586878  0.74301676  0.38208818  0.14819557  0.3198256
   0.02135254 -0.55872122  0.52386171  0.04305506  0.44376463  0.97455817]
 [ 0.14983477 -0.02888159 -0.05686329  0.07766531  0.37599698  1.10139727
  -0.42643464  0.35918925 -0.29891568 -0.83059027  0.04596751 -0.07523472]
 [-0.14876893  0.38929801  0.25262317 -0.08734332 -0.57327391 -0.0722712
   0.94888237 -0.77947884 -0.81278395 -0.17015815  0.62270926 -0.26584008]
 [-0.07982961  0.34209458 -0.00332351  0.94232962 -0.55496514  0.40886016
  -0.42779822 -0.16156764  0.5482475   0.3701554  -0.58921881  0.00739378]
 [ 0.23048675 -0.20540268  0.38439169 -1.00052209  0.72278592  0.17910383
   0.83062961  0.26517397 -0.5495269   0.13034763 -0.58835935  0.34662811]] 
x segnato:[[-0.86619984]
 [ 0.83184329]
 [ 0.31234809]
 [-0.41102074]
 [ 0.63982259]
 [ 0.2688663 ]
 [-0.57320372]
 [-0.53851117]
 [ 0.        ]
 [ 0.        ]
 [ 0.        ]
 [ 0.        ]]
Matrici Hi 

[[-0.26770671  0.26215705 -0.43336668 -0.24770882 -0.03378982  0.13357213
  -0.08001866  0.12737407  0.64596856  0.08097669 -0.30477271  0.55157039]
 [ 0.19789535 -0.24124263  0.4038313   0.03747441  0.03390052 -0.47162485
   0.27142722 -0.12210316  0.25541114 -0.94520163 -0.96717274 -0.45582409]
 [-0.36611758  0.27033452 -0.48793281 -0.48959809 -0.01947679 -0.45044291
   0.09869789  0.22027666 -0.93165076 -0.19116822 -0.65569042  0.143623  ]
 [-0.09713771  0.00883695 -0.16193513  0.31961824 -0.07634146 -0.58125922
  -0.45369877  0.35129621 -0.12936288 -0.84257661  0.8988112  -0.82483173]
 [-0.18382779 -0.01907137 -0.592107   -0.32916822 -0.07567541  0.5496923
  -0.23661147 -0.42582208 -0.17936089  0.03174142  0.31399588 -0.05999204]
 [-0.3236589   0.76480766 -0.19356487 -0.52792765  0.02224733  0.93026223
   0.63074013  0.22789202 -0.13460388  0.46174231 -0.20917555  0.9329551 ]
 [-0.0807245   0.2134276   0.24779147 -0.60201327  0.12973487 -0.46670588
   0.8724132   0.15122818  0.25896762  0.41993573 -0.89384089  0.23048416]
 [ 0.02322929 -0.65510778 -0.58925572 -0.02383196 -0.164362   -0.08755741
  -0.73658133 -0.84804617 -0.26221228 -0.1573244   0.7475707   0.52066088]
 [ 0.64596856  0.25541114 -0.93165076 -0.12936288 -0.17936089 -0.13460388
   0.25896762 -0.26221228 -0.34374405  0.07674992  0.95206251  0.8097561 ]
 [ 0.08097669 -0.94520163 -0.19116822 -0.84257661  0.03174142  0.46174231
   0.41993573 -0.1573244  -0.24013353 -0.46039274  0.18138935  0.04272326]
 [-0.30477271 -0.96717274 -0.65569042  0.8988112   0.31399588 -0.20917555
  -0.89384089  0.7475707  -0.58225716 -0.71896385  0.30053537 -0.22875432]
 [ 0.55157039 -0.45582409  0.143623   -0.82483173 -0.05999204  0.9329551
   0.23048416  0.52066088 -0.22069157  0.75988899  0.35231495  0.97180134]]

[[ 0.07893433 -0.13029852  0.08342462  0.0906642   0.05537221 -0.16795573
  -0.09913787  0.06353099  0.35548269 -0.0455103  -0.997362   -0.78109645]
 [-0.23584893  0.33962052 -0.20634152  0.50315951 -0.49458127 -0.15586694
  -0.24194189 -0.09596247  0.00053439  0.72154393 -0.69775422  0.44660278]
 [-0.10255729  0.10146928 -0.02897543  0.60203854 -0.49162168 -0.48410233
  -0.25189357 -0.21533019 -0.31787646  0.06283672 -0.90982768 -0.23598598]
 [-0.21764556  0.64236781 -0.10231716  0.87856258 -0.43684549  0.48049644
  -0.44185043  0.35361276 -0.614642   -0.69077304 -0.41850242 -0.06780614]
 [ 0.21941606 -0.75596472 -0.12234072 -0.46741895  0.43607155 -0.49016665
  -0.27240274 -0.11707713  0.80787683  0.79254182 -0.08400945 -0.66322168]
 [ 0.15019337  0.02047272  0.36767209  0.59693172  0.1852175  -0.46156408
  -0.36652344  0.86252933 -0.5958523  -0.13642012  0.00853561  0.54507445]
 [-0.13913983  0.1457284   0.0943931   0.28794661 -0.59326219 -0.71458172
   0.30049528 -0.5377784   0.53687968 -0.2765396   0.11090789 -0.21785636]
 [-0.01947157 -0.65275615 -0.66035063 -0.1094854   0.05622529 -0.45654256
  -0.89566764 -0.32847893  0.95217935 -0.89252794 -0.77216489  0.43777485]
 [ 0.35548269  0.00053439 -0.31787646 -0.614642    0.80787683 -0.5958523
   0.53687968  0.95217935  0.00232713 -0.30770053 -0.73888087 -0.37712073]
 [-0.0455103   0.72154393  0.06283672 -0.69077304  0.79254182 -0.13642012
  -0.2765396  -0.89252794  0.68562625  0.08036357 -0.98018625 -0.97299172]
 [-0.997362   -0.69775422 -0.90982768 -0.41850242 -0.08400945  0.00853561
   0.11090789 -0.77216489  0.56164751 -0.56575162  0.94306533  0.7792596 ]
 [-0.78109645  0.44660278 -0.23598598 -0.06780614 -0.66322168  0.54507445
  -0.21785636  0.43777485 -0.41165416 -0.63011678  0.55803987 -0.99281464]]

[[ 0.10945626 -0.04361641  0.29300719  0.02330905 -0.06195387 -0.04804331
   0.32108716 -0.21940166 -0.43179996  0.70119222  0.61785199 -0.44646469]
 [-0.11422178 -0.03268436 -0.28971582 -0.47807001  0.17376534 -0.04794246
   0.04150094  0.05904014  0.2923407   0.83208698  0.89515794  0.10394101]
 [ 0.14033718 -0.21994034  0.25774731 -0.29248351 -0.02413679 -0.08075481
   0.51594309 -0.54434599  0.50849275 -0.98198184  0.57134361 -0.47489006]
 [ 0.2840604  -0.21518715  0.51979356 -0.08119077  0.13759273  0.08763042
   0.45806566 -0.21754785 -0.40135614  0.4070413  -0.34836661  0.99340411]
 [-0.11507735  0.2965788   0.08944859 -0.15846556 -0.19782509  0.08774023
   0.5274977  -0.22330677  0.84014091 -0.37944475 -0.54785248  0.40676247]
 [ 0.04163415  0.03935427  0.33174079 -0.38827623  0.27467623 -0.58907445
   0.56080623  0.40906579  0.88157807  0.09956598  0.05599219  0.45512719]
 [-0.10097661 -0.25041831 -0.44036301 -0.2974987   0.05132619 -0.27111142
  -0.30213725 -0.16091149  0.77790295  0.24934338 -0.56014003 -0.4072493 ]
 [-0.2005225   0.42933336  0.02533399 -0.66066083 -0.1820893   0.41630172
   1.0257949  -0.50572287  0.51544965  0.03614734  0.51170685 -0.77396931]
 [-0.43179996  0.2923407   0.50849275 -0.40135614  0.84014091  0.88157807
   0.77790295  0.51544965  0.39684464  0.20039533  0.9181215  -0.03409028]
 [ 0.70119222  0.83208698 -0.98198184  0.4070413  -0.37944475  0.09956598
   0.24934338  0.03614734 -0.75404432  0.44078202 -0.45622021 -0.02954354]
 [ 0.61785199  0.89515794  0.57134361 -0.34836661 -0.54785248  0.05599219
  -0.56014003  0.51170685 -0.96519997  0.16479083  0.67130088 -0.36401681]
 [-0.44646469  0.10394101 -0.47489006  0.99340411  0.40676247  0.45512719
  -0.4072493  -0.77396931 -0.99769726 -0.14108196  0.11914403 -0.67931285]]

[[-0.16368701  0.50544921  0.09080142  0.21014329 -0.17519709  0.0698106
   0.20673479  0.31949113  0.03544308 -0.27207653 -0.91154955 -0.5288886 ]
 [ 0.24712196 -0.42864788  0.25919321  0.01875241  0.11419527 -0.28885687
   0.00439437 -0.2121484  -0.15400682  0.90966882 -0.16815686 -0.3341989 ]
 [-0.16433604  0.73961971  0.38920269  0.70749318 -0.51667609 -0.08869823
   0.35708207  0.2478583   0.03312609 -0.32718778  0.88722554 -0.63806138]
 [ 0.00513888  0.35231485  0.50474092 -0.09641076  0.00762221 -0.24868699
   0.77034358  0.27562669  0.30984472 -0.25386504  0.14634947 -0.60870092]
 [-0.25120518  0.46143754 -0.25480476 -0.11184556 -0.06674663  0.39115619
   0.07518605  0.23421615  0.98071702 -0.33540271 -0.99160458  0.99183591]
 [ 0.21475682 -0.08258828  0.44790623 -0.07619211  0.59336172 -0.39369875
   0.07264497  1.00202149 -0.23424522  0.42212583  0.85671963  0.67409841]
 [ 0.10675816 -0.08885001  0.19145847  0.9540027  -0.46216934 -0.2499273
  -0.47454483 -0.26839262 -0.82145895 -0.44990444  0.56527213  0.96617074]
 [-0.23455847  0.47351026 -0.12063567 -0.44403861 -0.05973751  0.42301499
   0.56616001 -0.02733596 -0.49105216  0.1218328  -0.4042153  -0.55247024]
 [ 0.03544308 -0.15400682  0.03312609  0.30984472  0.98071702 -0.23424522
  -0.82145895 -0.49105216 -0.37217849  0.18527274  0.35703038 -0.19390845]
 [-0.27207653  0.90966882 -0.32718778 -0.25386504 -0.33540271  0.42212583
  -0.44990444  0.1218328  -0.66172974  0.13678478 -0.99062646  0.16075656]
 [-0.91154955 -0.16815686  0.88722554  0.14634947 -0.99160458  0.85671963
   0.56527213 -0.4042153   0.34443325 -0.93782081  0.72459747 -0.23645874]
 [-0.5288886  -0.3341989  -0.63806138 -0.60870092  0.99183591  0.67409841
   0.96617074 -0.55247024 -0.21225751  0.17776553 -0.00411794 -0.27208682]]

[[ 0.11405039 -0.18323874  0.03365493  0.19444495  0.05233927  0.06722323
  -0.276134    0.00237782  0.80596431 -0.47452685 -0.13383274  0.33356825]
 [-0.08051922  0.12829729 -0.04839577  0.20653648 -0.00692278 -0.31331841
  -0.21716928  0.40410001  0.61898418 -0.95223467 -0.14193059 -0.32022808]
 [ 0.26224498 -0.56868734 -0.01794899  0.47790307  0.25888627 -0.30227457
  -0.93763665  0.3250114  -0.13199205  0.9345374  -0.39231492 -0.226828  ]
 [-0.42100289  0.52123842 -0.55973353 -0.060765   -0.03812739 -0.10197383
  -0.31152774  0.66144731 -0.31593299  0.88849992  0.48482277  0.62655722]
 [ 0.21653257 -0.08525603  0.39521624  0.37790221 -0.22798753  0.40129305
   0.17721291 -0.52446474  0.51288853 -0.66872059  0.44007585  0.53456409]
 [ 0.02152646  0.3100624   0.23816782  0.72030168 -0.10495915  0.10319844
  -0.29531478  0.54662068  0.32689508  0.29244612 -0.09222327 -0.48158176]
 [ 0.52614317 -1.03842319  0.24801849  0.3779823   0.48849707 -0.6439804
  -0.90650091  0.22122789 -0.32571197  0.54197697 -0.98441269  0.53190539]
 [-0.05984061  0.40538329  0.22290892  0.50432174 -0.50994578  0.40223926
   0.26295065 -0.382532   -0.25819202  0.38443911 -0.91919878 -0.42333196]
 [ 0.80596431  0.61898418 -0.13199205 -0.31593299  0.51288853  0.32689508
  -0.32571197 -0.25819202  0.07969311  0.68100134  0.44090526 -0.44595576]
 [-0.47452685 -0.95223467  0.9345374   0.88849992 -0.66872059  0.29244612
   0.54197697  0.38443911  0.77810656  0.69855085 -0.52590817  0.35230085]
 [-0.13383274 -0.14193059 -0.39231492  0.48482277  0.44007585 -0.09222327
  -0.98441269 -0.91919878 -0.31548785 -0.89934268 -0.39547491 -0.63934463]
 [ 0.33356825 -0.32022808 -0.226828    0.62655722  0.53456409 -0.48158176
   0.53190539 -0.42333196 -0.17340161 -0.71502523  0.28672774 -0.77315497]]

[[-0.22760859  0.12816796 -0.32661436 -0.22775591 -0.15126884 -0.25751832
   0.04743035 -0.12028718  0.87015682  0.55175453 -0.75924679 -0.04776166]
 [ 0.24352627 -0.14491937  0.24175782  0.12726319  0.29504754  0.57391399
  -0.14602337  0.21534832  0.99293888 -0.0876785   0.20627406  0.2409826 ]
 [-0.2719169   0.01072667 -0.59281572 -0.41846428 -0.00385513 -0.24333944
  -0.19740075 -0.02983625 -0.34457716 -0.42164068  0.82367935  0.86950589]
 [-0.36467249  0.51685351 -0.41545121 -0.25635965 -0.00560882  0.08038238
   0.02382973  0.47019826 -0.06039447 -0.30380725  0.16157033 -0.96586679]
 [ 0.14874826 -0.16669299  0.36378574 -0.09983123 -0.03037662 -0.32641482
   0.45109594 -0.30200711  0.18824146  0.82687364 -0.32379376  0.82091185]
 [-0.22823383  0.42814504 -0.32051273  0.03100267 -0.30170876  0.88852961
   0.0279566  -0.31250414  0.77685177 -0.10564565  0.84300394 -0.7823847 ]
 [ 0.06504137 -0.45115883 -0.39332386 -0.0575843   0.13426944  0.13425078
  -0.63716602 -0.21398416 -0.07098379 -0.05444817 -0.16224516 -0.09418606]
 [ 0.45710983 -0.26969205  0.95949235 -0.12111891  0.37435563 -0.18667133
   0.76827415  0.11715984 -0.67571999  0.42422804 -0.19359107  0.25599149]
 [ 0.87015682  0.99293888 -0.34457716 -0.06039447  0.18824146  0.77685177
  -0.07098379 -0.67571999 -0.48778    -0.7814481   0.89909907  0.09934898]
 [ 0.55175453 -0.0876785  -0.42164068 -0.30380725  0.82687364 -0.10564565
  -0.05444817  0.42422804 -0.70379498  0.1483897  -0.16019164 -0.76115075]
 [-0.75924679  0.20627406  0.82367935  0.16157033 -0.32379376  0.84300394
  -0.16224516 -0.19359107 -0.54176634  0.6536509   0.67023241  0.37828844]
 [-0.04776166  0.2409826   0.86950589 -0.96586679  0.82091185 -0.7823847
  -0.09418606  0.25599149 -0.63226499 -0.88992496 -0.05208989  0.50720415]]

[[ 0.00930903 -0.14995307 -0.21601665 -0.23778416  0.00670002  0.47074177
  -0.04108265 -0.42978901 -0.21898397  0.03253441 -0.66394889 -0.98763034]
 [-0.20793534  0.55742553  0.01849053  0.64034072 -0.3128295  -0.13706854
  -0.19794038  0.51685959 -0.71335197  0.23321347 -0.63329684 -0.84364352]
 [-0.22594485  0.15473798 -0.65947163 -0.01973714 -0.22057949  0.9635484
  -0.44984977 -0.42184402  0.90903766  0.11932642 -0.19731419  0.00418973]
 [-0.17805397  0.34096599 -0.22432436  0.29990219 -0.41996454  0.60494774
  -0.09599311 -0.36849973  0.29634989  0.23770083  0.99942868  0.33051969]
 [ 0.04976591 -0.06468862  0.01351679 -0.24153181  0.05285106  0.35634541
   0.20605137 -0.27627984  0.87445423 -0.59620966 -0.46596625  0.12399078]
 [ 0.16227427 -0.06173694  0.40788671  0.25330905 -0.09574101 -0.15827912
   0.22209761 -0.13388389  0.04391617 -0.21764888  0.754458    0.5944157 ]
 [-0.17307324  0.0729937  -0.47400513  0.09862474  0.03946441  0.07955085
  -0.61446649  0.33781058 -0.30807153 -0.66036711  0.78285343  0.44370534]
 [-0.25327926  0.71083368 -0.06712643  0.37108878 -0.44317808  0.73530971
   0.16013971 -0.04827633  0.45847443  0.01539715 -0.18869064  0.46246729]
 [-0.21898397 -0.71335197  0.90903766  0.29634989  0.87445423  0.04391617
  -0.30807153  0.45847443 -0.13291776  0.27483733 -0.76035673 -0.05612542]
 [ 0.03253441  0.23321347  0.11932642  0.23770083 -0.59620966 -0.21764888
  -0.66036711  0.01539715  0.08989872  0.67766997  0.00704728 -0.67676791]
 [-0.66394889 -0.63329684 -0.19731419  0.99942868 -0.46596625  0.754458
   0.78285343 -0.18869064  0.29342458 -0.95685206  0.73231564  0.72165053]
 [-0.98763034 -0.84364352  0.00418973  0.33051969  0.12399078  0.5944157
   0.44370534  0.46246729 -0.48965702 -0.62819234  0.13866388 -0.69151376]]

[[-0.03028584  0.02676782  0.00937955  0.15853299 -0.04630428 -0.32486712
  -0.11388761  0.16953723 -0.19484523  0.13666229  0.04662644 -0.15634228]
 [ 0.09196449 -0.06706061  0.21782444 -0.05719989  0.12197345 -0.20670452
   0.17292361  0.12971421 -0.71055818 -0.00539712  0.44341147 -0.22164713]
 [ 0.01224182 -0.01300104  0.1689837   0.45783937  0.0468068  -1.01044162
  -0.34935944  0.7201376  -0.71445708  0.2243689  -0.07554485  0.2912666 ]
 [-0.13535643  0.19384796  0.03998607  0.29122863 -0.45794966 -0.45252429
   0.1570025  -0.30256861 -0.8917618   0.14759079  0.02750938 -0.98846256]
 [ 0.10345238 -0.11875231  0.10964646  0.11273779  0.00249805  0.08303164
  -0.04605657 -0.10850924  0.46681281  0.77533693 -0.30271982 -0.25449474]
 [ 0.01445453  0.01917287  0.20600258 -0.64971468  0.26520291 -0.24928519
   0.70210056  0.09556018  0.17787322 -0.34872724 -0.26530383 -0.09249726]
 [ 0.11104274 -0.15128653  0.14268756  0.07287803  0.57670832 -0.76126002
  -0.42987084  1.22501416  0.26759576 -0.7599612  -0.16203988 -0.40685384]
 [ 0.19415836 -0.16630488  0.35370058  0.46183437 -0.29785426 -0.00170691
   0.06205603 -0.52865239  0.64886177 -0.51101279 -0.79099548 -0.65081247]
 [-0.19484523 -0.71055818 -0.71445708 -0.8917618   0.46681281  0.17787322
   0.26759576  0.64886177  0.87899355 -0.31979934 -0.40153852  0.51106801]
 [ 0.13666229 -0.00539712  0.2243689   0.14759079  0.77533693 -0.34872724
  -0.7599612  -0.51101279  0.21258326 -0.60637877  0.46965029  0.90994079]
 [ 0.04662644  0.44341147 -0.07554485  0.02750938 -0.30271982 -0.26530383
  -0.16203988 -0.79099548  0.08967987  0.54149012  0.24563512 -0.57363559]
 [-0.15634228 -0.22164713  0.2912666  -0.98846256 -0.25449474 -0.09249726
  -0.40685384 -0.65081247 -0.81974077  0.92661954 -0.74138908 -0.28317468]]

[[ 0.10747462 -0.15773543  0.06735115  0.16134379  0.1421177  -0.09840346
  -0.26605872  0.22925697 -0.7922644   0.60701089  0.68687228  0.65649488]
 [-0.4199168   0.72998938 -0.26607385  0.04128081 -0.51816025  0.20156731
   0.34813455 -0.15259816 -0.68554042 -0.10931075  0.57209368  0.19678919]
 [-0.09097015  0.34616269  0.108325    0.42285493 -0.21358357 -0.03902688
  -0.02964956  0.25647546  0.9882433  -0.04251018  0.49851934  0.19349856]
 [-0.52089427  0.82474211 -0.29588589 -0.03059059 -0.36006066 -0.4766189
   0.29835208  0.45949218  0.29263995 -0.61559631 -0.41379931 -0.23924963]
 [ 0.28578026 -0.67709016 -0.0670931  -0.02291817  0.31287793  0.06521236
  -0.54584152 -0.16776295 -0.31525743 -0.52525715 -0.77752007  0.12133938]
 [-0.15374283  0.18598443 -0.42880151  0.36788817  0.06496768  0.30103428
  -0.82026875  0.60925458  0.81139813  0.81777503 -0.36696043 -0.7220123 ]
 [ 0.06493073  0.31041941  0.36933057  0.52515435 -0.2906294   0.48691706
   0.19620856 -0.12652853  0.13506235 -0.09310426  0.255297   -0.02271773]
 [-0.20434643 -0.07377342 -0.50885    -0.27947101 -0.18948703 -0.0908932
  -0.14101871 -0.45989851  0.96931498  0.99136729 -0.26624846  0.71669772]
 [-0.7922644  -0.68554042  0.9882433   0.29263995 -0.31525743  0.81139813
   0.13506235  0.96931498 -0.26367038 -0.50571671 -0.86987539 -0.31932084]
 [ 0.60701089 -0.10931075 -0.04251018 -0.61559631 -0.52525715  0.81777503
  -0.09310426  0.99136729 -0.15755425 -0.07905396  0.79117275 -0.95587386]
 [ 0.68687228  0.57209368  0.49851934 -0.41379931 -0.77752007 -0.36696043
   0.255297   -0.26624846  0.73384951 -0.698844   -0.9623896   0.83446405]
 [ 0.65649488  0.19678919  0.19349856 -0.23924963  0.12133938 -0.7220123
  -0.02271773  0.71669772  0.42518088 -0.45545474 -0.83477391 -0.89170407]]

[[ 0.28140225 -0.4581003   0.30330383 -0.07895797  0.09123298 -0.09657784
   0.16252442 -0.44145674 -0.35771459  0.34546538 -0.0537062  -0.93082189]
 [-0.3111783   0.74621522  0.11740101  0.28999858 -0.36137216 -0.41031567
   0.38035805  0.45251104 -0.00605172 -0.9261821  -0.566227    0.57151934]
 [ 0.31615098 -0.26577591  0.75713299  0.06805408 -0.09836641 -0.48814827
   0.71119041 -0.47929592  0.80863441  0.46594511  0.8638322  -0.01786442]
 [ 0.11507539 -0.09562762  0.47335929  0.19980774 -0.18746572 -0.85862276
   0.39667395 -0.14926475  0.60215691 -0.34117416 -0.19421736 -0.09818835]
 [ 0.05335818 -0.18401234 -0.06564311 -0.16933552  0.00088968  0.18965521
   0.03722727 -0.37173875  0.40881911 -0.91871811  0.49293408  0.77168396]
 [ 0.32694445 -0.41451     0.53427642  0.14962493 -0.00883663 -0.36545109
   0.26226288 -0.39240346  0.31070392  0.70141846  0.56933355  0.64055079]
 [ 0.06430534  0.23504922  0.42280146  0.10692468 -0.04958136  0.06423388
   0.47238764  0.0919617   0.19071344 -0.05009731  0.95954672  0.71944443]
 [-0.37170629  0.63215686 -0.07749367  0.06334835 -0.49826871 -0.42403298
   0.46764185 -0.03449182 -0.80005727 -0.73046237  0.85548016 -0.90479305]
 [-0.35771459 -0.00605172  0.80863441  0.60215691  0.40881911  0.31070392
   0.19071344 -0.80005727 -0.89488706  0.1811571  -0.37066348 -0.92356463]
 [ 0.34546538 -0.9261821   0.46594511 -0.34117416 -0.91871811  0.70141846
  -0.05009731 -0.73046237 -0.27260543  0.71639184 -0.33075937 -0.93980988]
 [-0.0537062  -0.566227    0.8638322  -0.19421736  0.49293408  0.56933355
   0.95954672  0.85548016  0.35981787 -0.72416036  0.60173973 -0.05790652]
 [-0.93082189  0.57151934 -0.01786442 -0.09818835  0.77168396  0.64055079
   0.71944443 -0.90479305  0.77203753  0.60894171  0.32444509 -0.89661206]]
