A: 
[[-0.11371804  0.5346286  -0.46315384 -0.43500551 -0.08963888  0.14373046
  -0.87905817 -0.78148336 -0.85442011  0.38730383 -0.28769506 -0.86914168]
 [-0.07429446 -0.09777379 -0.0162446   0.42284681  0.29717134  0.04213249
  -0.03146748 -1.14885056  0.78435356 -0.50331959 -0.58231     0.65047222]
 [-0.14417081 -0.68840975  0.37699952 -0.30056531  0.62597672 -0.1612241
   0.8964411   0.83577808 -0.51644773 -0.1468828  -0.95180014 -0.43264876]
 [ 0.07263661 -0.12384924  0.44818571 -0.24251923  0.0480786  -0.33580874
  -0.04251791  0.96330244  0.38686559 -0.45261708 -0.36262958 -0.3865519 ]
 [-0.17567898  0.14823578 -0.13488356 -0.19391871 -0.48151884 -0.05901777
  -0.05851822  0.93841583  0.1338978   0.26495841 -0.00630773  0.49069857]
 [-0.05226976 -0.2914849   0.5531549   0.52346272  0.387982   -0.3904245
  -0.1139579  -0.54211618  0.45133445 -0.27864017 -0.36048819  0.84948271]
 [-0.24839668  0.04985767 -0.32992203  0.82102302 -0.5842547   0.15755965
   0.24826502 -0.32469661  0.30150313 -0.17638724  0.62872713  0.43331684]
 [ 1.05221119  0.34419176  0.10893498  0.17035507 -0.54683204  0.34433342
   0.16143865  0.56525255  0.48917524 -0.93823687 -0.7533699  -0.52365729]
 [ 0.10708036  0.19814116  0.32305028  0.29190451 -0.16279704 -0.30423239
  -0.62730695 -0.17115322  0.38153693  0.34999933 -0.5981338   0.88914533]
 [-1.36606386 -0.19938528 -0.4160807   0.36324011 -0.46414375 -0.31171069
   0.07837934  0.34751752  0.52251508 -0.95023965 -0.95684235 -0.34147091]] 
x segnato:[[-0.76277484]
 [ 0.85881427]
 [ 0.44509594]
 [ 0.47663864]
 [-0.82848958]
 [ 0.10127065]
 [ 0.43988427]
 [-0.50725567]
 [ 0.        ]
 [ 0.        ]
 [ 0.        ]
 [ 0.        ]]
Matrici Hi 

[[-0.80843066  0.14584052 -0.02562753  0.30046624 -0.47192107 -0.48917357
  -0.68626178  0.16371168 -0.217619   -0.78269494  0.56378798  0.67524113]
 [-0.18499995 -0.01076499  0.13433043 -0.23016757  0.03061704 -0.23221799
  -0.22402856  0.39061452 -0.87439516  0.21398764 -0.09561637  0.03140214]
 [-0.19893783  0.17587347  0.16251422  0.51976462 -0.38490761 -0.31896961
  -0.54935375 -0.14830537 -0.01053353 -0.75224045 -0.31015707 -0.70254554]
 [-0.01552297  0.1756727   0.39379462  0.02766055 -0.37778818 -0.45159259
  -0.5653509   0.82778244  0.69586586  0.14632297  0.49613385  0.49448826]
 [ 0.29830785 -0.04133488 -0.12160338  0.70934205 -0.15291755  0.31908795
   0.44504756 -0.67409709  0.71157765  0.3473874  -0.03837939 -0.46414524]
 [-0.18777357 -0.07045307 -0.20065565 -0.19294184  0.05543012  0.09938385
   0.19906655  0.09218244 -0.6620223  -0.49460522  0.30358231 -0.55041556]
 [-0.15504358 -0.015883   -0.4641323  -0.1099284   0.05100913  0.34396708
   0.31752494 -0.3862901  -0.90372122 -0.86387107 -0.64695312 -0.7995149 ]
 [-0.60587922  0.05008881 -0.45567799 -0.65732493  0.41071216  0.05177502
  -0.34630411 -0.63347631  0.55502531 -0.11403802  0.15836386  0.97515082]
 [-0.217619   -0.87439516 -0.01053353  0.69586586  0.71157765 -0.6620223
  -0.90372122  0.55502531 -0.22613598 -0.00928278 -0.05824383 -0.15926104]
 [-0.78269494  0.21398764 -0.75224045  0.14632297  0.3473874  -0.49460522
  -0.86387107 -0.11403802  0.2711616   0.17786088 -0.37818253 -0.8723742 ]
 [ 0.56378798 -0.09561637 -0.31015707  0.49613385 -0.03837939  0.30358231
  -0.64695312  0.15836386 -0.39906016 -0.26951408 -0.59909788 -0.75861244]
 [ 0.67524113  0.03140214 -0.70254554  0.49448826 -0.46414524 -0.55041556
  -0.7995149   0.97515082  0.41259499 -0.75968507  0.67016169 -0.33394248]]

[[ 0.79995017  0.01730165 -0.0297971  -0.32348209  0.26540686  0.46534959
   0.45803404 -0.05860431 -0.68503082 -0.7611735   0.75388158  0.53768545]
 [ 0.10989661  0.25796794 -0.16429166 -0.43943477 -0.00586966  0.09810885
  -0.34999879 -0.03370899 -0.20716559 -0.98714154 -0.82115774 -0.38036714]
 [ 0.57702578 -0.01072176 -0.40123877  0.08328751  0.05084034  0.70187835
   0.77496297 -0.49362071  0.92528648 -0.0109251   0.59137511 -0.44903987]
 [ 0.41581404 -0.03083764 -0.38998192 -0.38194136  0.02041411  0.58617228
   0.76550087  0.30369117  0.25735905 -0.88849934  0.71999472 -0.18729093]
 [-0.16541086 -0.19105164  0.21426729  0.6023239  -0.04042471 -0.19427478
   0.1094585  -0.21404579  0.86741847  0.84651694 -0.7583547  -0.77931092]
 [-0.11334729 -0.08488236  0.40492502 -0.08664422  0.10264459 -0.40446329
  -0.29001982  0.43822598  0.09943315 -0.300853   -0.4474693   0.33714904]
 [-0.13086888 -0.48978637  0.65159093  0.43696933  0.19020991 -0.46556426
   0.356532    0.57418863 -0.72823559  0.65444223 -0.59944334 -0.05975197]
 [ 0.21244328 -0.08361012  0.06242183  0.14986649  0.17468017  0.10658122
   0.18460344 -0.35351723 -0.094953    0.11845955  0.72811737  0.71151192]
 [-0.68503082 -0.20716559  0.92528648  0.25735905  0.86741847  0.09943315
  -0.72823559 -0.094953    0.72867158  0.9576293  -0.60449737  0.63157385]
 [-0.7611735  -0.98714154 -0.0109251  -0.88849934  0.84651694 -0.300853
   0.65444223  0.11845955 -0.19702968 -0.97034933  0.45547503  0.7681356 ]
 [ 0.75388158 -0.82115774  0.59137511  0.71999472 -0.7583547  -0.4474693
  -0.59944334  0.72811737  0.17537702  0.28705045 -0.61706492  0.83000673]
 [ 0.53768545 -0.38036714 -0.44903987 -0.18729093 -0.77931092  0.33714904
  -0.05975197  0.71151192 -0.82895662  0.63265807 -0.76837937  0.85834087]]

[[ 0.0877067   0.10978498 -0.15192302 -0.20306715 -0.13094585  0.13351187
   0.03502397  0.24304232 -0.35158016  0.39428228  0.37919025  0.80697664]
 [ 0.24050197 -0.24870529  0.49791606  0.04632301  0.50664124 -0.20799339
   0.03177348 -0.19756755  0.86257254  0.1136135   0.79716712 -0.81401222]
 [ 0.23663818  0.20748227 -0.49074868  0.16653585 -0.54635225  0.49086058
   0.42003661  0.15754371  0.0030063  -0.31301023  0.36043243  0.2118189 ]
 [ 1.1988094   0.19991858  0.0889391  -0.28186452  0.24214478  0.5129028
   0.2126303  -0.28691913  0.04137062 -0.55013067  0.86864465  0.36334369]
 [-0.84096958  0.22587906 -0.48096575  0.11590079 -0.82553584 -0.14190327
  -0.26428719  0.66194585  0.05478063 -0.53412792 -0.67615566 -0.5902113 ]
 [-0.24066152 -0.01940359  0.16718081 -0.2912713   0.21809878 -0.28459075
  -0.38129978  0.08012112  0.31551667 -0.26677593 -0.75920419 -0.90365965]
 [-0.35845039  0.34638386 -0.61409756 -0.45238286 -0.37734588  0.20081689
  -0.28857819  0.154665   -0.48897371 -0.77500905 -0.4299496  -0.25469006]
 [-0.11469758 -0.06439202 -0.59778229  0.16722293 -0.08325858  0.51380319
   0.63591103 -0.49720823 -0.1367561  -0.36401779 -0.44644666  0.08676562]
 [-0.35158016  0.86257254  0.0030063   0.04137062  0.05478063  0.31551667
  -0.48897371 -0.1367561   0.52949381  0.85872865  0.38156392 -0.46552246]
 [ 0.39428228  0.1136135  -0.31301023 -0.55013067 -0.53412792 -0.26677593
  -0.77500905 -0.36401779 -0.35483934 -0.43957708  0.79890315 -0.88420282]
 [ 0.37919025  0.79716712  0.36043243  0.86864465 -0.67615566 -0.75920419
  -0.4299496  -0.44644666 -0.01182016 -0.89859352 -0.45957683 -0.40613417]
 [ 0.80697664 -0.81401222  0.2118189   0.36334369 -0.5902113  -0.90365965
  -0.25469006  0.08676562  0.15859122 -0.73061047 -0.29581052  0.64935657]]

[[-0.14832261 -0.21218005  0.29056204  0.01962121  0.11809623 -0.2666087
   0.07612001  0.41069818  0.11875469 -0.86167804 -0.32901177 -0.36689913]
 [-0.45630053 -0.01724103 -0.14771207  0.09106467  0.02828561 -0.10707884
  -0.19559876 -0.38898088 -0.06933109  0.33535052 -0.36640634 -0.33211334]
 [ 0.38694222  0.00656224  0.33755411 -0.40757039  0.35196834 -0.0995958
  -0.19517474  0.15803914 -0.40829896  0.98071305 -0.61888065  0.21569649]
 [ 0.03964344 -0.17147853  0.32108932 -0.4921607   0.59747577 -0.20596964
  -0.14428534  0.02246194 -0.84040263 -0.96294591  0.53292871  0.73080907]
 [ 0.23407684  0.085299   -0.09578565 -0.22430559 -0.28462564  0.1644897
   0.25100229  0.7720631   0.88188047  0.66047946  0.70845169 -0.89511513]
 [-0.25994833 -0.12217521 -0.0843461   0.32027335 -0.25429632 -0.01993009
   0.29865414  0.26242175  0.03897211  0.01851372  0.45361045 -0.06630412]
 [ 0.51574673 -0.15488373  0.30091548  0.34774544 -0.18893462  0.07473672
   0.57357966  0.64635085  0.01436387 -0.34507923 -0.92562661 -0.85185717]
 [ 0.74094106  0.06210621  0.44374183  0.6860498   0.0637829   0.01676097
  -0.11021729 -0.76525369  0.31096706 -0.92886765  0.68472716  0.69691509]
 [ 0.11875469 -0.06933109 -0.40829896 -0.84040263  0.88188047  0.03897211
   0.01436387  0.31096706  0.37832067  0.44498529  0.91399547 -0.73482064]
 [-0.86167804  0.33535052  0.98071305 -0.96294591  0.66047946  0.01851372
  -0.34507923 -0.92886765  0.83803862 -0.20620044  0.3398024   0.67643736]
 [-0.32901177 -0.36640634 -0.61888065  0.53292871  0.70845169  0.45361045
  -0.92562661  0.68472716  0.501068    0.17214437 -0.82977102  0.14668861]
 [-0.36689913 -0.33211334  0.21569649  0.73080907 -0.89511513 -0.06630412
  -0.85185717  0.69691509 -0.86681843 -0.58920555  0.58329305 -0.50059533]]

[[ 0.30645331 -0.16056945  0.60060169  1.02044123  0.1935931  -0.26780771
  -0.14685098 -1.01137112 -0.21088644  0.47345202  0.61093596 -0.92658443]
 [-0.29286533 -0.15721637 -0.14214765 -0.11099207  0.27739013  0.03242844
   0.1360332  -0.32598476  0.49527136 -0.79229025  0.2768833  -0.23864658]
 [ 0.51041108 -0.16946472  0.59364859  0.74608773 -0.1333662  -0.1717687
   0.26507839  0.22369414 -0.9805969   0.34624746 -0.70808639 -0.11850384]
 [-0.27976544  0.12890072 -0.55850529  0.20435167 -0.64185381  0.29087128
   0.3403884   0.34157685  0.95071584  0.34123799  0.99106768 -0.93727018]
 [ 0.65239244 -0.02039974  0.66012899  0.09268082  0.35007154 -0.21579531
  -0.27371345 -0.17667136 -0.84674826  0.7122531  -0.74625679  0.12990112]
 [-0.17473132  0.12876731 -0.15452553 -0.06300164  0.11637608  0.0001356
  -0.37286565 -0.64434056  0.82048084 -0.93699933 -0.910873   -0.74680081]
 [ 0.12666814  0.41382523 -0.06951268  0.29190856 -0.5567239  -0.02863623
  -0.55133726 -0.08835797  0.87744149  0.27255364  0.02511331  0.70964585]
 [ 0.07129431  0.01439193  0.26992358  0.61321282 -0.56762008 -0.2120738
   0.05421781  0.65268238 -0.57188259 -0.765511   -0.08804616  0.08775794]
 [-0.21088644  0.49527136 -0.9805969   0.95071584 -0.84674826  0.82048084
   0.87744149 -0.57188259  0.03326648 -0.37881042  0.24021331 -0.96682194]
 [ 0.47345202 -0.79229025  0.34624746  0.34123799  0.7122531  -0.93699933
   0.27255364 -0.765511   -0.7508955   0.45775081 -0.13081856  0.79125598]
 [ 0.61093596  0.2768833  -0.70808639  0.99106768 -0.74625679 -0.910873
   0.02511331 -0.08804616  0.73390696 -0.13759788 -0.21737338  0.32685441]
 [-0.92658443 -0.23864658 -0.11850384 -0.93727018  0.12990112 -0.74680081
   0.70964585  0.08775794 -0.67608978 -0.83129588  0.53099132  0.66912138]]

[[-0.1493127   0.1838882  -0.18684158  0.33753576 -0.15440037  0.02981992
  -0.34073305 -0.75643444 -0.31482969 -0.0609818  -0.55427645 -0.73505584]
 [ 0.47313113 -0.08214771  0.20221623  0.29737763  0.08470657  0.12551855
   0.28979803 -0.18635897 -0.29547551 -0.83145021 -0.69491942  0.80130263]
 [-0.51062493  0.04268097 -0.3825574  -0.58287228  0.29122088  0.03826094
  -0.25745694 -0.36047653 -0.70437628  0.66650308 -0.44557842  0.36343599]
 [-0.39611827 -0.09264318 -0.04098085  0.14492139  0.01586713 -0.14232207
  -0.05926417 -0.16112999  0.27076866 -0.17072026 -0.8970974  -0.88786713]
 [ 0.22343083  0.28048679 -0.15781387 -0.40000903 -0.11143389  0.14428671
  -0.26600286  0.13302711  0.56710741  0.2663762   0.7244815   0.86833636]
 [ 0.20618016  0.10205979  0.16496508  0.60494816 -0.38977828 -0.06431225
  -0.07400083 -0.02370047  0.0035458   0.21186894  0.06338863 -0.52469267]
 [-0.90837395  0.14038598 -0.19402744  0.27025408 -0.51633239 -0.39133478
  -0.56719461  0.14871542  0.52264809 -0.03270353  0.29784155 -0.47224214]
 [-1.49324654 -0.26549161 -0.41134651 -0.42354684  0.29698434 -0.36395227
  -0.23372485 -0.13668204 -0.32900838  0.31237372 -0.53613968 -0.10715643]
 [-0.31482969 -0.29547551 -0.70437628  0.27076866  0.56710741  0.0035458
   0.52264809 -0.32900838 -0.58426933 -0.1262756   0.7215924   0.43235925]
 [-0.0609818  -0.83145021  0.66650308 -0.17072026  0.2663762   0.21186894
  -0.03270353  0.31237372  0.02092509  0.41134755 -0.26306426 -0.95499808]
 [-0.55427645 -0.69491942 -0.44557842 -0.8970974   0.7244815   0.06338863
   0.29784155 -0.53613968 -0.0191747   0.90973965  0.89686093  0.02164593]
 [-0.73505584  0.80130263  0.36343599 -0.88786713  0.86833636 -0.52469267
  -0.47224214 -0.10715643 -0.54101094  0.4967993   0.39879529  0.75140386]]

[[-0.13533799 -0.4352414   0.21833027 -1.00830068  1.04235474 -0.11586056
   0.2503436   0.20673195 -0.14934884 -0.44993469  0.35656814 -0.73696452]
 [ 0.40749993  0.06664202  0.14137405 -0.48685072  0.23151442  0.0614613
  -0.06975538  0.24651504  0.15795041  0.19502592 -0.0864371  -0.45586378]
 [-0.45455333 -0.62632924  0.26849088  0.14195914  0.59284195 -0.23865157
   0.57791343 -0.04955115  0.31625246 -0.20111762  0.43588429 -0.91037997]
 [-0.03165138 -0.19624778  0.15806836 -0.34723679  0.63737206 -0.07815898
  -0.03278784 -0.40160653  0.3796462   0.37819848 -0.73908732  0.39851044]
 [-0.3136613  -0.11395877  0.05724077  0.70489003 -0.18855737 -0.16274697
   0.02795908 -0.3658719  -0.79378001 -0.88639644 -0.30762534 -0.05856661]
 [ 0.17831432  0.2951734  -0.1671195  -0.49957378 -0.02789136  0.12157907
  -0.36713008  0.03591352 -0.3299917  -0.07911992  0.57168473 -0.36602584]
 [-0.50058245  0.16046016 -0.47531452 -0.07840831 -0.27292538  0.08340938
  -0.16935808 -0.13597046 -0.97142435  0.9079127  -0.10269245 -0.74301707]
 [-0.57276827 -0.25554189 -0.39367872 -0.10985008 -0.27715     0.11825413
   0.73014034  0.91045135  0.1101511   0.80530127 -0.80289892  0.87495978]
 [-0.14934884  0.15795041  0.31625246  0.3796462  -0.79378001 -0.3299917
  -0.97142435  0.1101511  -0.87782719 -0.22218645 -0.21568017 -0.0914308 ]
 [-0.44993469  0.19502592 -0.20111762  0.37819848 -0.88639644 -0.07911992
   0.9079127   0.80530127 -0.70744308  0.12695149 -0.45638159 -0.90733528]
 [ 0.35656814 -0.0864371   0.43588429 -0.73908732 -0.30762534  0.57168473
  -0.10269245 -0.80289892 -0.32177225  0.02885168 -0.23417034 -0.13303906]
 [-0.73696452 -0.45586378 -0.91037997  0.39851044 -0.05856661 -0.36602584
  -0.74301707  0.87495978 -0.30440116 -0.41935789 -0.33350697  0.61150807]]

[[-0.67964908 -0.07536005 -0.6197529   0.18694991 -0.0750571   0.22376321
   0.25207875 -0.64680924 -0.42777283  0.51088023  0.77896316 -0.35870538]
 [-0.07172091  0.03504523 -0.00098719  0.24939303 -0.05678487 -0.04317176
  -0.13266597 -0.33332694 -0.86081554 -0.68563795 -0.92332144  0.69257618]
 [-0.61141633 -0.05681593 -0.44019321  0.12366735 -0.11224669  0.08513752
   0.12781094 -0.32305664  0.91418275 -0.60676856  0.20880278 -0.90775843]
 [-0.1473703   0.37556203 -0.43822772 -0.41055502 -0.34453513  0.14950603
  -0.38349689  0.15433875 -0.92740451  0.6421294  -0.97485262 -0.2988258 ]
 [ 0.31474275 -0.03932698  0.15050147  0.09166558  0.11394965  0.06098091
   0.11797613 -0.11917322 -0.78122094 -0.59577003 -0.5963431  -0.15126527]
 [ 0.21738111  0.01277423  0.04648597 -0.11512072  0.07169205  0.07197535
   0.05946163  0.05959117 -0.0891677  -0.52857604  0.44040243  0.42689639]
 [ 0.03593919 -0.11082111 -0.11139927 -0.59055203  0.1528729   0.14320235
   0.37216227  0.67574433  0.63654772  0.90941175  0.66413833  0.2424422 ]
 [-1.06382901 -0.61768943 -0.22343543 -0.00223283  0.25599004 -0.15112912
   0.76082434  0.3662828   0.23665448 -0.4085439   0.82788034 -0.39405355]
 [-0.42777283 -0.86081554  0.91418275 -0.92740451 -0.78122094 -0.0891677
   0.63654772  0.23665448 -0.23291087  0.76630561  0.15029068  0.11545234]
 [ 0.51088023 -0.68563795 -0.60676856  0.6421294  -0.59577003 -0.52857604
   0.90941175 -0.4085439  -0.70504506 -0.23628944 -0.58067107  0.27923229]
 [ 0.77896316 -0.92332144  0.20880278 -0.97485262 -0.5963431   0.44040243
   0.66413833  0.82788034  0.97051243 -0.95827032 -0.80354299 -0.76410841]
 [-0.35870538  0.69257618 -0.90775843 -0.2988258  -0.15126527  0.42689639
   0.2424422  -0.39405355  0.71051921  0.11871095  0.06363102  0.41322709]]

[[-1.13865495 -0.60599955  0.18723665  0.53027629  0.41960269 -0.54357642
   0.14947762 -0.47310335 -0.64605799  0.02831676  0.17352025  0.14684901]
 [-0.21443732 -0.17337734  0.02991966  0.20139923  0.06186439 -0.07195389
   0.17703081 -0.0745936   0.64175312 -0.71331904  0.09513542  0.45995803]
 [-0.71143883 -0.18102016 -0.18150281 -0.38149923  0.38354053 -0.1639093
  -0.11779796 -0.23091586  0.54716771  0.58152596  0.06963947 -0.26567811]
 [-0.33067237  0.08933509 -0.47072346 -0.64725822  0.60594146  0.21443327
  -0.34350136 -1.15999878 -0.81847325 -0.84508004  0.58624679 -0.43245025]
 [-0.28951472 -0.07676028  0.00929538  0.27111648 -0.33699773 -0.14531625
   0.13794904  0.51340241 -0.41036038  0.04649497 -0.63035251  0.61686976]
 [ 0.06914747 -0.10787892  0.23973806  0.55684269 -0.1292486  -0.12325713
   0.11794953 -0.05374903 -0.03256105  0.08267071  0.43532801  0.09245548]
 [ 0.52142444  0.16918889  0.27673546  0.15147474 -0.04259883 -0.02046211
  -0.26216163 -0.14635765 -0.07441631  0.36209042  0.18558228  0.59585339]
 [ 0.77608985  0.14976067  0.48291485 -0.37620772  0.18534845 -0.07463491
  -0.28614325  0.39443369  0.84567119  0.31712566  0.20486213  0.26750609]
 [-0.64605799  0.64175312  0.54716771 -0.81847325 -0.41036038 -0.03256105
  -0.07441631  0.84567119  0.87012852  0.03867092  0.88064586  0.8301765 ]
 [ 0.02831676 -0.71331904  0.58152596 -0.84508004  0.04649497  0.08267071
   0.36209042  0.31712566 -0.57953439 -0.04277729  0.59832597 -0.19060772]
 [ 0.17352025  0.09513542  0.06963947  0.58624679 -0.63035251  0.43532801
   0.18558228  0.20486213 -0.43955032  0.5207623  -0.56612169 -0.29961843]
 [ 0.14684901  0.45995803 -0.26567811 -0.43245025  0.61686976  0.09245548
   0.59585339  0.26750609  0.11325357  0.38635932 -0.74782391 -0.02394107]]

[[ 1.03595413 -0.32817883  0.83908468 -0.40668181  0.84935651 -0.05380981
   0.36108193  0.32083179 -0.3970994  -0.39906905 -0.71619363  0.59349329]
 [ 0.50078368 -0.11018799  0.26405965  0.13394107  0.05149063  0.08526494
   0.36323482  0.26373511  0.07748383 -0.26680302 -0.36875358  0.47756909]
 [ 0.14799085  0.02822212  0.00167551 -0.10819875  0.20620797  0.07533214
  -0.07345059 -0.35767515  0.50430193  0.84469719 -0.04012118  0.83965752]
 [ 0.23524792  0.17062875  0.01008859  0.11135252  0.02891777  0.06618541
  -0.28165912 -0.56240128  0.00089614  0.26492678 -0.78592055  0.15083947]
 [-0.39721503  0.09895683 -0.09945162 -0.40756919  0.00069322 -0.18500935
  -0.40519911  0.22422839  0.505215   -0.50128712  0.60414623  0.21176184]
 [ 0.25190784 -0.15670919  0.36656171 -0.19006448  0.26704833 -0.13605256
   0.10516857  0.39686482  0.80012406  0.79142032 -0.6249722   0.59236426]
 [-0.36831861 -0.08069585  0.03890442 -0.3003801   0.32237897 -0.21099574
  -0.27505052 -0.16049598 -0.78747332  0.51580219 -0.51865798  0.73630737]
 [-0.1998874  -0.27898009 -0.21154137  0.31904165  0.19163933  0.20845606
   0.56906719 -0.54806226 -0.29386649 -0.54595679  0.72484199  0.73364969]
 [-0.3970994   0.07748383  0.50430193  0.00089614  0.505215    0.80012406
  -0.78747332 -0.29386649 -0.04158882  0.46889267  0.62103574  0.75073749]
 [-0.39906905 -0.26680302  0.84469719  0.26492678 -0.50128712  0.79142032
   0.51580219 -0.54595679 -0.3936012  -0.54705713  0.31575387  0.38735456]
 [-0.71619363 -0.36875358 -0.04012118 -0.78592055  0.60414623 -0.6249722
  -0.51865798  0.72484199  0.63955933 -0.04168898 -0.08372757 -0.6006595 ]
 [ 0.59349329  0.47756909  0.83965752  0.15083947  0.21176184  0.59236426
   0.73630737  0.73364969 -0.04969009  0.18147056  0.83916106 -0.38740965]]
