A: 
[[ 0.47843158 -0.80041181 -0.62527167 -0.36701898 -0.03391176 -0.31098744
  -0.24581186 -0.49894648  0.14852487 -0.89137771 -0.96563675  0.80891603]
 [ 0.35916311 -0.31933929  0.01727372 -0.39364605 -0.18399953  0.37903894
   0.41947669  0.244829   -0.37972736 -0.32782576 -0.22067469  0.63749435]
 [-0.54684203  0.15100823  0.25206643 -0.28007484  0.6876906  -0.21980719
   0.34433772  1.06565623 -0.02214976 -0.45223375 -0.65291714 -0.3553829 ]
 [ 0.3921662   0.06872247  0.48087085 -0.0290177  -0.69477958  0.43158482
   0.02253816  0.11236859  0.78726313  0.88736021 -0.8373619   0.34053311]
 [-0.00018999  0.3048953   0.19169794  0.00209944 -0.07533899  0.22232655
   0.01812075 -0.01369228 -0.84423879 -0.97864993  0.28095699  0.77205838]
 [-0.64429276  0.13894034  0.37508597  0.88933433 -0.07532362 -0.78029384
  -0.49732027  0.3850991  -0.41165286 -0.99876758 -0.40770106  0.02196996]
 [-0.26876567  0.43198662  0.0274424   0.70978923 -0.14520604 -0.21360666
  -0.48047402 -0.58800463  0.01125022 -0.55171979  0.56962948 -0.34876848]
 [-0.16783874 -0.01174967 -0.45303735 -0.51848727  0.79677917 -0.39981486
  -0.22614342 -0.12203875 -0.4974924   0.40649295  0.99168591 -0.09386732]
 [ 0.30026721 -0.14407489  0.43399403 -0.06700734 -0.5665266   0.01760123
  -0.21066058  0.28153429  0.37391099 -0.53052757  0.3229913   0.94255421]
 [ 0.40007988  0.536191    0.10803304 -1.18873861  0.34039037  0.20682771
  -0.53058589 -0.23370912 -0.46046756  0.71150681 -0.06948538 -0.8875841 ]] 
x segnato:[[-0.60399369]
 [ 0.54314608]
 [-0.08636857]
 [-0.92652287]
 [ 0.86930208]
 [ 0.88965069]
 [-0.4881508 ]
 [ 0.53353623]
 [ 0.        ]
 [ 0.        ]
 [ 0.        ]
 [ 0.        ]]
Matrici Hi 

[[-0.25061913  0.02170584 -0.19830169  0.25838351  0.2225938  -0.4210968
  -0.31712256 -0.22948809 -0.86575105  0.74395694  0.95054462 -0.66715611]
 [ 0.16408037  0.20248933  0.58684255 -0.00838527 -0.48565003  0.75042793
   0.63164479  0.56735626 -0.96626576 -0.86915781 -0.54440424  0.0247438 ]
 [-0.06944191 -0.44133112  0.27818245  0.60901248 -0.54589488 -0.35917
  -0.08343392  0.39720358 -0.81565036  0.73083556  0.36038354 -0.56722033]
 [ 0.11464496  0.30074352  0.58160141 -0.06798458 -0.38548019  0.23783781
  -0.08338699  0.34298443  0.39779349  0.65024837 -0.29283959  0.1753364 ]
 [ 0.27696417  0.0526968  -0.25459911 -0.61373799  0.26044666  0.61674241
   0.53091624 -0.13579591 -0.49178266 -0.64434735 -0.72500661  0.34188392]
 [ 0.37608526  0.28863385  0.44682903 -0.44418377 -0.35561036  0.28159394
  -0.2919874   0.04998491 -0.63490517 -0.00377952  0.46490705  0.75734304]
 [ 0.66452119  0.09968417  0.21038406 -0.90760437 -0.26090403  0.17029827
  -0.56564084 -0.22081117 -0.42787     0.43087429 -0.73785649  0.25982146]
 [ 0.20521276 -0.87006117 -0.19592917  0.20820154 -0.36971041 -0.66721665
  -0.39772905  0.00147717  0.50679855  0.21178376  0.99000678  0.6098529 ]
 [-0.86575105 -0.96626576 -0.81565036  0.39779349 -0.49178266 -0.63490517
  -0.42787     0.50679855 -0.52611367 -0.69915863  0.44095484  0.90848593]
 [ 0.74395694 -0.86915781  0.73083556  0.65024837 -0.64434735 -0.00377952
   0.43087429  0.21178376 -0.2008913   0.23531619 -0.78844212  0.75296594]
 [ 0.95054462 -0.54440424  0.36038354 -0.29283959 -0.72500661  0.46490705
  -0.73785649  0.99000678  0.76658248 -0.51955632 -0.04637158 -0.2281302 ]
 [-0.66715611  0.0247438  -0.56722033  0.1753364   0.34188392  0.75734304
   0.25982146  0.6098529   0.58073844 -0.55451928 -0.8265688  -0.07907209]]

[[ 0.12988704 -0.50795071 -0.39386027 -0.55373345  0.3991157   0.0083296
   0.4161776   0.24991578  0.02449936  0.64232895 -0.03352644  0.38296449]
 [-0.04253474 -0.05504285 -0.357232   -0.21852729  0.38978837 -0.36497161
  -0.35794887 -0.32693175  0.87344356 -0.97485045 -0.77930745 -0.71110346]
 [ 0.19731526 -0.17881015 -0.61894469 -0.29938637  0.31133265 -0.07048382
  -0.1503152  -0.69774928 -0.67485564 -0.84806679 -0.56583337 -0.931241  ]
 [ 0.15114613  0.47178825  0.05048213  0.37037456 -0.39970804  0.27928394
  -0.33920027 -0.81978816  0.55032077  0.05964582  0.0804647   0.18367484]
 [-0.36871493  0.36000204  0.7299477   0.53958235 -0.32650276 -0.19745936
  -0.20205958  0.62304921  0.81504356 -0.59291134  0.32847352  0.17479537]
 [ 0.09438959 -0.24260013 -0.51790291  0.02409498  0.14651606 -0.06317412
  -0.00131658 -0.5486769  -0.09780433 -0.88166615 -0.6683065   0.25238245]
 [-0.02585409  0.30083022  0.12870338  0.89624842 -0.61585235  0.19534899
  -0.15327548 -0.63352694  0.65672013 -0.93279335  0.56023284 -0.30795977]
 [ 0.03289146  0.21708874 -0.00492772  0.50481928 -0.3522535   0.10498069
  -0.20414892 -0.58050085 -0.76718508 -0.61020089  0.80074183 -0.75749747]
 [ 0.02449936  0.87344356 -0.67485564  0.55032077  0.81504356 -0.09780433
   0.65672013 -0.76718508 -0.68249    -0.63247592  0.98087475  0.90727371]
 [ 0.64232895 -0.97485045 -0.84806679  0.05964582 -0.59291134 -0.88166615
  -0.93279335 -0.61020089  0.90262152  0.81486196 -0.69530952 -0.51265093]
 [-0.03352644 -0.77930745 -0.56583337  0.0804647   0.32847352 -0.6683065
   0.56023284  0.80074183  0.65403237  0.10270857 -0.99164269 -0.62705439]
 [ 0.38296449 -0.71110346 -0.931241    0.18367484  0.17479537  0.25238245
  -0.30795977 -0.75749747  0.69129232 -0.82925533 -0.14679918 -0.66902572]]

[[-0.1475198   0.26610079  0.21167677  0.23521386 -0.07852325  0.21886454
   0.2022154   0.12990505 -0.218576    0.42345641 -0.58199619 -0.90270884]
 [-0.31504118 -0.0922499  -0.17600544  0.47433864  0.13079905 -0.19354689
   0.14654815 -0.01511052  0.38176682  0.53236064  0.62789967 -0.60568254]
 [-0.15460824 -0.05913921  0.23937972 -0.11801074  0.11413397 -0.01748214
   0.26810117  0.66597902  0.30113972  0.54478517 -0.85800592  0.81310079]
 [ 0.33515059 -1.03894554 -0.44867975  0.14564338 -0.3387108  -0.14722936
   0.30283256 -0.05248261 -0.19081063  0.78795492  0.68225451 -0.61720855]
 [-0.00437607  0.41630361 -0.09274438 -0.24615192  0.26499936 -0.17332069
  -0.58324042 -0.49223953 -0.09976306 -0.41545179  0.79326194 -0.82632163]
 [-0.20508667 -0.20010979  0.21398575  0.33554762 -0.14428455 -0.48077559
  -0.24884073  0.37920223 -0.78046682 -0.95381895 -0.78708125 -0.22649598]
 [ 0.14804286 -0.34167493  0.2714838  -0.33917768 -0.14868451 -0.73343089
  -0.79637194  0.38982587 -0.81463013 -0.86337656 -0.59648175 -0.99993477]
 [ 0.08851457  0.20344155  0.5463101  -0.98939471  0.26874082 -0.25381105
  -0.45093003  0.82963997 -0.86047983 -0.93718767  0.45683627 -0.50039001]
 [-0.218576    0.38176682  0.30113972 -0.19081063 -0.09976306 -0.78046682
  -0.81463013 -0.86047983  0.99494426  0.76358476 -0.61116802 -0.13940985]
 [ 0.42345641  0.53236064  0.54478517  0.78795492 -0.41545179 -0.95381895
  -0.86337656 -0.93718767 -0.09465359  0.8788015   0.87130397  0.62242956]
 [-0.58199619  0.62789967 -0.85800592  0.68225451  0.79326194 -0.78708125
  -0.59648175  0.45683627 -0.82003545  0.08025754  0.47761021  0.29481795]
 [-0.90270884 -0.60568254  0.81310079 -0.61720855 -0.82632163 -0.22649598
  -0.99993477 -0.50039001 -0.22801092  0.39209655 -0.55001283  0.16612273]]

[[ 0.07482537 -0.24287257 -0.29781154 -0.26962722  0.24854206  0.29468492
   0.57547095  0.09483974 -0.64091128 -0.05633291  0.58849288 -0.14806748]
 [-0.19832743  0.4224755   0.03744314  0.24615143  0.07805669 -0.33598576
  -0.64286395 -0.42824433  0.12292374  0.60701782  0.58737943 -0.81310707]
 [-0.19366239  0.21927276  0.13167822  0.71443644 -0.31539481 -0.11591664
  -0.24185635 -0.29729508 -0.82723179 -0.87684537 -0.1486983   0.68260029]
 [-0.3793218   0.81720758  0.37372638  0.55546375 -0.0711348  -0.15397575
  -0.57917748 -0.30279826  0.81836162  0.60623148  0.44041736  0.41166514]
 [ 0.25281527 -0.36233807  0.00764926 -0.44720982 -0.03587729 -0.2090121
  -0.18936735  0.22530188  0.03539906  0.47319552  0.73555472 -0.50329458]
 [-0.41270545 -0.35363433 -0.55773847  0.16593614  0.64489665 -0.21528155
   0.54243867  0.15160059  0.56780464  0.74021293  0.32031059  0.00983876]
 [-0.40626012 -0.71084788 -0.46697494  0.26636321  0.47735745 -0.33854993
   0.69034325  0.53709791  0.70081733 -0.83406476  0.14992701  0.26163689]
 [-0.06339497 -0.51214127  0.09590827  0.72669148 -0.53183479 -0.21140059
   0.14902085  0.23284808 -0.17277605 -0.69657071 -0.65214056 -0.15891263]
 [-0.64091128  0.12292374 -0.82723179  0.81836162  0.03539906  0.56780464
   0.70081733 -0.17277605  0.78823159 -0.07955776 -0.47205189  0.74219761]
 [-0.05633291  0.60701782 -0.87684537  0.60623148  0.47319552  0.74021293
  -0.83406476 -0.69657071  0.0803528   0.9040155   0.50640853  0.68899291]
 [ 0.58849288  0.58737943 -0.1486983   0.44041736  0.73555472  0.32031059
   0.14992701 -0.65214056  0.58941318 -0.46755719  0.52204097  0.75370531]
 [-0.14806748 -0.81310707  0.68260029  0.41166514 -0.50329458  0.00983876
   0.26163689 -0.15891263  0.95143528  0.6245402  -0.76452182 -0.39650832]]

[[-0.25528265  0.25437476 -0.42539503 -0.06032985  0.60749309 -0.00789675
   0.08353758 -0.37840866  0.50626436 -0.95627696  0.26919758  0.63635943]
 [ 0.08699404 -0.7002326   0.27928404 -0.24662684 -0.17401261 -0.31593319
   0.1778541   1.01831814 -0.98926985 -0.00544919 -0.09355795  0.35714827]
 [ 0.28209911 -0.25752217 -0.06356543 -0.48592404  0.01180322 -0.04712121
  -0.10259182  0.06996484 -0.72577716 -0.92054137  0.59383192 -0.1429866 ]
 [ 0.64814134 -0.42901422 -0.12820409 -0.2889214  -0.51597065  0.40650244
   0.15305145 -0.31022077  0.51081071 -0.86552246 -0.56088594 -0.66212874]
 [-0.2940714   0.06015204  0.64156197  0.51215145 -0.37603987 -0.27172462
  -0.11403652  0.72315265  0.01059561  0.65080545 -0.72596186 -0.36525641]
 [ 0.15909487 -0.5714615  -0.13233733 -0.36967597  0.08335773  0.00874705
   0.41180988  0.47822919  0.07224226 -0.56632579  0.91801673  0.48259001]
 [ 0.35817712 -0.37493534  0.14077002 -0.14875408 -0.4284539   0.2445822
   0.24790505  0.24435837 -0.81945517 -0.9890697   0.93065783 -0.25776032]
 [ 0.29227411  0.11046781  0.28808802 -0.19797119 -0.35725492  0.05260999
  -0.37477613 -0.07196168  0.76237629 -0.45559551  0.83566755 -0.0470865 ]
 [ 0.50626436 -0.98926985 -0.72577716  0.51081071  0.01059561  0.07224226
  -0.81945517  0.76237629  0.57740623 -0.8461161  -0.09742153  0.05240868]
 [-0.95627696 -0.00544919 -0.92054137 -0.86552246  0.65080545 -0.56632579
  -0.9890697  -0.45559551  0.00792412 -0.40678207  0.93968894 -0.37678747]
 [ 0.26919758 -0.09355795  0.59383192 -0.56088594 -0.72596186  0.91801673
   0.93065783  0.83566755  0.59664147  0.25493662  0.71367683 -0.2638102 ]
 [ 0.63635943  0.35714827 -0.1429866  -0.66212874 -0.36525641  0.48259001
  -0.25776032 -0.0470865   0.72323844 -0.19688806 -0.32395398 -0.37854055]]

[[ 0.11142384  0.08593077  0.36590721 -0.05659643 -0.28806123  0.21166136
   0.08095728  0.30730675  0.47038703 -0.2163857  -0.94628928  0.38330954]
 [-0.05481116  0.48987021  0.03605263 -0.05138605  0.12809078 -0.01560354
  -0.40460235 -0.39687126 -0.43108152 -0.95211199 -0.02870752  0.89775341]
 [-0.34175775  0.24094059  0.32816221  0.02356367  0.20563389 -0.45556575
  -0.3903663   0.44428012 -0.34147171 -0.90500959 -0.00825627  0.04673847]
 [-0.0516017  -0.78731443 -0.73003847 -0.35805541  0.63461646 -0.30395722
   0.4500665   0.17174272  0.26783361 -0.85772958  0.22533058 -0.92930972]
 [ 0.09824334  0.35542944 -0.10689065  0.28641288 -0.20403392  0.23446037
  -0.20809146 -0.76519952 -0.734001    0.86438489  0.0512265  -0.03265495]
 [ 0.03962551  0.45698303  0.34401351 -0.12322612 -0.10071168  0.59657973
   0.35880174  0.18261321  0.36858603  0.9428257  -0.14582544 -0.35167175]
 [-0.0428715   0.19918702  0.09811007  0.02537635  0.00876147  0.58973978
   0.66859705  0.2005806   0.1131342   0.597288    0.24017193  0.63104336]
 [-0.47770914  0.31493586  0.41582171  0.35088866  0.09920495 -0.41219152
  -0.28093099  0.48579729  0.29162069 -0.51103944 -0.88190391 -0.98304703]
 [ 0.47038703 -0.43108152 -0.34147171  0.26783361 -0.734001    0.36858603
   0.1131342   0.29162069  0.26801463 -0.36552005  0.14838283  0.32769716]
 [-0.2163857  -0.95211199 -0.90500959 -0.85772958  0.86438489  0.9428257
   0.597288   -0.51103944 -0.17647852 -0.03724557 -0.30779653  0.07912725]
 [-0.94628928 -0.02870752 -0.00825627  0.22533058  0.0512265  -0.14582544
   0.24017193 -0.88190391  0.49597984  0.42925806  0.08221944 -0.23631225]
 [ 0.38330954  0.89775341  0.04673847 -0.92930972 -0.03265495 -0.35167175
   0.63104336 -0.98304703 -0.77930429  0.38637448  0.66724383 -0.17876737]]

[[-0.34146293  0.13147441  0.17540978  0.27811943  0.11275016 -0.30089462
  -0.12917694  0.2833774   0.46549288  0.67560659  0.41047567  0.15727441]
 [-0.11019591  0.60543658  0.16998323 -0.46468097  0.4070631  -0.00453832
  -0.34302346 -0.0071967  -0.6637403   0.54946182 -0.5904231  -0.40952137]
 [ 0.074747   -0.27593803 -0.33141661 -0.47224914  0.38498881 -0.5174081
  -0.46146741 -0.12994127 -0.25342386 -0.71550302 -0.54459941  0.8887064 ]
 [ 0.37595277 -0.67645357 -0.51778604 -0.78030572  0.3190524  -0.13342654
   0.09623579 -0.00651445 -0.75328743 -0.97212505 -0.73857327 -0.03343138]
 [ 0.07569671  0.53072563  0.35936405  0.42703841 -0.51352092  0.72662391
   0.31323362 -0.23492187 -0.97540942 -0.8780028  -0.17538893 -0.39128608]
 [-0.47734284  0.12034036  0.13306891 -0.17799941  0.5988449  -0.45104266
  -0.05697567  0.68184024  0.05704845 -0.24243274 -0.46635937  0.07370469]
 [-0.1609795  -0.46779028 -0.1256397  -0.03502144  0.22931979 -0.20163194
   0.38782247  0.55634114 -0.87991614  0.8745045   0.06712709 -0.0464541 ]
 [ 0.29310906 -0.7347707  -0.47645989 -0.05790538 -0.10718504 -0.27385799
  -0.06591336 -0.2881423  -0.18285217 -0.8274235  -0.20173607 -0.23397996]
 [ 0.46549288 -0.6637403  -0.25342386 -0.75328743 -0.97540942  0.05704845
  -0.87991614 -0.18285217 -0.78908843 -0.20950776 -0.38376694 -0.07782199]
 [ 0.67560659  0.54946182 -0.71550302 -0.97212505 -0.8780028  -0.24243274
   0.8745045  -0.8274235  -0.46781283  0.45586552 -0.38928613  0.4715664 ]
 [ 0.41047567 -0.5904231  -0.54459941 -0.73857327 -0.17538893 -0.46635937
   0.06712709 -0.20173607  0.00170459  0.64042472  0.1284243  -0.86366777]
 [ 0.15727441 -0.40952137  0.8887064  -0.03343138 -0.39128608  0.07370469
  -0.0464541  -0.23397996  0.5766099  -0.63386942 -0.79704547  0.81035391]]

[[ 0.11948761 -0.0145832  -0.2271393  -0.24393027  0.16072833  0.20604874
   0.175122   -0.199464   -0.20971521  0.69215309  0.31333037 -0.20206886]
 [-0.33712829  0.05334337 -0.02906543 -0.35646753  0.64882284 -0.22226226
   0.16116236  0.55674561  0.93721401 -0.00924322  0.66589595  0.20026463]
 [ 0.26757714 -0.82684994 -0.09479905 -0.53269307  0.02042722  0.02433429
   0.56480304  0.75631345  0.67190137  0.96402133 -0.70907115  0.40444502]
 [ 0.06444517  0.17143021  0.44632483  0.35963026 -0.55029007  0.34600612
   0.16798719  0.17214252 -0.67442413 -0.22960053  0.55695666  0.27494066]
 [-0.37817986  0.39095582  0.0131163   0.31544487  0.246276   -0.50521061
  -0.61847219 -0.26329715  0.7883384   0.4350228   0.05651959 -0.68155902]
 [-0.34148528  0.38840401  0.05726742  0.34339859  0.17412359  0.2162622
   0.31403096  0.03125756  0.26528293  0.96435065  0.78226403  0.03389364]
 [-0.30604771  0.43826224  0.31915672  1.04583868 -0.48929324  0.16764523
   0.02761831 -0.23193767  0.6445132  -0.73121833 -0.99236507  0.35347299]
 [ 0.33384451 -0.99155245  0.00424465  0.04261248 -0.5239556  -0.16627083
   0.26765504  0.50837688 -0.13605903 -0.87345021 -0.74158823 -0.41871076]
 [-0.20971521  0.93721401  0.67190137 -0.67442413  0.7883384   0.26528293
   0.6445132  -0.13605903 -0.58954706 -0.60641748 -0.52396205  0.86829251]
 [ 0.69215309 -0.00924322  0.96402133 -0.22960053  0.4350228   0.96435065
  -0.73121833 -0.87345021  0.55347565 -0.99435042  0.42100119  0.58978013]
 [ 0.31333037  0.66589595 -0.70907115  0.55695666  0.05651959  0.78226403
  -0.99236507 -0.74158823 -0.38784077 -0.85437132  0.99824692  0.74970099]
 [-0.20206886  0.20026463  0.40444502  0.27494066 -0.68155902  0.03389364
   0.35347299 -0.41871076  0.88000084  0.24900733 -0.98647102 -0.95720522]]

[[-0.21514365  0.03104773  0.34027661  0.10316589 -0.01986448 -0.28043885
  -0.13462785  0.52504623  0.54382034  0.64172548  0.25676797  0.41387851]
 [-0.00141134  0.54349399 -0.31275364  0.37626909  0.00407127  0.9846125
   0.74294206 -0.8086409  -0.72525183  0.50083467 -0.31800808 -0.60088062]
 [ 0.25425623  0.2448748  -0.30149098 -0.78286623  0.43921378  0.17809148
  -0.18889778 -0.45562688  0.47695978  0.22004649  0.27809271 -0.79683572]
 [ 0.2358411   0.28492805 -0.0917038  -0.48249899  0.13912421  0.11904991
  -0.33361433 -0.4344505  -0.92144758 -0.93270872  0.55860089  0.24776696]
 [-0.06250173 -0.30442419 -0.18382123  0.70758358 -0.32746973  0.25206993
   0.57571718 -0.13191377 -0.85441479  0.63144948 -0.25853457  0.35648762]
 [-0.23166895  0.43267626  0.30130209  0.46657878 -0.16817236  0.41542782
   0.38161008  0.11778439  0.45439636 -0.56587648  0.68165418  0.17932789]
 [-0.06532481 -0.01660141  0.26454342  0.20662988 -0.21899287 -0.01756441
   0.04773788  0.30247619 -0.05737365 -0.59168085 -0.28630666 -0.00462242]
 [ 0.3921044  -0.35638395 -0.351398   -1.02829699  0.40115952 -0.35590752
  -0.48078488 -0.12500901 -0.40375441 -0.31754225 -0.94826684  0.73967264]
 [ 0.54382034 -0.72525183  0.47695978 -0.92144758 -0.85441479  0.45439636
  -0.05737365 -0.40375441 -0.38572109 -0.87938044 -0.25324673  0.42458155]
 [ 0.64172548  0.50083467  0.22004649 -0.93270872  0.63144948 -0.56587648
  -0.59168085 -0.31754225  0.91837909  0.32740526  0.03249985 -0.99603907]
 [ 0.25676797 -0.31800808  0.27809271  0.55860089 -0.25853457  0.68165418
  -0.28630666 -0.94826684  0.12702901 -0.9638459  -0.50121409 -0.68836654]
 [ 0.41387851 -0.60088062 -0.79683572  0.24776696  0.35648762  0.17932789
  -0.00462242  0.73967264 -0.05637562 -0.19665005 -0.03355761 -0.55827899]]

[[ 0.24353545 -0.23046488 -0.33023387  0.22156923 -0.26302927  0.10617834
  -0.01191647 -0.61618983 -0.39292294  0.54336577 -0.16469753 -0.99398601]
 [ 0.23870267 -0.23449185  0.14633871 -0.34471677 -0.14719882  0.19719022
   0.24566045  0.38256788 -0.73240882 -0.55568812  0.23361058 -0.74446243]
 [ 0.31855313  0.14229326  0.24893021  0.0671825  -0.54230359  0.00432107
  -0.55763773 -0.38765331 -0.96141367  0.24478532 -0.75326747  0.4935678 ]
 [-0.54742028  0.43307981  0.4491756  -0.10424519  0.4710442  -0.8980103
  -0.87483803  0.58350052 -0.99554788  0.93017349 -0.66791527 -0.85174524]
 [-0.06755215 -0.13354067 -0.0550677  -0.26796989  0.28782597  0.50528216
   0.95463393  0.57806159 -0.47863528  0.81330249  0.30586608  0.89137377]
 [ 0.09708768 -0.01077312 -0.21236508 -0.37738061  0.26645856  0.08916171
   0.06795857 -0.11590452 -0.48518425  0.22719022  0.37140857  0.93098686]
 [-0.30409776  0.43692037 -0.06794703 -0.4575253   0.74529718 -0.03612075
   0.02312407  0.17184642 -0.35538608 -0.04825774  0.34570387 -0.17390532]
 [ 0.13999737  0.50990511  0.26756557  0.03295357 -0.28037607  0.23592096
  -0.34845465 -0.38163369 -0.11438798  0.50877427 -0.17173059 -0.49261105]
 [-0.39292294 -0.73240882 -0.96141367 -0.99554788 -0.47863528 -0.48518425
  -0.35538608 -0.11438798  0.16218584  0.21346528  0.03340014  0.41655519]
 [ 0.54336577 -0.55568812  0.24478532  0.93017349  0.81330249  0.22719022
  -0.04825774  0.50877427 -0.46611103 -0.08822879  0.10120401 -0.18922215]
 [-0.16469753  0.23361058 -0.75326747 -0.66791527  0.30586608  0.37140857
   0.34570387 -0.17173059 -0.89363076  0.9427561  -0.49181349 -0.988533  ]
 [-0.99398601 -0.74446243  0.4935678  -0.85174524  0.89137377  0.93098686
  -0.17390532 -0.49261105  0.93724407  0.41912695  0.50235356 -0.31288293]]
