A: 
[[-0.38486238  0.00990747 -0.50359446  0.0273611  -0.67204575  0.42225701
   0.77651296  0.55979838 -0.12005625  0.63746795  0.50451208 -0.05498202]
 [ 0.68877723  0.06537347  0.00745237  0.24115846 -0.34317436  0.50158747
   0.09974117  0.28887821 -0.76937412 -0.38330363 -0.78272946 -0.1573779 ]
 [ 0.62321078  0.15077585  0.22453394 -0.11084681  0.23664041  0.15578306
  -0.73182555 -0.25291851 -0.50724903 -0.81889595 -0.64874679 -0.76327698]
 [ 0.17994824 -0.37034112  0.21748927  0.86552562 -0.08289494 -0.15349151
   0.71707739  0.23148012 -0.0990823  -0.52786474  0.9748057   0.37885584]
 [ 0.19814587  0.09908192  0.8216853   0.23087709 -0.32696538  0.16553346
  -0.39825667  0.98101501  0.86035313 -0.49630634 -0.01416773 -0.719505  ]
 [-0.90627564 -0.00180715 -0.01114368 -0.54005956  0.70666716 -0.6921052
  -0.65311592 -0.67748107  0.00427462  0.44818435  0.88096876  0.70134246]
 [ 0.34633587 -0.03106585  0.05916217 -0.1967465   0.80016314 -0.47531879
  -0.52456276 -1.05672125 -0.2409084   0.15967613 -0.65101123 -0.94879363]
 [ 0.67774547 -0.36768277 -0.1542413   1.1856245   0.34156848  0.54107544
  -0.71655505 -0.45677055 -0.86698212 -0.81643107 -0.76127272  0.17616937]
 [ 0.89276769  0.20012876  0.74458221  0.1066079  -0.19012673  0.29468453
  -0.52074408  0.56535122 -0.49801652  0.98296698  0.16595535  0.78331365]
 [ 0.50678753 -0.21301887  0.00125201  0.25237582  0.28727641 -0.43921231
   0.73735082 -0.56805714  0.80442831 -0.2974419   0.78869798 -0.96695137]] 
x segnato:[[ 0.25840277]
 [ 0.53679297]
 [ 0.00018972]
 [-0.82077021]
 [-0.40428414]
 [-0.09338455]
 [ 0.68102844]
 [-0.9306343 ]
 [ 0.        ]
 [ 0.        ]
 [ 0.        ]
 [ 0.        ]]
Matrici Hi 

[[-0.01315066 -0.21651045  0.78465545  0.52194002  0.1620045  -0.45303493
  -0.01192424  0.37026597 -0.30357984 -0.43680757 -0.11335303  0.70170415]
 [ 0.17415904 -0.00600842  0.12644551 -0.01937452  0.07863472 -0.15315161
   0.11262705 -0.08609293 -0.36993021  0.79677048  0.01604593 -0.48980217]
 [ 0.00779927  0.14687736  0.69948285 -0.60799235  0.06293633 -0.85973343
   0.62598641  0.19021684 -0.80643809  0.35003505 -0.91649713 -0.17595625]
 [-0.58553709 -0.10741912  0.09375514  0.10521697  0.07651265 -0.19929701
  -0.11126621  0.14712962 -0.8028744   0.46391369  0.5303491  -0.0390524 ]
 [ 0.45502267  0.12707431  0.07719162 -0.06492067 -0.17519046  0.24096042
  -0.02427588  0.14864903 -0.99041397 -0.43997035  0.91446291  0.05893074]
 [-0.27060561 -0.24751492  0.06073954  0.4013647   0.33710958 -0.25660429
  -0.15794246 -0.24783033 -0.03413027  0.64034123 -0.32381802  0.85912313]
 [-0.59180288 -0.05973449 -0.56885353  0.29094292 -0.30441464  0.66849552
  -0.36570021  0.28321283 -0.42021093 -0.67608224  0.61827504 -0.9168823 ]
 [-0.59224776 -0.0217646   0.22224583 -0.46495567  0.2754866  -0.85559578
   0.46453118 -0.18701676 -0.29249801 -0.82266577 -0.16171514 -0.97063904]
 [-0.30357984 -0.36993021 -0.80643809 -0.8028744  -0.99041397 -0.03413027
  -0.42021093 -0.29249801  0.55334243 -0.2630552   0.84319922 -0.59688033]
 [-0.43680757  0.79677048  0.35003505  0.46391369 -0.43997035  0.64034123
  -0.67608224 -0.82266577 -0.4283489  -0.6595638  -0.29071709 -0.26622102]
 [-0.11335303  0.01604593 -0.91649713  0.5303491   0.91446291 -0.32381802
   0.61827504 -0.16171514 -0.78265752  0.7041623   0.8547072   0.42756204]
 [ 0.70170415 -0.48980217 -0.17595625 -0.0390524   0.05893074  0.85912313
  -0.9168823  -0.97063904 -0.25377642  0.62591549  0.58818499 -0.5179255 ]]

[[-0.02516111  0.08910992  0.52246531 -0.17687011  0.02676336 -0.27765728
  -0.14027105  0.29675119  0.4534094   0.3292294  -0.72699672 -0.88563425]
 [ 0.25213422  0.01365503  0.20200108 -0.11601396  0.18221258 -0.28771322
   0.10806792 -0.2072765   0.64200225 -0.49800005  0.97908118 -0.79610127]
 [ 0.81721915  0.11556215 -0.26948714  0.15829616 -0.56499979  0.70109621
   0.4515252   0.30872662 -0.97366305  0.75190622 -0.41342061  0.2707434 ]
 [-0.46391425 -0.09114271 -0.26123114  0.42224945 -0.46188181  0.54249572
  -0.01061783  0.62248768  0.41102461 -0.85788593  0.65082783 -0.5618173 ]
 [ 0.15998874  0.02841858 -0.08827988  0.17186992 -0.25307058  0.39635431
  -0.07073998  0.26462859 -0.05357802 -0.35407154  0.18805964  0.70435816]
 [-0.3151706  -0.17766007  0.41743631  0.17382646  0.27864157 -0.58057831
   0.10963052 -0.00113472  0.87943428  0.44542265 -0.11880544  0.26707378]
 [-0.76729775  0.19403753 -0.22706244 -0.77335331  0.34128898 -0.24442478
  -0.66331637 -0.40970559 -0.20254329  0.63714635  0.22968282 -0.40770449]
 [ 0.35067604 -0.02603362 -0.20548909  0.08746798 -0.14981536  0.11649186
   0.50199632 -0.08257252  0.88567348  0.70922472 -0.09113663 -0.39988172]
 [ 0.4534094   0.64200225 -0.97366305  0.41102461 -0.05357802  0.87943428
  -0.20254329  0.88567348 -0.31584468 -0.41134515  0.09556762  0.83945448]
 [ 0.3292294  -0.49800005  0.75190622 -0.85788593 -0.35407154  0.44542265
   0.63714635  0.70922472 -0.5694363  -0.84207642 -0.43704193 -0.45460809]
 [-0.72699672  0.97908118 -0.41342061  0.65082783  0.18805964 -0.11880544
   0.22968282 -0.09113663 -0.12290617  0.32935083 -0.49577555  0.42956532]
 [-0.88563425 -0.79610127  0.2707434  -0.5618173   0.70435816  0.26707378
  -0.40770449 -0.39988172  0.59558337 -0.20316197  0.533721   -0.37799792]]

[[-0.34602546 -0.37481811  0.23882588  0.92214371  0.31173967 -0.0038526
  -0.63696382  0.05769596 -0.56736769  0.96549457  0.76713879 -0.51890588]
 [-0.25127349  0.09716783 -0.13833253 -0.36951552 -0.10537627 -0.10913838
   0.28009487  0.02566552 -0.49254983  0.58101421  0.50646141  0.12227608]
 [ 0.1057318  -0.14792195  0.05913543  0.36687969  0.20527931 -0.0054398
  -0.23035469 -0.17388483 -0.15754666  0.76711831  0.63267609  0.30007874]
 [ 0.60802261 -0.35871792  0.2582539   1.2629978   0.33632806  0.44543841
  -0.9631818  -0.1252089   0.79787195 -0.2565475   0.0360786   0.25260952]
 [ 0.08445872  0.06442489  0.34374284 -0.07468796 -0.15720194 -0.11747069
   0.18348881  0.36571517  0.98851203  0.49263655  0.34863072 -0.68870195]
 [ 0.02651293 -0.06170817 -0.15430982  0.27653502 -0.03446949  0.30203677
  -0.25227468  0.01305261 -0.40017426 -0.04083338 -0.15811338 -0.88868911]
 [-0.25420493 -0.19708617 -0.16548951  0.22993604  0.46754382 -0.19704487
  -0.35175924 -0.56577125  0.20324109  0.59914731  0.11711836 -0.54703014]
 [ 0.17263972 -0.1043664  -0.41414032  0.23872505  0.23991304  0.24151097
  -0.30997577 -0.54649481 -0.52696775 -0.92603504  0.81390306  0.65986705]
 [-0.56736769 -0.49254983 -0.15754666  0.79787195  0.98851203 -0.40017426
   0.20324109 -0.52696775 -0.9220549   0.11807675  0.08621043  0.25631889]
 [ 0.96549457  0.58101421  0.76711831 -0.2565475   0.49263655 -0.04083338
   0.59914731 -0.92603504 -0.39409771 -0.0164788   0.59496243  0.744021  ]
 [ 0.76713879  0.50646141  0.63267609  0.0360786   0.34863072 -0.15811338
   0.11711836  0.81390306  0.96282281  0.13021856  0.22455476  0.14089204]
 [-0.51890588  0.12227608  0.30007874  0.25260952 -0.68870195 -0.88868911
  -0.54703014  0.65986705  0.19594541 -0.38748416 -0.54656964  0.68246525]]

[[ 0.18037141  0.10445711  0.47366404 -0.38084498  0.20728335 -0.53323518
   0.11439489 -0.0874714  -0.87771769  0.63483374 -0.00100589 -0.32182933]
 [-0.08555243  0.06589434  0.05240272 -0.26609869  0.09908525 -0.19526975
  -0.00885822 -0.11052886  0.8099537   0.75526817 -0.30734749 -0.35431524]
 [-0.58404496  0.06002625  0.47570163 -0.28506093 -0.36556321 -0.46198068
   0.69543355  0.8023889   0.28228896 -0.87482311 -0.80523711 -0.02696137]
 [ 0.54398118 -0.03584851  0.31115587  0.55910913 -0.37768917  0.46071158
  -0.01994257  0.62818276  0.270938   -0.48648315 -0.6327855  -0.05405691]
 [-0.19789839 -0.0112439  -0.24266002 -0.08573181 -0.03809673  0.00316465
   0.18626242 -0.08867045  0.78313108 -0.66623731  0.37755738  0.66755296]
 [ 0.87775549  0.1307255   0.3041981   0.13933079 -0.03372618  0.37903729
  -0.50958654  0.08899188  0.98069219  0.06905707  0.26742997 -0.06190667]
 [-0.45460611 -0.27229311 -0.2840931   0.22707411  0.48877496 -0.37180187
  -0.01322925 -0.65971637  0.90450083  0.05949076  0.9569806   0.79254315]
 [-0.02339349  0.05508104  0.57414555  0.08472952 -0.35789275 -0.03893996
   0.1683377   0.82775268  0.38271642 -0.0598213  -0.23292315  0.00153682]
 [-0.87771769  0.8099537   0.28228896  0.270938    0.78313108  0.98069219
   0.90450083  0.38271642 -0.0043671  -0.97621553 -0.71670745 -0.36237499]
 [ 0.63483374  0.75526817 -0.87482311 -0.48648315 -0.66623731  0.06905707
   0.05949076 -0.0598213  -0.86463694 -0.37643389  0.17997582 -0.99368855]
 [-0.00100589 -0.30734749 -0.80523711 -0.6327855   0.37755738  0.26742997
   0.9569806  -0.23292315 -0.7044796  -0.63106866  0.41217055  0.24016016]
 [-0.32182933 -0.35431524 -0.02696137 -0.05405691  0.66755296 -0.06190667
   0.79254315  0.00153682  0.69699239  0.40230945 -0.7631755   0.42210726]]

[[ 0.1105627  -0.23982642  0.29913579  0.90249861 -0.02246572  0.34095664
  -0.52974068  0.39155458  0.00839609 -0.18638756 -0.46827022  0.19299654]
 [-0.30379205 -0.21703888 -0.11114644  0.34191336  0.06827392 -0.13740734
   0.25779172 -0.06152388  0.98729787  0.76924786 -0.85090471 -0.42345215]
 [ 0.28534044  0.1856172  -0.43256515 -0.09229943 -0.26201022  0.75217639
  -0.45952312  0.03549645  0.31734255 -0.78900439  0.0047036  -0.72005892]
 [ 0.87164521  0.4351675  -0.02216833 -0.66336904 -0.1893457   0.42545379
  -0.30508183 -0.05911832  0.93709862 -0.3176713  -0.68272868  0.11713835]
 [ 0.19090517 -0.03284841  0.19750411  0.2930587  -0.00016976  0.19007491
  -0.37454029  0.16660156 -0.00830605 -0.0888781   0.4517362   0.47138092]
 [ 0.07696231 -0.1906806  -0.20142004  0.14555737  0.11895182 -0.3448254
   0.80738898 -0.38757208  0.55522025  0.21675696  0.9935749   0.48273997]
 [-0.395091    0.31461557  0.65965744 -0.56444033 -0.05453639 -0.10338669
  -0.86416145  0.62661577  0.54981696 -0.73919872 -0.32801248 -0.59572209]
 [ 0.08307034  0.24801256 -0.70180122 -0.70580867 -0.18117047  0.21587172
   0.40492563 -0.38963319 -0.68918206 -0.19546812  0.26733596 -0.66392963]
 [ 0.00839609  0.98729787  0.31734255  0.93709862 -0.00830605  0.55522025
   0.54981696 -0.68918206  0.48597659  0.84608439 -0.47124648 -0.32319144]
 [-0.18638756  0.76924786 -0.78900439 -0.3176713  -0.0888781   0.21675696
  -0.73919872 -0.19546812  0.12880735  0.99292178  0.62222914  0.17301259]
 [-0.46827022 -0.85090471  0.0047036  -0.68272868  0.4517362   0.9935749
  -0.32801248  0.26733596  0.28233861 -0.03336697  0.13075231  0.96162591]
 [ 0.19299654 -0.42345215 -0.72005892  0.11713835  0.47138092  0.48273997
  -0.59572209 -0.66392963 -0.04329884 -0.6995387  -0.00714784 -0.52791939]]

[[ 0.30245708 -0.24769564  0.44658691  0.76501578 -0.19401438 -0.03079516
   0.4508636   0.50896906  0.24445605 -0.46585219  0.00739294  0.65861895]
 [ 0.000773    0.08922933  0.59740174 -0.16968896 -0.08573313 -0.32139421
   0.10230588  0.45324587  0.90471095 -0.03538023  0.92232102  0.01032697]
 [-0.60939845 -0.17169336  0.25288539  0.45789646  0.1030622   0.02552309
  -0.65783114  0.34335097 -0.1369807   0.26342868  0.78658716  0.54259204]
 [ 0.13990357 -0.14959396 -1.18464085  0.1937377   0.12523159  0.49069396
   0.20014572 -0.95200755  0.02728168  0.59740363 -0.8859197   0.94541368]
 [-0.30656153 -0.05878949 -0.3238512   0.2116303   0.03319804  0.36693031
  -0.54139491 -0.06534418  0.97058491  0.25286429  0.55934667 -0.53799793]
 [ 0.55103492  0.23021207  0.0777916  -0.70038294 -0.15154357 -0.39557055
   1.01548383 -0.13645502 -0.78758384  0.843217   -0.13856631 -0.68970326]
 [ 0.34536192 -0.37466645 -0.08910281  1.03846026  0.08549415  0.2793469
   0.00024405 -0.10814621 -0.41754173 -0.36990753 -0.08552803 -0.18385476]
 [-0.0946065   0.06059097  0.30021346 -0.29620111  0.08165882 -0.41730789
   0.19417574  0.04135919  0.47943335 -0.81276833 -0.66275947  0.14139614]
 [ 0.24445605  0.90471095 -0.1369807   0.02728168  0.97058491 -0.78758384
  -0.41754173  0.47943335  0.50577082 -0.60648849  0.81817683  0.74967535]
 [-0.46585219 -0.03538023  0.26342868  0.59740363  0.25286429  0.843217
  -0.36990753 -0.81276833 -0.45720019 -0.20573202 -0.82964039  0.8390847 ]
 [ 0.00739294  0.92232102  0.78658716 -0.8859197   0.55934667 -0.13856631
  -0.08552803 -0.66275947 -0.53242316  0.11115916 -0.99349548  0.27461454]
 [ 0.65861895  0.01032697  0.54259204  0.94541368 -0.53799793 -0.68970326
  -0.18385476  0.14139614  0.1188928   0.69001687 -0.11614561  0.53707273]]

[[ 0.212016    0.04934411 -0.03659948 -0.19925265  0.3873208  -0.12432828
  -0.4223654  -0.55821314 -0.84923877  0.17344789  0.12952872 -0.28700409]
 [-0.20973593 -0.08491075 -0.02947578  0.25222913  0.03034256  0.13665794
  -0.31158724  0.07570647 -0.2727943  -0.53135426 -0.73097345 -0.13550323]
 [-0.72175314  0.01610465 -0.24133719 -0.24947662  0.09176414 -0.07649257
  -0.2582685  -0.08231083 -0.92863018  0.23359886 -0.21770921  0.38347878]
 [ 0.30340099  0.14632255 -0.39289016 -0.66037194  0.15147821 -0.294665
   0.61949974 -0.70626558 -0.38452672 -0.18385154  0.18660013 -0.15020731]
 [ 0.1750997  -0.05239203  0.30562226  0.22875225 -0.22006694 -0.05717035
   0.40446829  0.41464554 -0.06337665  0.07542071 -0.05139713 -0.16219351]
 [ 0.14473469 -0.09843793 -0.55554654  0.07476781  0.22740135  0.09765211
   0.07790999 -0.68740513  0.50304643 -0.91681058  0.86666788  0.13781175]
 [ 0.39995322  0.37754635  0.62744483 -0.7214157   0.13246223 -0.2048016
  -0.61649866  0.09422139  0.08981343 -0.33419711 -0.35585733 -0.69277125]
 [-0.75163359  0.03739219 -0.68094729 -0.40574192  0.24578228  0.04251645
  -0.40591128 -0.55811211  0.69917922  0.42035569 -0.31354496  0.85544772]
 [-0.84923877 -0.2727943  -0.92863018 -0.38452672 -0.06337665  0.50304643
   0.08981343  0.69917922 -0.76709863  0.85635857 -0.42178367  0.42731041]
 [ 0.17344789 -0.53135426  0.23359886 -0.18385154  0.07542071 -0.91681058
  -0.33419711  0.42035569  0.80752379 -0.42722785 -0.99627616  0.71148574]
 [ 0.12952872 -0.73097345 -0.21770921  0.18660013 -0.05139713  0.86666788
  -0.35585733 -0.31354496  0.09744274  0.35966988  0.20823959 -0.80108393]
 [-0.28700409 -0.13550323  0.38347878 -0.15020731 -0.16219351  0.13781175
  -0.69277125  0.85544772 -0.77903728 -0.94027962  0.15623338  0.04010351]]

[[-0.39901038 -0.08382953  0.14123121  0.49496545 -0.20172867  0.4319025
  -0.65580448  0.61759279  0.2214131   0.84425535  0.81854737  0.83623895]
 [-0.08151124 -0.18596832 -0.04247365  0.46258332 -0.14634061  0.08216391
   0.31771986  0.21167758  0.52405575 -0.09688273 -0.35618184 -0.58146469]
 [-0.30788692  0.03924284 -0.21835527  0.00249292 -0.20344006  0.31912932
  -0.19429216  0.23402672 -0.21464449  0.70007089 -0.86255078 -0.22361383]
 [ 0.19103463  0.29952417 -0.25215997 -0.79563185  0.33933308 -0.01427819
  -0.59495237 -0.69235825 -0.47037735 -0.64696435 -0.70127366  0.13534362]
 [-0.02849371  0.2643879   0.04980819 -0.54716741 -0.13839679  0.0695216
  -0.18669568  0.1634356   0.57561534 -0.1669122   0.56355886 -0.23909208]
 [ 0.25217333 -0.20832354 -0.43165998  0.33994404  0.151213    0.01817113
   0.42846152 -0.5450739   0.49080557 -0.33962567 -0.06964667 -0.14176751]
 [-0.26258526 -0.03693239  0.99858423  0.27101151  0.21604572 -0.29079929
  -0.93000989  0.58596161 -0.68191949 -0.05123337 -0.07777085  0.12154624]
 [ 0.01046853 -0.24773279 -0.40896368  0.42855449  0.12632491  0.03264561
   0.32916802 -0.40745699 -0.01602072  0.51280868  0.50842465 -0.98562297]
 [ 0.2214131   0.52405575 -0.21464449 -0.47037735  0.57561534  0.49080557
  -0.68191949 -0.01602072 -0.76959759  0.88557829 -0.84336203 -0.35644611]
 [ 0.84425535 -0.09688273  0.70007089 -0.64696435 -0.1669122  -0.33962567
  -0.05123337  0.51280868 -0.53379207  0.24897798  0.64549407  0.09481021]
 [ 0.81854737 -0.35618184 -0.86255078 -0.70127366  0.56355886 -0.06964667
  -0.07777085  0.50842465 -0.20842104 -0.34996929  0.94857974 -0.46004058]
 [ 0.83623895 -0.58146469 -0.22361383  0.13534362 -0.23909208 -0.14176751
   0.12154624 -0.98562297 -0.1450477   0.4601485  -0.35188762  0.20513118]]

[[-0.19969756 -0.02884667 -0.09607194 -0.239287    0.39993537 -0.37625769
  -0.10391807 -0.54947843 -0.53718792 -0.25740087  0.56318976  0.86952285]
 [ 0.16605751 -0.20671604 -0.04133569  0.59427839  0.05076848  0.18633017
  -0.08572424 -0.0384668  -0.37472259  0.4420416   0.81879623  0.74847737]
 [-0.27253975 -0.27768919  0.41359738  0.38357956  0.15038586 -0.62398872
   0.56588211  0.12310991  0.3236564   0.76397474  0.64270414  0.81511377]
 [-0.52162005  0.46025596  0.10678354 -1.43551587  0.03682153 -0.5732481
   0.08053502 -0.06129643 -0.21231154 -0.03367545  0.76769455  0.12838379]
 [ 0.10116818 -0.06012453  0.17107877  0.00056612  0.00596266 -0.33975076
   0.55788277  0.001262    0.73245727 -0.89638957  0.40356558 -0.53902915]
 [-0.0116384   0.14710273 -0.22228925 -0.30043549  0.09220845  0.20871037
  -0.50393893 -0.23665005  0.50776862  0.65220754  0.31351485  0.81934296]
 [-0.21143701  0.30183798 -0.32793668 -0.56048969 -0.13185409  0.44867901
  -0.67461762  0.02531731  0.53852905  0.25264359 -0.02703943  0.6512135 ]
 [-0.3004858  -0.06257311  0.12485882  0.16994377  0.00328891  0.00315211
  -0.23799009  0.21177557  0.41273666  0.87893047  0.24112644  0.40060066]
 [-0.53718792 -0.37472259  0.3236564  -0.21231154  0.73245727  0.50776862
   0.53852905  0.41273666 -0.93215289  0.452773    0.03631088 -0.79447823]
 [-0.25740087  0.4420416   0.76397474 -0.03367545 -0.89638957  0.65220754
   0.25264359  0.87893047  0.2091073   0.20506804  0.73006623  0.27795617]
 [ 0.56318976  0.81879623  0.64270414  0.76769455  0.40356558  0.31351485
  -0.02703943  0.24112644 -0.15196949  0.57287684  0.36770868 -0.09653814]
 [ 0.86952285  0.74847737  0.81511377  0.12838379 -0.53902915  0.81934296
   0.6512135   0.40060066  0.32312597 -0.88491102  0.1621287  -0.40674725]]

[[-0.25626832  0.15743431 -0.20172992 -0.13599172 -0.08924387  0.51889086
  -0.87724802  0.15097809 -0.54876613  0.55333121 -0.32426233  0.70288532]
 [ 0.11791351  0.12447637  0.24839231 -0.22387939  0.01750798 -0.07080543
  -0.19281095  0.09596047  0.09412139  0.16374352  0.22577535  0.62175342]
 [ 0.08294357 -0.06079396 -0.01377163  0.1197506   0.33438553 -0.02226443
  -0.48590814 -0.38507371  0.43545038  0.59177644  0.96414695 -0.00944138]
 [-0.02924791 -0.35148627 -0.75358502  0.68632418  0.0516936   0.27941719
   0.43160768 -0.49454048  0.33185786 -0.19575806  0.22307782 -0.42384593]
 [-0.45471248  0.1373428   0.05649954 -0.42861535 -0.03298932 -0.14671897
  -0.13116408  0.15502757 -0.48337915 -0.44484003 -0.97245936  0.52347846]
 [ 0.34851421 -0.07751638 -0.24090314  0.18980094 -0.05415697  0.11644201
   0.40009237 -0.20066464  0.02523065  0.42077965  0.28454932 -0.20437014]
 [-0.08505419 -0.10719872 -0.03775156  0.53147629 -0.21537548  0.47209679
  -0.33021747  0.40011485 -0.47470776 -0.66453383 -0.45454001 -0.03250198]
 [ 0.71992349 -0.29721323 -0.13386907  0.70172976  0.31534498  0.01696215
   0.20316961 -0.61205522 -0.27810106  0.35882192  0.34324724  0.78088168]
 [-0.54876613  0.09412139  0.43545038  0.33185786 -0.48337915  0.02523065
  -0.47470776 -0.27810106 -0.90474847  0.84183285 -0.79832534  0.10781239]
 [ 0.55333121  0.16374352  0.59177644 -0.19575806 -0.44484003  0.42077965
  -0.66453383  0.35882192  0.46082904  0.73240162  0.99774053 -0.14152096]
 [-0.32426233  0.22577535  0.96414695  0.22307782 -0.97245936  0.28454932
  -0.45454001  0.34324724  0.9637386  -0.03665455 -0.241376   -0.74454712]
 [ 0.70288532  0.62175342 -0.00944138 -0.42384593  0.52347846 -0.20437014
  -0.03250198  0.78088168 -0.30341562 -0.51807655 -0.46289515 -0.30891161]]
