A: 
[[-0.46486299 -0.17132919  0.23913427  0.284448   -0.16476816 -0.04680327
  -0.12330475  0.03124238 -0.19220965 -0.21264563 -0.75896377  0.66766529]
 [ 0.93511536  0.35938089 -0.90467086 -0.23522337  0.08628512 -0.17717001
   0.14758911 -0.1703323   0.11716833 -0.73139493  0.20549154 -0.87810369]
 [-0.09228855 -0.77372567 -0.21007303 -0.08331458 -0.33965972  0.38613141
  -0.43404895  0.20141046  0.96782128  0.9629999   0.30926731 -0.77346774]
 [ 0.02287191  0.17177993 -0.39995808  0.23989    -0.75655727 -0.32380223
  -0.41457112  0.97788952 -0.83296762  0.17388832 -0.18915011  0.11426523]
 [ 0.42665418 -0.43793887  0.50376856 -0.5187035  -0.26539383  0.16278694
   0.37977224  0.03349615  0.73148395 -0.11237214 -0.7391589   0.5132171 ]
 [-0.14044261 -0.31317696  0.16767921 -0.18768884 -0.17597225  0.30472827
  -0.2832845   0.49568128 -0.53054163 -0.16452394 -0.99972776  0.04344891]
 [-0.33773276  0.13147587 -0.25449925 -0.13754496  0.53277944  0.54418989
  -0.63171092  0.46136025 -0.77174258 -0.20480237 -0.09807707  0.18459092]
 [-0.38125959 -0.83046824  0.051642    0.128074   -0.161953    0.31527078
  -0.2520851  -0.30260115  0.56768746 -0.48202188  0.44782328 -0.69647535]
 [ 0.01416277 -0.65707942  0.24347641  0.13961953 -0.3374402  -0.12924488
   0.36156152 -0.72661944 -0.21964186  0.8831887   0.30990475 -0.42720073]
 [-0.0707849   0.89895277 -0.3279851  -0.12042629  1.33981182  0.29122992
  -0.08727841 -0.37323029  0.47419047  0.14980123 -0.55159661 -0.70366589]] 
x segnato:[[ 0.8175824 ]
 [-0.9040283 ]
 [-0.54231742]
 [-0.57624169]
 [-0.48407404]
 [-0.40831565]
 [ 0.32424127]
 [-0.64174777]
 [ 0.        ]
 [ 0.        ]
 [ 0.        ]
 [ 0.        ]]
Matrici Hi 

[[-0.33563723  0.35848476  0.36435055  0.11711941  0.50282775 -0.02589372
   0.17702368 -0.31747653 -0.59825726 -0.11283282  0.39349489  0.686818  ]
 [ 0.44621267  0.71223681  0.00470476 -0.57031255  0.52062535  0.2044925
   0.05273862  0.54029642 -0.32883899  0.55053332  0.35450727  0.4743721 ]
 [ 0.35326808  0.16484064  0.25950217 -0.33858115 -0.31451328 -0.07314589
   0.14864137  0.62055694  0.33059516 -0.50121572 -0.62319589  0.11897947]
 [ 0.42579313 -0.36341584 -0.65769918 -0.09523377 -0.16532321  0.10222282
  -0.14441636 -0.17608491  0.63758511  0.9918945  -0.25763154 -0.25848956]
 [ 0.11529426  0.40031831  0.53122118 -0.1531493  -0.16526151 -0.24150558
   0.31701356  0.42842521 -0.88889774 -0.36601609 -0.91246009 -0.57744981]
 [-0.45729817 -0.03944724  0.46789509  0.27111478 -0.24155521 -0.16854187
   0.02213936  0.13137977  0.60442508  0.1812766  -0.84568546 -0.51274836]
 [ 0.34111625  0.26746576  0.19259253 -0.23263892  0.04117706 -0.12269667
   0.33633419  0.02738257  0.72479597 -0.89392209  0.16346016 -0.66302979]
 [-0.37722804  0.26475789 -0.05384068 -0.10386553  0.52618718  0.42640247
  -0.48931212  0.45252868 -0.64907948  0.79211368  0.73864415 -0.60506731]
 [-0.59825726 -0.32883899  0.33059516  0.63758511 -0.88889774  0.60442508
   0.72479597 -0.64907948  0.44214219 -0.19374742  0.5989917  -0.30071034]
 [-0.11283282  0.55053332 -0.50121572  0.9918945  -0.36601609  0.1812766
  -0.89392209  0.79211368  0.86166133  0.01246868 -0.05122804 -0.1659502 ]
 [ 0.39349489  0.35450727 -0.62319589 -0.25763154 -0.91246009 -0.84568546
   0.16346016  0.73864415  0.45591991 -0.78376742  0.10675214 -0.78039981]
 [ 0.686818    0.4743721   0.11897947 -0.25848956 -0.57744981 -0.51274836
  -0.66302979 -0.60506731 -0.28721258  0.97034166  0.36566712 -0.33444117]]

[[-0.69646605 -0.22829549  0.39555181  0.53468285 -0.20700447 -0.20409751
  -0.01129612 -0.26526093  0.35662992  0.22175038 -0.09379001  0.81829208]
 [ 0.11859453  0.14385932 -0.1833014  -0.12719146  0.46483288  0.1636048
   0.02808699 -0.30400378 -0.75282503 -0.65064914 -0.31368209  0.81797267]
 [ 0.88484712  0.20071256 -0.55245153 -0.48066473 -0.34478578 -0.02706615
  -0.0535478   0.70289072 -0.18483752 -0.59024109  0.05904861 -0.56677552]
 [ 0.09732968 -0.12350784 -0.10450098 -0.29192416  0.18997487  0.35815313
  -0.1994236   0.1867671  -0.57592979 -0.18621944 -0.30914621 -0.32554352]
 [ 0.5632399   0.34009445 -0.51842771 -0.1314919   0.44930743 -0.09037203
   0.28051407 -0.59921316 -0.83947131  0.95679335  0.18748216 -0.75314778]
 [ 0.14909301  0.25119915 -0.0160519   0.11968471  0.01230524 -0.30140727
   0.29021792 -0.28722096 -0.88207473  0.18197271 -0.49432906 -0.05638578]
 [ 0.20421917 -0.1437964  -0.28745804 -0.09148074 -0.24668314  0.05139917
  -0.17681039  0.28023969 -0.40241298 -0.51195347  0.9023486  -0.14829664]
 [-0.36072951  0.19603672  0.52742832  0.16371951 -0.00258036 -0.16257919
   0.14771509  0.0673605  -0.18352848 -0.47981509  0.44619185  0.6746266 ]
 [ 0.35662992 -0.75282503 -0.18483752 -0.57592979 -0.83947131 -0.88207473
  -0.40241298 -0.18352848  0.22911688  0.91967155 -0.14176193 -0.05141957]
 [ 0.22175038 -0.65064914 -0.59024109 -0.18621944  0.95679335  0.18197271
  -0.51195347 -0.47981509  0.46453429 -0.82673979 -0.92982291  0.29486188]
 [-0.09379001 -0.31368209  0.05904861 -0.30914621  0.18748216 -0.49432906
   0.9023486   0.44619185 -0.30071442 -0.06547307 -0.19277704  0.78619578]
 [ 0.81829208  0.81797267 -0.56677552 -0.32554352 -0.75314778 -0.05638578
  -0.14829664  0.6746266  -0.85150866  0.59574227 -0.73814419 -0.29168034]]

[[ 0.26580462  0.18010971 -0.17028077  0.08982168 -0.13728864 -0.30500612
   0.21878616 -0.16310112  0.57600528 -0.38168777  0.90462384  0.374677  ]
 [ 0.22459018  0.01029014 -0.71702602  0.11666473 -0.29497865 -0.09322026
  -0.3414167   0.30239499  0.03172845  0.67503602 -0.17999602  0.47623066]
 [-0.34979842 -0.41000518  0.41901165  0.09219186 -0.09039583  0.09903339
   0.04247847 -0.20883429 -0.57992231 -0.59422807  0.39673657  0.70951216]
 [ 0.17881726  0.01364008 -0.00238605 -0.1944042  -0.25379277  0.03805486
  -0.10292727  0.53259434  0.76589279 -0.88349296  0.57795313  0.85859234]
 [-0.81412513  0.26087749 -0.45863395  0.60048231  0.6578106   0.12892908
  -0.56262419 -0.34002443  0.67696041 -0.741651   -0.51035586  0.75991512]
 [-0.4736815   0.04397437  0.09353027  0.19323806  0.61109901  0.19130853
  -0.0648284  -0.54291925  0.90037086 -0.40262891  0.89812875  0.53297708]
 [-0.14718749  0.00235238  0.06169008  0.22445391 -0.22258985 -0.20479361
   0.02027963  0.01240878  0.53136586  0.72773025 -0.22842903 -0.41328598]
 [ 0.79814725 -0.41776916 -0.0824682  -0.52540192 -0.36699566  0.08609973
   0.29477187 -0.00064312  0.66361912 -0.77742293 -0.99547471 -0.90242103]
 [ 0.57600528  0.03172845 -0.57992231  0.76589279  0.67696041  0.90037086
   0.53136586  0.66361912 -0.32301095 -0.75236496 -0.75338155 -0.55252612]
 [-0.38168777  0.67503602 -0.59422807 -0.88349296 -0.741651   -0.40262891
   0.72773025 -0.77742293 -0.23417969 -0.44923182  0.35611624  0.48310644]
 [ 0.90462384 -0.17999602  0.39673657  0.57795313 -0.51035586  0.89812875
  -0.22842903 -0.99547471 -0.52369463  0.39310272  0.20735173 -0.35887975]
 [ 0.374677    0.47623066  0.70951216  0.85859234  0.75991512  0.53297708
  -0.41328598 -0.90242103 -0.31201407 -0.02359499 -0.53723654  0.46947351]]

[[-0.39070718  0.04971743  0.70356835 -0.1510737   0.21096482  0.22392876
   0.01774393  0.26623163 -0.8506155  -0.14205176 -0.27045     0.33554485]
 [-0.66502356  0.11300273 -0.06749774  0.60931397 -0.01655031 -0.20615393
  -0.27233275 -0.07708544 -0.10873327  0.99149004  0.64144013 -0.97172091]
 [-0.35562364 -0.76520267 -0.40792224  0.71066686 -0.67929271 -0.29638264
  -0.19263008 -0.55588648 -0.0730008   0.94487873 -0.65646527 -0.92025953]
 [ 0.14746725 -0.00594523 -0.38019462 -0.10911439  0.3240512   0.20859874
  -0.12742099 -0.20259132  0.70470861 -0.42377148  0.1874892  -0.99964493]
 [-0.05583519  0.24398539  0.15492253  0.09884521 -0.43160225 -0.26878879
  -0.05178951  0.63882132  0.16967843  0.69388026 -0.25197948  0.45641877]
 [ 0.4176411   0.25345466  0.10494059 -0.17245862 -0.34329618 -0.27841877
   0.2623786   0.36471481 -0.35650545  0.38582775 -0.22974191  0.29213727]
 [-0.59063881 -0.54199455  0.2161371   0.25384974 -0.1395782   0.19281473
  -0.27683381 -0.083756    0.84376897 -0.92520538  0.45300723  0.00386122]
 [-0.01394097  0.25139674 -0.3356149   0.49147627 -0.0183254  -0.48822716
   0.20218492 -0.59704594  0.96397154  0.6779499   0.06695177 -0.16800163]
 [-0.8506155  -0.10873327 -0.0730008   0.70470861  0.16967843 -0.35650545
   0.84376897  0.96397154  0.91903073 -0.5642748   0.24844059 -0.24450219]
 [-0.14205176  0.99149004  0.94487873 -0.42377148  0.69388026  0.38582775
  -0.92520538  0.6779499  -0.7643393   0.18438116 -0.5261967   0.81901916]
 [-0.27045     0.64144013 -0.65646527  0.1874892  -0.25197948 -0.22974191
   0.45300723  0.06695177  0.45444427 -0.35219556 -0.32123855 -0.44094583]
 [ 0.33554485 -0.97172091 -0.92025953 -0.99964493  0.45641877  0.29213727
   0.00386122 -0.16800163 -0.0151695   0.03668193  0.43176362 -0.11796951]]

[[ 0.50303774 -0.64424463  0.16633383 -0.53414429  0.13094588  0.3721908
   0.36985861 -0.61239751 -0.37500427 -0.42298297 -0.12940216  0.63255609]
 [ 0.08594716  0.33948212 -0.49201468  0.08543814  0.49439793  0.01194964
  -0.06590909 -0.35910495  0.33000947  0.6249907   0.44593883  0.41519358]
 [-0.39437054 -0.10968993  0.16118208  0.32286851  0.02811059 -0.09502774
   0.02156665 -0.34387268 -0.68349981 -0.16157833  0.53262432  0.62224352]
 [-0.0665508   0.46839113 -0.41574525  0.23337849  0.05815726 -0.18280991
  -0.24479245  0.27796332 -0.57902672 -0.36616563 -0.41247376 -0.20247188]
 [-0.02151888 -0.39204393 -0.29504352  0.0405548  -0.20673017  0.14628469
  -0.27501166  0.05235258 -0.29330003 -0.80233474  0.48039786 -0.73128656]
 [-0.17672857 -0.18022525  0.36681567 -0.00429275 -0.34242177 -0.00906744
  -0.0338984   0.36330577 -0.76780538  0.55330214 -0.20460297 -0.87761609]
 [ 0.22055878 -0.65124662 -0.16492917 -0.15223379  0.09624658  0.26552352
   0.12133856 -0.72935575  0.93522709 -0.62182646  0.10826804  0.91406148]
 [-0.3139026   1.03734173  0.48708294  0.17930996  0.4328065  -0.35417223
   0.24624468  0.22043643  0.45840735 -0.62611774  0.50788297 -0.96471134]
 [-0.37500427  0.33000947 -0.68349981 -0.57902672 -0.29330003 -0.76780538
   0.93522709  0.45840735 -0.36627468 -0.38026119 -0.77275059  0.95723673]
 [-0.42298297  0.6249907  -0.16157833 -0.36616563 -0.80233474  0.55330214
  -0.62182646 -0.62611774  0.68570299  0.45966494  0.4514267  -0.4699738 ]
 [-0.12940216  0.44593883  0.53262432 -0.41247376  0.48039786 -0.20460297
   0.10826804  0.50788297 -0.65415612 -0.09622889 -0.80343111  0.8765341 ]
 [ 0.63255609  0.41519358  0.62224352 -0.20247188 -0.73128656 -0.87761609
   0.91406148 -0.96471134 -0.78302095 -0.4216574  -0.30640255  0.02373873]]

[[ 0.05677559 -0.32811856  0.17601013 -0.37971173  0.04551849  0.41618958
  -0.13329997  0.25579677 -0.23000229 -0.46343013 -0.22585673  0.2772029 ]
 [ 0.48120338 -0.33835699 -0.32485909 -0.39183178 -0.53475916  0.19991723
  -0.28341146  0.74848729 -0.7119377   0.27076138  0.16370806  0.08594012]
 [ 0.35005048  0.83915853 -0.37099755 -0.27492381  0.89754983  0.11186772
   0.07471962 -0.13019961  0.66013558  0.44210124 -0.586207    0.40659705]
 [-0.07763696  0.03787156  0.10162873 -0.06730847 -0.01801077  0.08075751
  -0.10577718  0.28612566 -0.78061962  0.69805599 -0.28193025  0.14276301]
 [ 0.2766828  -0.38821859 -0.55193277  0.30138165 -0.81353844 -0.37601866
  -0.07010708 -0.00321807  0.62983864 -0.73905566 -0.7611991   0.96166992]
 [-0.16219211 -0.07801726 -0.11707571  0.60729029 -0.32750556 -0.55108833
   0.25249458 -0.66252308 -0.20871619 -0.84075033 -0.31319757 -0.16922362]
 [ 0.34521383  0.24398235 -0.17016966 -0.64060331  0.57935256  0.55686442
  -0.219943    0.43604498  0.49880375 -0.29105818  0.15775074 -0.51676602]
 [-0.07657808  0.0830833   0.19395921  0.17598415 -0.06613393 -0.24299145
   0.23447851 -0.23960717 -0.83490981  0.193459    0.8614297   0.02386096]
 [-0.23000229 -0.7119377   0.66013558 -0.78061962  0.62983864 -0.20871619
   0.49880375 -0.83490981  0.57807734  0.74563868 -0.52155179  0.40169995]
 [-0.46343013  0.27076138  0.44210124  0.69805599 -0.73905566 -0.84075033
  -0.29105818  0.193459    0.6917999  -0.93430472  0.45559089  0.89262858]
 [-0.22585673  0.16370806 -0.586207   -0.28193025 -0.7611991  -0.31319757
   0.15775074  0.8614297   0.95221523 -0.4282226  -0.03043894 -0.57230675]
 [ 0.2772029   0.08594012  0.40659705  0.14276301  0.96166992 -0.16922362
  -0.51676602  0.02386096  0.60687344  0.60162045  0.36075672  0.71408709]]

[[ 0.08821781 -0.44840045  0.87042162 -0.30341413 -0.05151571  0.07981718
   0.60278715 -0.47482002 -0.60150597  0.26967497  0.59284113 -0.13805173]
 [ 0.74495854 -0.11532449  0.28120984 -0.66347419 -0.09457591  0.11383123
   0.46112781  0.06742133 -0.33967953 -0.29572008  0.45794606 -0.89003376]
 [ 0.26739384  1.10480574 -0.87283552  0.13014964  0.64239104 -0.21896973
  -0.17441335  0.08174682 -0.10467523  0.30590639  0.66900183  0.01603195]
 [ 0.17317395 -0.03633812 -0.2878888  -0.0272996  -0.27090797 -0.03122283
  -0.17267222  0.33169998  0.17030619 -0.74696144  0.36547491  0.37473054]
 [-0.2120476   0.03023135  0.06579838  0.08147313  0.20319856  0.06723244
  -0.04624131 -0.13462599  0.53000298 -0.04092486  0.56025609 -0.96630255]
 [-0.5937734   0.01008713 -0.06560483  0.40085996  0.17261291  0.03497552
  -0.3170343  -0.09704329 -0.11205544 -0.90062945 -0.68070446  0.81531783]
 [ 0.34532814  0.38380383  0.03144743 -0.1773298   0.30048806 -0.11577549
   0.35673642 -0.25001945  0.06944208  0.86039946 -0.54902633  0.63814408]
 [ 0.33026743 -0.1065958  -0.00783627 -0.3128185  -0.14116205  0.11550246
   0.02802344  0.25901824 -0.92116393  0.8739449   0.44372318 -0.5253442 ]
 [-0.60150597 -0.33967953 -0.10467523  0.17030619  0.53000298 -0.11205544
   0.06944208 -0.92116393 -0.89684137 -0.67697958 -0.18247315 -0.99547665]
 [ 0.26967497 -0.29572008  0.30590639 -0.74696144 -0.04092486 -0.90062945
   0.86039946  0.8739449  -0.81897608  0.79722774  0.88043188 -0.90144907]
 [ 0.59284113  0.45794606  0.66900183  0.36547491  0.56025609 -0.68070446
  -0.54902633  0.44372318  0.05972169  0.10280945 -0.12646705  0.92429787]
 [-0.13805173 -0.89003376  0.01603195  0.37473054 -0.96630255  0.81531783
   0.63814408 -0.5253442   0.6737164  -0.31096136  0.57538072  0.60234857]]

[[ 0.01671333  0.20251174 -0.08225119 -0.2726897   0.20716029  0.29985068
  -0.312046    0.5825635  -0.37032636  0.86549891  0.37682607 -0.00100043]
 [ 0.21399573  0.35057565 -0.35665454  0.27529762 -0.0442785  -0.43769325
   0.21011944 -0.3300562   0.57815306  0.02173683 -0.31328633  0.56238928]
 [-0.35372707 -0.04391281 -0.54907628 -0.02289105  0.5711495   0.58826921
  -0.73947333  0.19640215  0.57740615 -0.1105641  -0.51372964  0.80692775]
 [ 0.04759778 -0.01154189 -0.10111609  0.15988769  0.0290353  -0.16708956
   0.17439946 -0.44067756 -0.31160037  0.19634984 -0.6061545   0.73478672]
 [ 0.29452837 -0.1118552   0.40002587  0.07619153 -0.40564832 -0.47924574
   0.68644077 -0.5139527   0.36932147  0.04568752 -0.90506849  0.36537754]
 [ 0.05374188 -0.23454163  0.53539425 -0.03518443 -0.44332474 -0.20330557
   0.35750929 -0.00161397 -0.53696761  0.01139228  0.31953895  0.91683702]
 [-0.14638147  0.1122136  -0.48870491 -0.21360239  0.65695593  0.60094702
  -0.61583957  0.27524495  0.14023426  0.92762898  0.05552071  0.32420213]
 [-0.08861988  0.23500434 -0.1721655   0.29498743 -0.30480228 -0.32154875
  -0.10475619  0.27968975  0.82873916 -0.75780626  0.14372129 -0.98818386]
 [-0.37032636  0.57815306  0.57740615 -0.31160037  0.36932147 -0.53696761
   0.14023426  0.82873916 -0.4131309   0.80365858 -0.97178676  0.4745585 ]
 [ 0.86549891  0.02173683 -0.1105641   0.19634984  0.04568752  0.01139228
   0.92762898 -0.75780626 -0.61942835 -0.05733436 -0.22614549 -0.18739083]
 [ 0.37682607 -0.31328633 -0.51372964 -0.6061545  -0.90506849  0.31953895
   0.05552071  0.14372129  0.88104065 -0.92904312 -0.24829986  0.62019519]
 [-0.00100043  0.56238928  0.80692775  0.73478672  0.36537754  0.91683702
   0.32420213 -0.98818386  0.14683706 -0.13392489 -0.03965702  0.81625175]]

[[-0.86188026  0.07984923 -0.2016561   0.63114057 -0.0085882  -0.03066589
  -0.62460482  0.26952881 -0.3783463   0.48433349  0.10969504  0.20192472]
 [-0.10909853  0.37066428 -0.46201673  0.32819848  0.33318882 -0.16445507
  -0.09499315 -0.34229821  0.40250958 -0.5853124  -0.55725238  0.52414796]
 [ 0.23614266 -0.49151421  0.51475121 -0.60293062  0.49260209  0.53985608
   0.37951989 -0.60883676 -0.44831323  0.80985051 -0.85217574 -0.97372704]
 [ 0.59820744  0.15556655 -0.14682666 -0.20091037 -0.05258928 -0.20877968
   0.39037601 -0.2281992  -0.94699939 -0.91490306  0.86252882  0.08208329]
 [-0.06228122  0.04001267 -0.34385887 -0.14082718  0.37090486  0.3774744
  -0.40139839  0.19301243  0.91151088 -0.88928513 -0.91685357  0.75671696]
 [-0.10613657 -0.15149123  0.19211734 -0.13501102 -0.13535828  0.17563174
  -0.16218053  0.40292363 -0.87426075 -0.10593773 -0.34449405  0.85475489]
 [-0.2598566  -0.19853554 -0.05422055 -0.04523433  0.48150877  0.39743623
  -0.20580239 -0.31089058  0.86578105  0.66882668 -0.80469486 -0.79726227]
 [-0.09457928  0.18461669  0.34127819  0.36023573 -0.4190258  -0.57730045
   0.38518251 -0.12746779  0.25929203  0.43253807 -0.3853557   0.45800622]
 [-0.3783463   0.40250958 -0.44831323 -0.94699939  0.91151088 -0.87426075
   0.86578105  0.25929203 -0.3303721   0.47772872 -0.19286298  0.1521662 ]
 [ 0.48433349 -0.5853124   0.80985051 -0.91490306 -0.88928513 -0.10593773
   0.66882668  0.43253807  0.89897057 -0.10604801 -0.55097942 -0.63468624]
 [ 0.10969504 -0.55725238 -0.85217574  0.86252882 -0.91685357 -0.34449405
  -0.80469486 -0.3853557  -0.92645521 -0.36535671 -0.33268185  0.85920767]
 [ 0.20192472  0.52414796 -0.97372704  0.08208329  0.75671696  0.85475489
  -0.79726227  0.45800622  0.88363796  0.49488203 -0.16111033 -0.46039739]]

[[ 0.3954246  -0.32277045 -0.48622121 -0.02190579 -0.41204916 -0.07308533
  -0.06093998 -0.01785094  0.70236153  0.30769573  0.66400661  0.46350679]
 [-0.13986804  0.62917774 -0.23643972  0.25852989  0.21785997 -0.23709936
  -0.10805833  0.14935753  0.34283243 -0.6226947   0.13760449  0.78560213]
 [ 0.0842432  -0.81400143 -0.17904822 -0.14344342 -0.16164676  0.35772579
  -0.15245992 -0.29267432 -0.9242215   0.23894767  0.30074461 -0.53369599]
 [-0.49332347  0.38293729  0.65929483  0.25368213 -0.08653803 -0.28006915
   0.12488497  0.3094823  -0.00380955  0.68756533  0.66213299  0.20840011]
 [-0.09173515  0.62754669 -0.62123778  0.14421832  1.08337649  0.14617886
  -0.1401773  -0.65246625 -0.09577867  0.01559407 -0.97052321  0.49471944]
 [ 0.25392255  0.03420454 -0.36234882 -0.26005147  0.58316836  0.32803725
  -0.03571489 -0.38454147  0.50607102  0.03151509  0.22906045 -0.20270028]
 [ 0.01571574 -0.54969091 -0.28390302  0.1582667  -0.35847879  0.00174056
  -0.11837656 -0.24133005 -0.43944413  0.23634375 -0.06675295  0.28444034]
 [ 0.39511454  0.00222227  0.09411886 -0.3948183  -0.31364256  0.06255248
   0.01727228  0.63013242  0.04009892  0.39408844 -0.37082415  0.98421456]
 [ 0.70236153  0.34283243 -0.9242215  -0.00380955 -0.09577867  0.50607102
  -0.43944413  0.04009892 -0.83347279  0.21316995 -0.11465925  0.05219208]
 [ 0.30769573 -0.6226947   0.23894767  0.68756533  0.01559407  0.03151509
   0.23634375  0.39408844 -0.39523961  0.46275655  0.25422548 -0.51302158]
 [ 0.66400661  0.13760449  0.30074461  0.66213299 -0.97052321  0.22906045
  -0.06675295 -0.37082415 -0.02868638  0.10750438 -0.82124066 -0.141145  ]
 [ 0.46350679  0.78560213 -0.53369599  0.20840011  0.49471944 -0.20270028
   0.28444034  0.98421456 -0.00472431 -0.15084431 -0.27555689 -0.19749177]]
