A: 
[[-0.59605316 -0.24642387 -0.38955912  0.18420053 -0.68477963  0.47996473
   0.21078396 -0.5146538  -0.92604858  0.63101752 -0.15884683 -0.56290836]
 [-0.51536242  0.29269974  0.28670447 -0.5434623  -0.08613261 -0.51449406
  -0.59262501  0.16287555  0.27022041 -0.9688211   0.76550147 -0.69741031]
 [-0.87435888  0.52954921 -0.5328888  -0.22403231 -0.23911171 -0.9318357
  -0.35317135 -0.07502649  0.06410143  0.87825046 -0.67992745  0.53876968]
 [ 0.33208496  0.50433176  0.14587965 -1.16629496  0.43099516 -0.84748056
   0.74183886  0.29791626 -0.03003285 -0.21270893  0.4409956   0.53237183]
 [-0.00044072 -0.32665283  0.99586915 -0.63089774 -0.406262    0.41924145
  -0.50516551  0.13107356 -0.45671655 -0.7581445   0.94245159 -0.22738202]
 [ 0.49857901 -0.35543361  0.51328804  0.32666346  0.39322047  0.76251677
  -0.09641582  0.13166879  0.29513614  0.80021389  0.34450311  0.65112743]
 [-0.30155614 -0.01928521  0.47653899 -0.23642099 -0.39032561 -0.20689615
  -0.8929346   0.16055383  0.54691416 -0.4828116   0.40087354  0.95158672]
 [-0.00325676  0.34142937 -0.40205203 -0.6088627  -0.73107926 -1.23150271
   0.14026348  0.04626415 -0.95903276 -0.42682536  0.63722748 -0.55918901]
 [ 0.97122639  0.07960473  0.46330652 -0.08342972  0.54779804 -0.40426849
  -0.14667418  0.55637705  0.34425574 -0.51745213  0.12806893 -0.25671765]
 [-0.25071126 -0.13320068 -0.88460162  0.43240151 -0.58376812  0.15289272
   0.6546108  -0.52511886 -0.227546   -0.93339657  0.95890371  0.29445815]] 
x segnato:[[-0.23938342]
 [ 0.67805176]
 [-0.04834924]
 [-0.44268727]
 [ 0.97759511]
 [ 0.47239716]
 [ 0.21677091]
 [ 0.88076883]
 [ 0.        ]
 [ 0.        ]
 [ 0.        ]
 [ 0.        ]]
Matrici Hi 

[[ 0.63018808 -0.60008393 -0.4381431   0.74291366 -1.14182509  0.21149425
   0.16883643 -0.28186202 -0.42314231  0.74154695 -0.10999916  0.23987174]
 [ 0.11105452  0.02395791 -0.07559628 -0.10105204 -0.19846297 -0.23939653
   0.06817731  0.01599038 -0.23142531 -0.55426228  0.20036136 -0.37216536]
 [ 0.34078169  0.16495592  0.11672708  0.0287212   0.4520786  -0.29731601
  -0.12190319  0.28652969  0.91104579 -0.39843462 -0.79491014 -0.38444519]
 [-0.19276561 -0.40835523 -0.00513122  0.45411761 -0.41059467  0.72020161
  -0.1425233  -0.28721196 -0.38356675  0.26743848 -0.42933817 -0.91165952]
 [ 0.64687438 -0.11386204 -0.36652282  0.67992343 -0.23604924 -0.35235831
  -0.1246693   0.1094383  -0.22191611 -0.31080198  0.66973539 -0.68653173]
 [-0.13792542  0.24577272  0.08938776  0.30093431  0.95090182  0.09303238
  -0.29832939  0.20507249 -0.02174144 -0.71012674  0.76825534  0.10961331]
 [ 0.1644641  -0.01239361 -0.46956609  0.33004014 -0.25919654 -0.23295098
   0.19118691 -0.10143818  0.09581814 -0.91190579  0.21672025 -0.6114938 ]
 [ 0.35883188 -0.17152374 -0.09106691  0.1764642  -0.38413869 -0.08727534
   0.02838774 -0.00502213  0.98140558  0.85783501 -0.10841983 -0.71039514]
 [-0.42314231 -0.23142531  0.91104579 -0.38356675 -0.22191611 -0.02174144
   0.09581814  0.98140558  0.41214128  0.66598682 -0.91189738 -0.6112581 ]
 [ 0.74154695 -0.55426228 -0.39843462  0.26743848 -0.31080198 -0.71012674
  -0.91190579  0.85783501  0.68294782  0.13708581  0.87240423 -0.74365202]
 [-0.10999916  0.20036136 -0.79491014 -0.42933817  0.66973539  0.76825534
   0.21672025 -0.10841983 -0.21297935  0.57807587 -0.86356146 -0.62359019]
 [ 0.23987174 -0.37216536 -0.38444519 -0.91165952 -0.68653173  0.10961331
  -0.6114938  -0.71039514  0.14363693 -0.22924733  0.79763769 -0.73988784]]

[[ 0.37766787 -0.44436158 -0.02249085  0.13546438 -0.50800557  0.53822685
   0.46791446 -0.23456555  0.60671834 -0.94463109  0.2240373   0.75688147]
 [ 0.17198823 -0.03703695  0.02934625  0.1035928  -0.06530579 -0.09464386
  -0.13493692  0.07517829 -0.75803553  0.40609775 -0.1952681  -0.47714974]
 [ 0.31261539  0.16795777 -0.02914122 -0.12342606  0.547996   -0.10342543
   0.42659382  0.13227668  0.24899012 -0.84110605 -0.80301627  0.11544544]
 [-0.40780227 -0.05880455  0.25649477 -0.87048252 -0.85982777 -0.15548823
   0.03015082 -0.16242807 -0.98688511 -0.20846761  0.44412582 -0.97844997]
 [ 0.58975273 -0.01290862  0.03564329 -0.47564799  0.15245992 -0.00231816
   0.92134861  0.02758397 -0.46649743  0.13351664 -0.55138514 -0.65910467]
 [-0.13432617  0.29603592 -0.11576627 -0.43368136  0.69728216  0.05445558
   0.763838   -0.04528594 -0.35015858 -0.74734953  0.28495793 -0.97829451]
 [ 0.27077063 -0.24799137 -0.35125727  0.81909111  0.41730432  0.74175667
   0.46022476 -0.20225129 -0.24151933 -0.34092589  0.44962857  0.44598193]
 [ 0.26957317 -0.09457585  0.07752029 -0.10969199 -0.18401267 -0.0361309
   0.12626158  0.02975758  0.32386036  0.93532584  0.69527383 -0.95626318]
 [ 0.60671834 -0.75803553  0.24899012 -0.98688511 -0.46649743 -0.35015858
  -0.24151933  0.32386036 -0.15653786  0.34030157 -0.2595093   0.39605214]
 [-0.94463109  0.40609775 -0.84110605 -0.20846761  0.13351664 -0.74734953
  -0.34092589  0.93532584 -0.63870758  0.89817016 -0.82123911 -0.0654455 ]
 [ 0.2240373  -0.1952681  -0.80301627  0.44412582 -0.55138514  0.28495793
   0.44962857  0.69527383 -0.58007249 -0.45639775 -0.80520161  0.25345674]
 [ 0.75688147 -0.47714974  0.11544544 -0.97844997 -0.65910467 -0.97829451
   0.44598193 -0.95626318  0.66407955  0.63681519 -0.27047524  0.32822172]]

[[ 0.17499969 -0.10095001  0.05722519  0.18533603 -0.29642678 -0.15952832
  -0.36804343  0.08766302 -0.65675501  0.89770659 -0.34315154 -0.12242792]
 [-0.29952427  0.12227812 -0.09514125 -0.18974159  0.0202991  -0.0579705
   0.11105787 -0.08513965 -0.87857411  0.13077908  0.14707148  0.89652868]
 [-0.0182655  -0.31711893  0.03697999  0.47210326  0.02565637  0.73322326
  -0.00601712 -0.17557689  0.53724862 -0.47166068  0.97041012 -0.68960385]
 [ 0.46900824  0.42687064 -0.07093955 -0.02533165  0.77005728 -0.72939765
   0.0214221   0.42055721  0.26675408  0.48794431  0.69735937  0.11354042]
 [-0.09158827  0.28015404 -0.27466258  0.06774873 -0.09204208 -0.73236372
  -0.34447723  0.13298107 -0.85187425 -0.92314423  0.95873258 -0.77180457]
 [ 0.49666945 -0.07462119  0.00305921  0.32701009 -0.24827264 -0.39605723
  -0.41189831  0.219687    0.85669736  0.53664421 -0.43186281 -0.43060017]
 [-0.00477209 -0.08697081  0.01067096 -0.26756016 -1.33940957 -0.83945846
  -0.67170617  0.04663981  0.36072886  0.8550319  -0.84689619  0.96962382]
 [-0.11134148 -0.01072466 -0.03641823  0.12576534  0.18895179  0.2250296
   0.05638523 -0.06045917 -0.1045425  -0.62903627 -0.19569681 -0.43190763]
 [-0.65675501 -0.87857411  0.53724862  0.26675408 -0.85187425  0.85669736
   0.36072886 -0.1045425  -0.61212588  0.63707382  0.4351471   0.99625145]
 [ 0.89770659  0.13077908 -0.47166068  0.48794431 -0.92314423  0.53664421
   0.8550319  -0.62903627  0.19815104 -0.99641412 -0.24496075 -0.87167875]
 [-0.34315154  0.14707148  0.97041012  0.69735937  0.95873258 -0.43186281
  -0.84689619 -0.19569681 -0.86394291  0.34701829  0.49992269  0.73030941]
 [-0.12242792  0.89652868 -0.68960385  0.11354042 -0.77180457 -0.43060017
   0.96962382 -0.43190763 -0.45221068 -0.14668227 -0.43904182 -0.81576045]]

[[ 0.53329071  0.0290351   0.10035889  0.21745211  0.08843719 -0.40420059
  -0.34362496  0.31097154  0.68115174 -0.67474533  0.93063802  0.85931672]
 [-0.00750731 -0.1369151  -0.01511761  0.29737776  0.07483282  0.35067738
  -0.02201803 -0.07626649  0.26150484  0.45285661  0.64032613  0.66845777]
 [ 0.25317887  0.34322542 -0.26963591 -0.34924403  0.26876104 -0.63806614
   0.50995804  0.12811946 -0.98137703  0.0488235  -0.23505666 -0.84506618]
 [ 0.19342622 -0.42204057  0.57115962 -0.33090361 -0.67781387  0.38347206
  -0.16893582 -0.02761883  0.65944737  0.25044513 -0.72962016  0.54864986]
 [ 0.82832895 -0.21862625  0.27311044  0.06820057  0.0079348   0.03971168
   0.11437952  0.21818322  0.69420869 -0.25268333  0.55909678  0.96364402]
 [ 0.29870926  0.19744864  0.1225822  -0.64586491 -0.10815882 -0.6236593
   0.22998157  0.19639203 -0.46743371 -0.17898778 -0.22419756  0.5362727 ]
 [ 0.17974678  0.10599483 -0.02651401  0.53528796  0.34798538 -0.26195965
  -0.58954756  0.25734787 -0.082109    0.3549197   0.16613284 -0.25948907]
 [ 0.23968179 -0.02000914 -0.01682348  0.05877442  0.06157091 -0.03637678
   0.1045026   0.05306179 -0.60169496  0.87732031 -0.93477751 -0.17640285]
 [ 0.68115174  0.26150484 -0.98137703  0.65944737  0.69420869 -0.46743371
  -0.082109   -0.60169496 -0.71174088 -0.94752576  0.76954931 -0.60111348]
 [-0.67474533  0.45285661  0.0488235   0.25044513 -0.25268333 -0.17898778
   0.3549197   0.87732031  0.30018243  0.13824553  0.85705548  0.02177865]
 [ 0.93063802  0.64032613 -0.23505666 -0.72962016  0.55909678 -0.22419756
   0.16613284 -0.93477751 -0.22556138 -0.05167606  0.52970284 -0.83167092]
 [ 0.85931672  0.66845777 -0.84506618  0.54864986  0.96364402  0.5362727
  -0.25948907 -0.17640285 -0.45158293 -0.23174288 -0.09582594 -0.8135734 ]]

[[-0.59241324 -0.05044297 -0.7006389   0.35056601 -0.3438727   0.28517189
   0.39845572 -0.49997313 -0.01551822  0.31463878 -0.46272603 -0.30903526]
 [ 0.15684332 -0.14225068 -0.21228069  0.22794434 -0.3734804  -0.0240342
   0.06575926 -0.09745209  0.68509113 -0.07677221 -0.78656134  0.69920277]
 [-0.39410872 -0.11406943  0.11477419 -0.38515808 -0.55710282  0.13645501
  -0.00417287 -0.20245529  0.11957564 -0.20173893 -0.49951394  0.07644866]
 [ 0.48426886  0.12281213 -0.19267257  0.60540453  0.92501735  0.06289112
   0.16790077  0.20135359  0.14964737  0.52647782  0.78754967 -0.15129538]
 [ 0.06847085 -0.3537681  -0.71033913  0.79645686 -0.48334762  0.48974098
   0.49157157 -0.45532475  0.26749067  0.1498653  -0.42530047 -0.49034188]
 [-0.07939708  0.10867014  0.37525044 -0.20003213  0.67232479  0.26952241
  -0.02625359  0.14562272  0.94731734 -0.36159112 -0.2414117  -0.71932353]
 [-0.42053904  0.01015507 -0.27066872  0.12314843 -0.01590476  0.23954161
   0.16645116 -0.24539863 -0.10195887 -0.78793062  0.16802413 -0.19162782]
 [-0.12588858 -0.13917865 -0.31960831  0.17346041 -0.4761618   0.08832932
   0.1648064  -0.24834773 -0.25818204  0.23225147  0.48213263  0.09426194]
 [-0.01551822  0.68509113  0.11957564  0.14964737  0.26749067  0.94731734
  -0.10195887 -0.25818204  0.74935655  0.56428819  0.68709113  0.14311607]
 [ 0.31463878 -0.07677221 -0.20173893  0.52647782  0.1498653  -0.36159112
  -0.78793062  0.23225147  0.43739931 -0.9479587   0.10909804 -0.31890642]
 [-0.46272603 -0.78656134 -0.49951394  0.78754967 -0.42530047 -0.2414117
   0.16802413  0.48213263  0.35158056  0.41134888  0.12826603  0.33200327]
 [-0.30903526  0.69920277  0.07644866 -0.15129538 -0.49034188 -0.71932353
  -0.19162782  0.09426194  0.41203127 -0.74658953  0.15230923 -0.36377318]]

[[ 0.03488718  0.39536623 -0.36423256  0.72353348  0.98723724 -0.37106426
  -0.3572448   0.26532296  0.55920479 -0.26060015  0.14997947  0.54493046]
 [ 0.27689766 -0.11540569  0.30022774 -0.1938014  -0.27256784 -0.10829575
  -0.18081524  0.13256212  0.9263113   0.27066574 -0.39682727 -0.17736258]
 [ 0.24946659 -0.03970225 -0.00903324  0.02886678  0.34467722  0.26771111
   0.43894703 -0.01365431 -0.27245143 -0.17036365 -0.36288548 -0.6212636 ]
 [-0.18231978  0.08935984 -0.55818594  0.31207593 -0.44021925 -0.44570395
  -0.10288339 -0.13530795 -0.0961917   0.00379891 -0.44008174  0.70369442]
 [ 0.74914271  0.00591825 -0.2019711  -0.25435594 -0.3969412  -0.61542622
   0.51981685  0.10934594 -0.86146925 -0.49671693 -0.91280762  0.9285813 ]
 [-0.15305302  0.09079232 -0.61155148 -0.2000094  -0.1019371   0.02471282
   1.03239578 -0.36445723 -0.24803774  0.21213645  0.20570612  0.92117833]
 [-0.10849094  0.30139499 -0.13570772 -0.12082554  0.49784163 -0.24952889
   0.16621791  0.08244378 -0.27026842 -0.8518882   0.910174   -0.49221305]
 [ 0.2747311   0.00752934  0.05547309  0.17956953  0.16657791 -0.10648176
  -0.15215184  0.15583918  0.6780666   0.47172819 -0.29984007 -0.49849822]
 [ 0.55920479  0.9263113  -0.27245143 -0.0961917  -0.86146925 -0.24803774
  -0.27026842  0.6780666   0.44246073  0.7181069  -0.19871     0.39955295]
 [-0.26060015  0.27066574 -0.17036365  0.00379891 -0.49671693  0.21213645
  -0.8518882   0.47172819 -0.45243006 -0.79332958  0.0109736   0.89021361]
 [ 0.14997947 -0.39682727 -0.36288548 -0.44008174 -0.91280762  0.20570612
   0.910174   -0.29984007 -0.29874535  0.09761739  0.70762075 -0.66609019]
 [ 0.54493046 -0.17736258 -0.6212636   0.70369442  0.9285813   0.92117833
  -0.49221305 -0.49849822  0.20108889 -0.47805819  0.49617818 -0.5242768 ]]

[[-0.2889155   0.12191316 -0.13010907  0.37549699  0.56608318  0.23191268
  -0.12675616 -0.01962101 -0.54961692  0.28433776  0.48871099 -0.71602042]
 [ 0.25846799 -0.16175923  0.37668869 -0.10730672 -0.10774059  0.11762495
  -0.18842723  0.1241332  -0.41944763  0.11941286  0.52040894  0.15727771]
 [-0.69204221  0.04567333  0.27068956 -0.36695597 -0.14430093  0.15855114
  -0.35660701 -0.09745898 -0.38736696 -0.49593588  0.52209169 -0.23233667]
 [ 0.42402481  0.25654107 -1.0105597   0.32657558  0.04479108 -0.66334004
   0.89021906 -0.1126388  -0.39570024 -0.61093511 -0.85968214 -0.85900555]
 [ 0.36633291 -0.18082377  0.03842453 -0.07172641 -0.251001    0.09116736
   0.29645345 -0.03064141  0.436468   -0.08311006 -0.33236955 -0.09678649]
 [-0.14172223  0.11804488 -0.68207559  0.0433029  -0.19669147 -0.19885
   0.66636394 -0.28642372 -0.648755    0.78517497 -0.12232324 -0.55149194]
 [ 0.30911871 -0.21920428  0.11657275  0.44924394  0.33780806  0.5367694
   0.02994734  0.02139079 -0.7314264   0.64886652 -0.15217035 -0.54802822]
 [-0.16778371  0.00368769  0.20247636 -0.10261856  0.03441802  0.07673803
  -0.22897743  0.03552527 -0.7820989  -0.20247435 -0.64048444 -0.85124382]
 [-0.54961692 -0.41944763 -0.38736696 -0.39570024  0.436468   -0.648755
  -0.7314264  -0.7820989  -0.79717207  0.91487357  0.44896271  0.54728155]
 [ 0.28433776  0.11941286 -0.49593588 -0.61093511 -0.08311006  0.78517497
   0.64886652 -0.20247435  0.5586602   0.03031071  0.62158469 -0.79780188]
 [ 0.48871099  0.52040894  0.52209169 -0.85968214 -0.33236955 -0.12232324
  -0.15217035 -0.64048444 -0.49755574  0.90353732 -0.21891412 -0.7817383 ]
 [-0.71602042  0.15727771 -0.23233667 -0.85900555 -0.09678649 -0.55149194
  -0.54802822 -0.85124382  0.05410551 -0.02726753  0.0293246   0.33405294]]

[[ 0.94595929 -0.51624138 -0.22406245  1.00284557 -0.45784702  0.24130924
  -0.0654051   0.0034122   0.28811882 -0.27101508  0.41403714  0.10715425]
 [ 0.04754883  0.11065     0.05160411 -0.25848946 -0.2220653  -0.45473835
  -0.16419323  0.11860133  0.09037722  0.42455879  0.94620001 -0.75732815]
 [-0.10393261 -0.07992624  0.69864064  0.04750548  0.6236809   0.56410571
  -0.5774452   0.21756645 -0.18462692 -0.19480419 -0.14206384  0.12198361]
 [ 0.51865735  0.11665228 -0.52682863  0.13763802 -0.1980174  -0.64362681
   0.41674952  0.04327715 -0.03199643 -0.9705371  -0.95107858 -0.75385912]
 [ 0.77611545 -0.11154565  0.5607891  -0.27836941 -0.56198042 -0.70621348
  -0.6765105   0.4715894   0.89784303  0.0655516   0.4735514   0.27209781]
 [-0.11275963 -0.13326333  0.40908464 -0.14148907  0.22450062  0.53284268
  -0.04503927 -0.00767967 -0.75242909  0.92926471 -0.49532569 -0.3492595 ]
 [ 0.27628173 -0.49725557 -0.14265977  0.28339068 -0.9475719   0.34638288
   0.16221323 -0.27937354  0.04108943 -0.98847264  0.37787022  0.68563586]
 [ 0.32021737 -0.0436742   0.15337861  0.16332622  0.02692164 -0.14033602
  -0.30454968  0.19293631 -0.30457987  0.16875831  0.05328018  0.92594932]
 [ 0.28811882  0.09037722 -0.18462692 -0.03199643  0.89784303 -0.75242909
   0.04108943 -0.30457987  0.43783932 -0.40409381 -0.13685478  0.16306203]
 [-0.27101508  0.42455879 -0.19480419 -0.9705371   0.0655516   0.92926471
  -0.98847264  0.16875831  0.44432577 -0.30123893  0.67547744 -0.75223002]
 [ 0.41403714  0.94620001 -0.14206384 -0.95107858  0.4735514  -0.49532569
   0.37787022  0.05328018 -0.63426097  0.49870879 -0.23810665 -0.96343302]
 [ 0.10715425 -0.75732815  0.12198361 -0.75385912  0.27209781 -0.3492595
   0.68563586  0.92594932  0.67982152  0.98854704 -0.74933865 -0.1279361 ]]

[[-0.15078865 -0.36023351  0.45178465  0.27371945 -0.29603706  0.56802583
  -0.68733752 -0.02262361 -0.61755381  0.79688535 -0.9269013  -0.56313983]
 [ 0.05567852  0.0743286  -0.00049262 -0.20188422  0.07708409 -0.09878176
   0.20485502  0.02168183  0.04606356  0.74059025 -0.55929432 -0.49841555]
 [-0.2182609   0.10838933 -0.3045713   0.06186574 -0.61889025 -0.6366553
  -0.41085753 -0.02193258  0.20719121 -0.24841033  0.11586386 -0.57191633]
 [ 0.53747447 -0.28583606  0.65450242 -0.2733659   0.19639118  0.53441744
   0.17908688  0.15162638 -0.97636776  0.03400028 -0.39560987  0.38785438]
 [-0.06148027  0.17840866  0.26388099 -0.29296502  0.45304029 -0.05399637
  -0.05016944  0.1640281  -0.42827813 -0.34662714 -0.28204091 -0.52602594]
 [-0.23432185  0.20836317 -0.13464175  0.22457124  0.49200444 -0.04801739
  -0.15300066  0.05127653  0.42795528 -0.29739305 -0.04148893  0.63868301]
 [-0.59435655  0.12542918 -0.04077299  0.5281466   0.98733254  0.67392377
  -0.19628916 -0.08033036  0.67606454 -0.26166055 -0.52565046  0.70253697]
 [ 0.05096753 -0.0864379   0.11553542 -0.12195205 -0.39730928 -0.13445417
  -0.18912123  0.02184059 -0.39967409 -0.25103097  0.68919975 -0.62973902]
 [-0.61755381  0.04606356  0.20719121 -0.97636776 -0.42827813  0.42795528
   0.67606454 -0.39967409  0.93198384 -0.22926898  0.55894608 -0.41599471]
 [ 0.79688535  0.74059025 -0.24841033  0.03400028 -0.34662714 -0.29739305
  -0.26166055 -0.25103097 -0.86039742 -0.03413006  0.1277637   0.72480214]
 [-0.9269013  -0.55929432  0.11586386 -0.39560987 -0.28204091 -0.04148893
  -0.52565046  0.68919975 -0.73350092 -0.67096903  0.39223697  0.80055013]
 [-0.56313983 -0.49841555 -0.57191633  0.38785438 -0.52602594  0.63868301
   0.70253697 -0.62973902 -0.62796289  0.25692262 -0.23024623 -0.58164541]]

[[ 0.56514809 -0.18280741 -0.04671316 -0.30539349 -0.66171204 -0.26113225
   0.45449718 -0.02572465  0.28396456 -0.34230622  0.07145895 -0.51150481]
 [-0.17485876  0.02138765 -0.05997039  0.06551478  0.1033955   0.12517353
   0.01818148 -0.06585045 -0.48272328 -0.07902218 -0.28441291 -0.35763119]
 [ 0.48480672  0.11580707 -0.11939374  0.12521409  0.55127033 -0.1049117
   0.3938865   0.15292465  0.93554595 -0.06488014 -0.40216808  0.05803875]
 [-0.07324212 -0.14094275  0.16834541 -0.54342994 -0.88060628 -0.21166268
  -0.03385486 -0.09277554 -0.99974314  0.20305442 -0.54753861  0.9177432 ]
 [ 0.48734732 -0.16715384  0.02305632  0.10342503 -0.06674858  0.09332785
   0.24173486  0.03623883 -0.3970854  -0.48170871  0.70640543  0.19280499]
 [ 0.45700067 -0.09687844  0.19486046  0.21997955  0.12970438 -0.01220453
  -0.21247286  0.20654435  0.87812623  0.85555249  0.44371183 -0.67153712]
 [ 0.21925877 -0.24911345  0.1164684   0.42567225 -0.17440431  0.22899422
  -0.35981459  0.03598614  0.5506476   0.88980788  0.78461775  0.64515597]
 [ 0.18827038  0.0177495  -0.10172541 -0.13378416 -0.02667961 -0.09400378
   0.35047939 -0.01877741  0.53606983  0.47091695  0.30225933  0.27873689]
 [ 0.28396456 -0.48272328  0.93554595 -0.99974314 -0.3970854   0.87812623
   0.5506476   0.53606983 -0.48021718 -0.32320116  0.71160139 -0.09980832]
 [-0.34230622 -0.07902218 -0.06488014  0.20305442 -0.48170871  0.85555249
   0.88980788  0.47091695  0.3680309  -0.85998572 -0.76830933 -0.6112887 ]
 [ 0.07145895 -0.28441291 -0.40216808 -0.54753861  0.70640543  0.44371183
   0.78461775  0.30225933  0.29925457 -0.30661916  0.2358259   0.20074421]
 [-0.51150481 -0.35763119  0.05803875  0.9177432   0.19280499 -0.67153712
   0.64515597  0.27873689  0.12845336 -0.01724019 -0.19109997 -0.2152924 ]]
