A: 
[[-0.50559668 -0.58837984 -0.35208184  0.50619953 -0.1348706   0.56971438
  -0.29960656  0.2661977  -0.57949321  0.09387017 -0.19942683 -0.93813753]
 [ 0.25186765  0.03643975  0.33529695  0.19305823 -0.0760716  -0.32049164
  -0.57531204 -0.18136758 -0.66767438  0.18585538 -0.27476485 -0.91304116]
 [ 0.46788007  0.37644579  0.43050766 -0.17694487  0.03101694 -0.55123147
  -0.58323853 -0.1696521  -0.5123935   0.75540311 -0.38573849 -0.35750815]
 [ 0.33042624 -0.10713545  0.53640601  0.52204132 -0.18627886 -0.4425987
  -0.12732944  0.4583715  -0.01056997 -0.04658329  0.87160305  0.63854584]
 [-0.35593089 -0.46992785 -0.21314611  0.45300816 -0.12604606  0.39310515
   0.2727056   0.2226106   0.62365634 -0.91274088  0.82809414 -0.102791  ]
 [ 0.36834815 -0.06515015  0.56415043  0.48779624 -0.17736062 -0.48563638
  -0.3750573   0.68802532  0.98047224  0.49948029 -0.50333377 -0.74823463]
 [-0.15955202  0.04994015 -0.25789645 -0.24896809  0.08894773  0.21346031
   0.10925545 -0.42221412  0.62734521 -0.64499095 -0.05749959 -0.06098663]
 [ 0.47940987  0.18173268  0.56820253  0.17254442 -0.0820755  -0.59396973
   0.40141829  0.46909664 -0.71565133  0.6498638   0.32610697 -0.1268169 ]
 [-0.46824739 -0.40400803 -0.41385843  0.22438182 -0.04626019  0.54776724
  -0.39244583 -0.1107836  -0.6785494   0.23858631  0.90436289 -0.87957377]
 [-0.14687741  0.24641153 -0.36228313 -0.57688006  0.19375654  0.22515021
   0.05102194  0.36619944 -0.60313908 -0.16984463 -0.90545746  0.02289091]
 [-0.00216113  0.3507903  -0.22161487 -0.61069541  0.19662071  0.05293002
   0.0528428  -0.69027007 -0.33464421  0.85563298  0.44613725  0.79031197]
 [-0.52999    -0.44571476 -0.4756346   0.2339068  -0.04590482  0.62164818
   0.77271256  0.52413231 -0.24447719 -0.30708498  0.4349801   0.06011297]
 [ 0.13738317 -0.18671691  0.31159836  0.46367099 -0.15680379 -0.20434122
   0.67208743  0.76010641  0.03268311  0.94667453 -0.51783214  0.74393239]
 [-0.07856344 -0.13589316 -0.02700658  0.15579026 -0.04577603  0.08217136
  -0.54620017 -0.65094712  0.09720086 -0.80830468 -0.82881123  0.76554199]
 [-0.2032714  -0.51278973  0.03054369  0.68268502 -0.20840472  0.18956946
  -0.37580334 -0.81636299 -0.00203065  0.83446084 -0.67423635 -0.99055085]
 [ 0.41266355  0.07864397  0.5375553   0.2834542  -0.11406513 -0.52239108
   0.75221517  0.57447586  0.73545978  0.25695181 -0.21046651 -0.7199813 ]
 [-0.09807753  0.04049093 -0.16463113 -0.17002851  0.06014233  0.13261481
   0.15475051  0.22790566  0.12226802 -0.99061894 -0.75984121  0.38590905]
 [ 0.25554381 -0.23033172  0.50672134  0.65955231 -0.22637716 -0.36337273
   0.88007123  0.18420216  0.18973339  0.71746275 -0.18943601  0.66844011]
 [-0.07455643  0.32968057 -0.3113645  -0.64773769  0.21254994  0.14353011
   0.31534424 -0.05256552 -0.97809498  0.43656561  0.8416819   0.25269595]
 [-0.17649494  0.28269766 -0.42698716 -0.66995861  0.22534669  0.26863583
   0.0626002  -0.02485226 -0.56618299 -0.67591383  0.37217009  0.11541631]] 
x segnato:[[-0.43049326]
 [-0.28171811]
 [-0.53883167]
 [ 0.01072696]
 [-0.14912868]
 [-0.72508319]
 [ 0.        ]
 [ 0.        ]
 [ 0.        ]
 [ 0.        ]
 [ 0.        ]
 [ 0.        ]]
Matrici Hi 

[[-0.00262705  0.13127753 -0.08552021 -0.23039282  0.07427809  0.02215949
  -0.62018579  0.22105501 -0.4781029  -0.84239751 -0.90876081  0.56649749]
 [-0.06963874 -0.12370591 -0.02191389  0.14373034 -0.04238994  0.07237231
  -0.14093966  0.26787518  0.21032614 -0.13762242 -0.16885679 -0.12524882]
 [ 0.03965105  0.26366396 -0.1079041  -0.41701945  0.13198622 -0.0135911
   0.6405887   0.05989838 -0.18518736  0.14392442 -0.21853448 -0.72948546]
 [ 0.11812551  0.34815699 -0.0490016  -0.48373927  0.14910735 -0.10299358
  -0.60132513  0.31139318  0.88525367 -0.91219124 -0.80130274  0.48512488]
 [-0.03786325 -0.1192971   0.02050438  0.16841329 -0.05209225  0.03191232
  -0.65051616 -0.35434184 -0.35023798 -0.1451502   0.934171    0.87156165]
 [-0.00655571 -0.18744018  0.10745748  0.31847185 -0.10211025 -0.01831174
  -0.78951592 -0.05082148  0.4215422  -0.56506496  0.14183891 -0.05011304]
 [-0.62018579 -0.14093966  0.6405887  -0.60132513 -0.65051616 -0.78951592
  -0.67358726  0.66858326  0.82211316 -0.60989359  0.17177479 -0.03845341]
 [ 0.22105501  0.26787518  0.05989838  0.31139318 -0.35434184 -0.05082148
  -0.37711393 -0.61224729  0.95760298  0.69460468  0.09877663 -0.72215624]
 [-0.4781029   0.21032614 -0.18518736  0.88525367 -0.35023798  0.4215422
  -0.53211118  0.40327929  0.23229223 -0.10870211  0.52333849  0.30457996]
 [-0.84239751 -0.13762242  0.14392442 -0.91219124 -0.1451502  -0.56506496
  -0.69037263 -0.90549607 -0.44003253 -0.54238488  0.20279431  0.98057097]
 [-0.90876081 -0.16885679 -0.21853448 -0.80130274  0.934171    0.14183891
   0.06841805 -0.14873149  0.64664758 -0.70780609 -0.54793692 -0.77509946]
 [ 0.56649749 -0.12524882 -0.72948546  0.48512488  0.87156165 -0.05011304
  -0.26358126 -0.98463476  0.26485039  0.14873716 -0.91634109  0.23896978]]

[[-0.17921503 -0.10948186 -0.18652477  0.00756587  0.00749305  0.2161025
   0.651251   -0.84056111 -0.62046964  0.08100085 -0.479867   -0.1116582 ]
 [-0.08551244  0.0656785  -0.1624633  -0.20093536  0.06939106  0.11996625
  -0.10412013 -0.09956434  0.69305635 -0.40074859  0.2007685  -0.02508708]
 [-0.20145776 -0.19653288 -0.16390712  0.1359371  -0.03258032  0.232424
   0.60356486  0.2026638  -0.47514509 -0.80369739 -0.69686014  0.36054772]
 [-0.03401254 -0.22532357  0.09203239  0.35624951 -0.11274486  0.0117794
  -0.0732589  -0.54859449 -0.23724664 -0.99564104 -0.65845582  0.80598676]
 [ 0.02087157  0.07856613 -0.01928048 -0.11504807  0.03586239 -0.01576106
   0.38035175  0.46086132  0.76256191 -0.5080642  -0.96339335  0.44405414]
 [ 0.21952824  0.15096201  0.21798284 -0.03850164  0.0002279  -0.26230466
   0.89603811  0.78657698  0.46297133  0.05354896 -0.52646691  0.16278011]
 [ 0.651251   -0.10412013  0.60356486 -0.0732589   0.38035175  0.89603811
   0.82178873 -0.77636298  0.44416479  0.67249425 -0.26543789 -0.92141479]
 [-0.84056111 -0.09956434  0.2026638  -0.54859449  0.46086132  0.78657698
  -0.73918625 -0.63387875 -0.33742751  0.42430494  0.81117603 -0.835618  ]
 [-0.62046964  0.69305635 -0.47514509 -0.23724664  0.76256191  0.46297133
  -0.11061251 -0.37760787 -0.46118703  0.16473304  0.85798379 -0.07656799]
 [ 0.08100085 -0.40074859 -0.80369739 -0.99564104 -0.5080642   0.05354896
   0.54702534  0.58371806 -0.94932809  0.63700279  0.0453168  -0.79143484]
 [-0.479867    0.2007685  -0.69686014 -0.65845582 -0.96339335 -0.52646691
   0.5120097   0.77487642  0.56162655 -0.97894955 -0.95871782  0.4990903 ]
 [-0.1116582  -0.02508708  0.36054772  0.80598676  0.44405414  0.16278011
   0.65251181  0.61097111  0.76129516 -0.40079822  0.4161112   0.42845513]]

[[ 0.16014607  0.18110366  0.11480005 -0.15120637  0.03978188 -0.18120743
   0.67841187  0.35226846  0.1631745  -0.66013194  0.59587141  0.6740149 ]
 [ 0.00126084  0.15955501 -0.09761098 -0.27548837  0.08857294  0.02117336
   0.00083723  0.35143615 -0.88055674  0.7035873  -0.79274706 -0.23576523]
 [ 0.2268425   0.15801355  0.22398604 -0.04329149  0.00136394 -0.2707552
  -0.2263716  -0.31724638  0.32457287 -0.855728    0.82674642  0.12637215]
 [ 0.16075701 -0.09250337  0.28612618  0.3240262  -0.11316563 -0.22110172
   0.65531601 -0.21486372  0.66341754 -0.90479774  0.6218738  -0.48186061]
 [-0.06059732  0.01973232 -0.09842494 -0.09588463  0.03420916  0.08118087
  -0.37131834  0.42158989 -0.61096582 -0.63425963  0.20612617  0.67234626]
 [-0.20691078 -0.21138825 -0.162403    0.15615759 -0.03878452  0.23735236
   0.49170969  0.08605636  0.14933572  0.8268162  -0.45740055 -0.71378952]
 [ 0.67841187  0.00083723 -0.2263716   0.65531601 -0.37131834  0.49170969
  -0.88819313  0.87386713  0.56206968  0.09853497  0.54006314  0.07417225]
 [ 0.35226846  0.35143615 -0.31724638 -0.21486372  0.42158989  0.08605636
  -0.6753395   0.09149337  0.50598442 -0.64675193  0.19238362 -0.3191838 ]
 [ 0.1631745  -0.88055674  0.32457287  0.66341754 -0.61096582  0.14933572
   0.93753394  0.19135398 -0.55623992 -0.54529528  0.73204604  0.93966225]
 [-0.66013194  0.7035873  -0.855728   -0.90479774 -0.63425963  0.8268162
  -0.65074256  0.05610641  0.63289922 -0.90567812 -0.16887981 -0.37534717]
 [ 0.59587141 -0.79274706  0.82674642  0.6218738   0.20612617 -0.45740055
  -0.95599815  0.41746037  0.5301945   0.43900774  0.6255438  -0.4436598 ]
 [ 0.6740149  -0.23576523  0.12637215 -0.48186061  0.67234626 -0.71378952
  -0.3076002  -0.14037253  0.12309637 -0.58499127 -0.06468786  0.43151917]]

[[ 0.02679189 -0.17252051  0.14556203  0.32652177 -0.10654771 -0.05930246
   0.97140232 -0.14583673 -0.96940664 -0.48450574 -0.47290593  0.30639983]
 [ 0.05025016  0.12376735 -0.00568287 -0.16356424  0.04984583 -0.04729142
  -0.2991757  -0.00199644  0.22203066  0.17679323  0.14111938  0.21365634]
 [ 0.00677544 -0.32232407  0.21043902  0.56601154 -0.18249857 -0.05482852
  -0.60012775 -0.17712316  0.93489837 -0.51594352  0.62335335 -0.91487459]
 [-0.05990617 -0.39022713  0.15796303  0.61595254 -0.1948741   0.02169522
  -0.79170502 -0.42005373 -0.28592373  0.44681592  0.23213553 -0.97013687]
 [ 0.01779165  0.13511846 -0.05889043 -0.21628001  0.06860599 -0.00369576
  -0.20756483 -0.14238785 -0.15099517 -0.78302513  0.7575955  -0.88992757]
 [-0.0274638   0.24078183 -0.18904401 -0.44561455  0.14490493  0.06992732
   0.92935341 -0.74089078  0.51139986  0.54896089 -0.95808401 -0.24470249]
 [ 0.97140232 -0.2991757  -0.60012775 -0.79170502 -0.20756483  0.92935341
   0.23549035 -0.07620352  0.20858425  0.47360219 -0.51487856 -0.66599045]
 [-0.14583673 -0.00199644 -0.17712316 -0.42005373 -0.14238785 -0.74089078
  -0.22085304  0.51979801 -0.56434231  0.6549532   0.22713167  0.26203934]
 [-0.96940664  0.22203066  0.93489837 -0.28592373 -0.15099517  0.51139986
   0.72718403  0.56335555  0.49201513  0.02622324 -0.40310047  0.59997825]
 [-0.48450574  0.17679323 -0.51594352  0.44681592 -0.78302513  0.54896089
  -0.35832508  0.29036658  0.43767213  0.51249157 -0.00328194  0.52353451]
 [-0.47290593  0.14111938  0.62335335  0.23213553  0.7575955  -0.95808401
   0.97952734  0.9364202   0.96524851  0.3531965  -0.14738746 -0.59998557]
 [ 0.30639983  0.21365634 -0.91487459 -0.97013687 -0.88992757 -0.24470249
  -0.55011037 -0.97218093  0.92572354  0.20434756 -0.81182888  0.81641368]]

[[-0.07005301 -0.17259646  0.00795618  0.22811655 -0.0695196   0.06592053
   0.74078906 -0.85429604  0.80448169  0.20239824 -0.40326403  0.43772077]
 [-0.15218377 -0.11195158 -0.14656451  0.0393535  -0.0042325   0.18079438
  -0.15491432  0.65839203 -0.85848995  0.34767747  0.29229671 -0.89893014]
 [-0.00476097 -0.17557865  0.10261873  0.29972241 -0.09617674 -0.01893733
   0.93051276 -0.85113584 -0.08987735 -0.55399161 -0.85500387  0.13205973]
 [ 0.19270779  0.01858416  0.26233253  0.16383784 -0.06339236 -0.24654172
   0.02839318 -0.22241708 -0.18936452 -0.81232372 -0.46897028  0.13583872]
 [-0.05812627  0.00358111 -0.08485041 -0.0653538   0.02424849  0.07567711
  -0.18331898  0.05480783 -0.14440205 -0.80138944 -0.67671072 -0.3898564 ]
 [ 0.06883793  0.20719081 -0.03123562 -0.28936176  0.08929354 -0.05940499
   0.82235926  0.18968125  0.17204994 -0.87324359  0.79778696  0.16526731]
 [ 0.74078906 -0.15491432  0.93051276  0.02839318 -0.18331898  0.82235926
  -0.10665061 -0.31345664  0.87530758  0.83295331 -0.48660811  0.21671488]
 [-0.85429604  0.65839203 -0.85113584 -0.22241708  0.05480783  0.18968125
   0.46024127 -0.00456107 -0.57733337 -0.20999988  0.13906709  0.2204277 ]
 [ 0.80448169 -0.85848995 -0.08987735 -0.18936452 -0.14440205  0.17204994
  -0.8054846   0.54836759 -0.72261151  0.63543781 -0.01114215 -0.39795948]
 [ 0.20239824  0.34767747 -0.55399161 -0.81232372 -0.80138944 -0.87324359
   0.13470873  0.09135689  0.74728438  0.49313012 -0.8988703   0.88583209]
 [-0.40326403  0.29229671 -0.85500387 -0.46897028 -0.67671072  0.79778696
  -0.88677428 -0.91532332  0.89708529  0.50257379  0.66557787 -0.23966864]
 [ 0.43772077 -0.89893014  0.13205973  0.13583872 -0.3898564   0.16526731
   0.85797339 -0.84867566 -0.42452099 -0.28013797  0.38567317 -0.91690463]]

[[ 0.15264135 -0.15434177  0.31311622  0.4230364  -0.14457418 -0.21944507
  -0.5911404  -0.35770874 -0.30312036 -0.97597665 -0.14177347  0.99321919]
 [-0.0558485  -0.2999847   0.1075093   0.46354258 -0.14605854  0.02934564
   0.0383081  -0.13244287  0.15817068  0.96770378  0.23283926  0.53598908]
 [ 0.2517547  -0.03248682  0.3780778   0.3125064  -0.1144997  -0.33019666
  -0.19687032  0.51903009 -0.85029603  0.68125184  0.78843544 -0.27879387]
 [ 0.25218558  0.36332845  0.13209651 -0.37365401  0.1062595  -0.27418344
  -0.43728763 -0.55564344  0.6957462  -0.76511291 -0.73196754  0.37884399]
 [-0.0896002  -0.10835707 -0.05984902  0.09679533 -0.0261821   0.10037891
  -0.78537641 -0.88352876  0.34141397 -0.39863215  0.23599091  0.87124557]
 [-0.20536829  0.15671105 -0.38953716 -0.48079443  0.16607952  0.2879669
   0.85498617  0.96112651  0.27427093 -0.28501197  0.17769925 -0.16637797]
 [-0.5911404   0.0383081  -0.19687032 -0.43728763 -0.78537641  0.85498617
  -0.7595033  -0.33275839  0.95164726 -0.26894442 -0.78314218  0.93064717]
 [-0.35770874 -0.13244287  0.51903009 -0.55564344 -0.88352876  0.96112651
   0.95727802  0.06394732  0.15020266 -0.57319089 -0.36602968  0.2625131 ]
 [-0.30312036  0.15817068 -0.85029603  0.6957462   0.34141397  0.27427093
   0.83131165 -0.06172483  0.60927416  0.02599048 -0.51671239 -0.82607467]
 [-0.97597665  0.96770378  0.68125184 -0.76511291 -0.39863215 -0.28501197
   0.23500536  0.07360661 -0.30402358  0.59660902 -0.04237443 -0.90809359]
 [-0.14177347  0.23283926  0.78843544 -0.73196754  0.23599091  0.17769925
   0.47589731 -0.88200813  0.8463994   0.45325782 -0.14699722  0.33943264]
 [ 0.99321919  0.53598908 -0.27879387  0.37884399  0.87124557 -0.16637797
  -0.17217047  0.35090849 -0.3763503  -0.15387721  0.45041764 -0.44694648]]

[[ 0.16681049  0.0320236   0.2171499   0.11417542 -0.04597811 -0.21113215
  -0.37336557 -0.19369242 -0.1733546   0.04636653 -0.57134056 -0.94470465]
 [-0.19748874 -0.31125384 -0.08679424  0.33897557 -0.09813105  0.21089544
  -0.01055212 -0.09208786  0.1984761   0.45164659 -0.85279944 -0.03530746]
 [ 0.36013656  0.23942941  0.36272496 -0.04889613 -0.00421641 -0.43148678
  -0.44575827  0.12203493  0.66235201 -0.38124824  0.4940435  -0.19356669]
 [ 0.51229776  0.57249791  0.37150108 -0.47183188  0.12344106 -0.58064966
  -0.47799883  0.57894227  0.91914667  0.45454113  0.14819629 -0.0885861 ]
 [-0.17408033 -0.18598427 -0.13156527  0.14549477 -0.0371722   0.19852882
   0.24838417 -0.79131463 -0.28084937 -0.67561695 -0.40398677  0.31137761]
 [-0.24393434 -0.08589572 -0.29320955 -0.09919778  0.04543104  0.30316447
   0.99038368 -0.59384369 -0.07381211  0.28011304 -0.02112197  0.02427927]
 [-0.37336557 -0.01055212 -0.44575827 -0.47799883  0.24838417  0.99038368
  -0.1538637  -0.24055338 -0.58800075 -0.17480361 -0.44485776  0.57065565]
 [-0.19369242 -0.09208786  0.12203493  0.57894227 -0.79131463 -0.59384369
  -0.93135226  0.61294014 -0.76383895  0.35886241 -0.95101578  0.32636586]
 [-0.1733546   0.1984761   0.66235201  0.91914667 -0.28084937 -0.07381211
   0.57676199  0.57630333 -0.33457862  0.78534336 -0.66370609  0.8888015 ]
 [ 0.04636653  0.45164659 -0.38124824  0.45454113 -0.67561695  0.28011304
  -0.06788511  0.19425131 -0.24107006 -0.10567937  0.29198376 -0.5979828 ]
 [-0.57134056 -0.85279944  0.4940435   0.14819629 -0.40398677 -0.02112197
  -0.17543261  0.33569764 -0.31040094  0.19320564  0.0520452  -0.94474783]
 [-0.94470465 -0.03530746 -0.19356669 -0.0885861   0.31137761  0.02427927
  -0.77943555 -0.87364508 -0.30148284 -0.12535778  0.11640048  0.00067305]]

[[-0.2154975  -0.35311951 -0.08630909  0.39327422 -0.11460492  0.22819976
  -0.40189101 -0.68008159 -0.42873723  0.87451005 -0.63367668  0.88233195]
 [ 0.00680031 -0.26110711  0.17233607  0.45984716 -0.14833986 -0.04611148
   0.92456332  0.9291464   0.163125   -0.82827194 -0.86594992  0.86768236]
 [-0.31053989 -0.33924583 -0.23004353  0.27250536 -0.07048081  0.35308554
   0.07592608 -0.46542184 -0.65880469  0.13128868 -0.79075562  0.22775146]
 [-0.23105875  0.09363888 -0.38675891 -0.39752595  0.14070966  0.31217387
   0.88599474  0.43541896 -0.86625665  0.33621519 -0.66789532 -0.55712087]
 [ 0.08628418 -0.01056899  0.12922689  0.10612517 -0.03892712 -0.11308789
   0.67047444 -0.39518454 -0.24239037 -0.53506722 -0.80343208 -0.50363266]
 [ 0.27963994  0.41931456  0.13624006 -0.44283597  0.12699908 -0.30168412
  -0.53853514 -0.15586058 -0.69515995 -0.8069677   0.67901866 -0.28450856]
 [-0.40189101  0.92456332  0.07592608  0.88599474  0.67047444 -0.53853514
  -0.14091821  0.57457094 -0.08782364  0.48340682  0.26831363  0.70063282]
 [-0.68008159  0.9291464  -0.46542184  0.43541896 -0.39518454 -0.15586058
   0.8218557  -0.5043712   0.02516379 -0.469846    0.01052111  0.4492575 ]
 [-0.42873723  0.163125   -0.65880469 -0.86625665 -0.24239037 -0.69515995
  -0.52810555  0.41720555  0.86502332  0.84928764 -0.07158835 -0.47143234]
 [ 0.87451005 -0.82827194  0.13128868  0.33621519 -0.53506722 -0.8069677
  -0.96906139 -0.63986966  0.19004831 -0.84385926  0.46742132  0.07107184]
 [-0.63367668 -0.86594992 -0.79075562 -0.66789532 -0.80343208  0.67901866
  -0.65025859  0.3474641  -0.99109336  0.71101649  0.06020781 -0.72539753]
 [ 0.88233195  0.86768236  0.22775146 -0.55712087 -0.50363266 -0.28450856
   0.83213638  0.85254674  0.98627787 -0.38188039 -0.06552135  0.65085006]]

[[-0.07584305  0.10583333 -0.17373598 -0.26075137  0.08810219  0.11320136
   0.13517939  0.59173118 -0.59658926 -0.03102542 -0.31335556  0.36422247]
 [-0.03606356  0.15744494 -0.14934846 -0.30980467  0.10168232  0.06913739
  -0.58375794  0.30995867 -0.39330328  0.81920331  0.10074549  0.10864278]
 [-0.08533392  0.05234058 -0.15389999 -0.17761716  0.06187817  0.11782912
   0.86757382 -0.90185491 -0.20697343  0.5194712   0.12279209  0.5534028 ]
 [-0.0146107  -0.16542858  0.08229503  0.27209383 -0.08674118 -0.0047496
   0.58930402  0.8874015  -0.43899662  0.94247919  0.12297928 -0.26368302]
 [ 0.0089025   0.04736672 -0.01685576 -0.07310639  0.02303    -0.00474245
  -0.06184769 -0.67672964  0.34582782  0.33397936 -0.38825422 -0.92374645]
 [ 0.09292129 -0.11435489  0.20331955  0.29290988 -0.09939574 -0.1365038
  -0.80657097 -0.82104793  0.37005839  0.59650237 -0.99052069  0.00110184]
 [ 0.13517939 -0.58375794  0.86757382  0.58930402 -0.06184769 -0.80657097
  -0.31598786  0.14405655 -0.48089523  0.86118237  0.20846708  0.12979467]
 [ 0.59173118  0.30995867 -0.90185491  0.8874015  -0.67672964 -0.82104793
  -0.02644567 -0.86996431  0.1687095   0.95459052  0.5631316   0.64498896]
 [-0.59658926 -0.39330328 -0.20697343 -0.43899662  0.34582782  0.37005839
   0.83916299  0.0439484  -0.38099169  0.4003714  -0.39666298 -0.68145539]
 [-0.03102542  0.81920331  0.5194712   0.94247919  0.33397936  0.59650237
   0.46459039 -0.84455247  0.9474215  -0.79804909 -0.6417034   0.6670011 ]
 [-0.31335556  0.10074549  0.12279209  0.12297928 -0.38825422 -0.99052069
   0.33465606  0.99202489  0.82010129 -0.98705041  0.61169272  0.51683221]
 [ 0.36422247  0.10864278  0.5534028  -0.26368302 -0.92374645  0.00110184
   0.92387709 -0.6409992   0.50890855 -0.24078932  0.43803142 -0.65433834]]

[[ 0.13076175 -0.06015679  0.2233396   0.23739704 -0.08362975 -0.17769068
   0.33741561 -0.4522215   0.28681591 -0.75691797 -0.02201595  0.9058359 ]
 [ 0.12476565 -0.04361806  0.20451323  0.20260738 -0.07210347 -0.16757317
   0.19248276  0.69194281  0.81049829 -0.34674351  0.03844688 -0.32197507]
 [ 0.10813253 -0.05833136  0.1900377   0.21120598 -0.07394882 -0.14816709
  -0.45201409  0.67601598  0.72710335  0.52752247  0.24421957  0.14879084]
 [-0.08337767  0.014454   -0.12751601 -0.10990699  0.03998298  0.10988463
  -0.86420535  0.40445332  0.71183461 -0.45091259 -0.11561012 -0.53779074]
 [ 0.01958464 -0.00131846  0.02865857  0.02221388 -0.00823255 -0.02551408
   0.76389465 -0.31224015 -0.16138989  0.51229722 -0.75455484  0.01852843]
 [-0.15126134  0.07155709 -0.25957967 -0.27803028  0.0978397   0.20582883
   0.31260945 -0.35958024 -0.2872965   0.14376363  0.29826737  0.2195189 ]
 [ 0.33741561  0.19248276 -0.45201409 -0.86420535  0.76389465  0.31260945
   0.9750141  -0.41607637  0.33879912  0.22204141 -0.90434283 -0.45676973]
 [-0.4522215   0.69194281  0.67601598  0.40445332 -0.31224015 -0.35958024
   0.76138759  0.94207875  0.31701061  0.25666475 -0.9510325  -0.80835555]
 [ 0.28681591  0.81049829  0.72710335  0.71183461 -0.16138989 -0.2872965
  -0.16882294 -0.77791958 -0.92586609 -0.51567411 -0.95107037  0.55229087]
 [-0.75691797 -0.34674351  0.52752247 -0.45091259  0.51229722  0.14376363
  -0.24510804  0.6533736   0.86372183 -0.04623259 -0.47946717  0.22367472]
 [-0.02201595  0.03844688  0.24421957 -0.11561012 -0.75455484  0.29826737
   0.95458228  0.12513323  0.40452476 -0.67456524 -0.61171992  0.24378936]
 [ 0.9058359  -0.32197507  0.14879084 -0.53779074  0.01852843  0.2195189
  -0.49667921  0.61597141 -0.55045819 -0.46877473  0.06453943  0.02102818]]

[[ 0.16872403  0.05932452  0.20286123  0.06876499 -0.03147259 -0.20970474
  -0.72504081 -0.58748034  0.21890627 -0.5350155   0.64263396  0.6727346 ]
 [ 0.16795661 -0.01514924  0.24816774  0.19716966 -0.07274633 -0.21935624
   0.40840203  0.4179174  -0.30368583 -0.21996243 -0.62562588  0.19874229]
 [ 0.13518321  0.09376053  0.13373335 -0.0250961   0.00058669 -0.16141019
   0.89772929  0.01213975  0.55733765 -0.97868086 -0.7370267   0.99883978]
 [-0.11967308  0.08663957 -0.22407724 -0.27205285  0.09416655  0.16713646
   0.18265185  0.93738057  0.94830519 -0.76618552 -0.32072704  0.78857824]
 [ 0.02916037 -0.0311639   0.06086307  0.08372816 -0.02855619 -0.04216237
  -0.07750344 -0.79755072 -0.46467813  0.05494017 -0.28192254 -0.44841338]
 [-0.19417891 -0.07887994 -0.22685915 -0.06074291  0.03030141  0.23982653
   0.67143276  0.8733128   0.89977472 -0.77668297  0.26828033 -0.2213952 ]
 [-0.72504081  0.40840203  0.89772929  0.18265185 -0.07750344  0.67143276
  -0.38354217 -0.53518669 -0.8862403   0.59018338  0.58773622  0.72969644]
 [-0.58748034  0.4179174   0.01213975  0.93738057 -0.79755072  0.8733128
   0.66112746  0.27924453 -0.95944202  0.6118851  -0.43334581  0.51062621]
 [ 0.21890627 -0.30368583  0.55733765  0.94830519 -0.46467813  0.89977472
   0.02033891 -0.16135341 -0.68639393  0.66976708 -0.06049546  0.28876677]
 [-0.5350155  -0.21996243 -0.97868086 -0.76618552  0.05494017 -0.77668297
  -0.40639848  0.38889956 -0.19835246 -0.97786488 -0.10351532 -0.32556777]
 [ 0.64263396 -0.62562588 -0.7370267  -0.32072704 -0.28192254  0.26828033
  -0.39700773  0.74285577 -0.77803702  0.08843963  0.10824697  0.39381329]
 [ 0.6727346   0.19874229  0.99883978  0.78857824 -0.44841338 -0.2213952
  -0.78268394  0.91895818  0.35766739 -0.05778713  0.22042459 -0.953865  ]]

[[-0.16826406 -0.30312693 -0.05031803  0.35461355 -0.1047817   0.17426541
   0.37685633 -0.89756973  0.39762766  0.56723623 -0.94519374  0.86674412]
 [-0.20038095 -0.20258804 -0.15860419  0.14753628 -0.03637219  0.23016612
   0.52033945  0.13050675 -0.33932438  0.35133194  0.41530846  0.31330295]
 [-0.11432899 -0.30464501  0.02728982  0.41212429 -0.12627439  0.10430295
  -0.05044004  0.21729871 -0.54637049  0.37058547 -0.66921712  0.70219021]
 [ 0.17638579  0.04299514  0.22392472  0.10488629 -0.04351961 -0.22194627
  -0.46607717  0.5254498  -0.91927772 -0.96768877  0.17955593 -0.57304388]
 [-0.04743407  0.00295714 -0.06926402 -0.05339241  0.01980744  0.06176144
  -0.40675717 -0.65615121  0.70395236 -0.18184182  0.65565594 -0.20871181]
 [ 0.18894999  0.36303086  0.04240027 -0.43747824  0.13029885 -0.19245362
  -0.800748    0.86910277  0.52551865  0.85691582 -0.15930934 -0.92812135]
 [ 0.37685633  0.52033945 -0.05044004 -0.46607717 -0.40675717 -0.800748
  -0.30608121  0.63350968  0.17984244 -0.39099746  0.02058532  0.9126915 ]
 [-0.89756973  0.13050675  0.21729871  0.5254498  -0.65615121  0.86910277
  -0.77853752  0.75408842  0.60895391 -0.51814855 -0.30741643  0.40301859]
 [ 0.39762766 -0.33932438 -0.54637049 -0.91927772  0.70395236  0.52551865
   0.19308539  0.17195722 -0.97265506  0.19984963  0.56408755 -0.4154162 ]
 [ 0.56723623  0.35133194  0.37058547 -0.96768877 -0.18184182  0.85691582
   0.70538176 -0.33170557  0.22780966  0.16593285  0.58255408  0.12579173]
 [-0.94519374  0.41530846 -0.66921712  0.17955593  0.65565594 -0.15930934
  -0.08860055 -0.03927238  0.55633873  0.34692381 -0.99111474  0.21691473]
 [ 0.86674412  0.31330295  0.70219021 -0.57304388 -0.20871181 -0.92812135
   0.22908384  0.38699925 -0.75396679 -0.65858368  0.13071974  0.6667372 ]]

[[ 0.00590414 -0.09118053  0.06519766  0.1641731  -0.05315237 -0.02066649
   0.66346997 -0.31531963 -0.98547467 -0.89586612 -0.46573061  0.68176264]
 [ 0.0129693  -0.03736685  0.0417139   0.0780141  -0.02582071 -0.02211161
   0.00395191 -0.667454   -0.99251686 -0.32029446  0.30932516 -0.51522114]
 [ 0.0003121  -0.10632232  0.06668264  0.18474899 -0.05946323 -0.01559931
  -0.53560694  0.10625301  0.92025069  0.71192201 -0.50100294  0.60167308]
 [-0.01648984 -0.02795542 -0.006022    0.03171477 -0.00929129  0.01732822
   0.61584986 -0.74292166  0.83892424  0.16062712 -0.70534086 -0.13320386]
 [ 0.00497881  0.01404598 -0.0016739  -0.01929899  0.00593396 -0.00443082
  -0.47140556 -0.94766566  0.38924513 -0.87185095 -0.58712317 -0.49405332]
 [-0.00578127  0.1125685  -0.07834778 -0.20114863  0.06504303  0.02356441
  -0.38897705  0.28653357  0.53846334 -0.91615726  0.9272793  -0.46574204]
 [ 0.66346997  0.00395191 -0.53560694  0.61584986 -0.47140556 -0.38897705
  -0.91712305  0.48032279 -0.5667451  -0.11536584  0.05471359  0.55099952]
 [-0.31531963 -0.667454    0.10625301 -0.74292166 -0.94766566  0.28653357
  -0.17784422 -0.57271451  0.01640081  0.50253801 -0.87254159  0.23939553]
 [-0.98547467 -0.99251686  0.92025069  0.83892424  0.38924513  0.53846334
   0.39325544 -0.79060894 -0.49405796  0.96127858 -0.68021604 -0.22962814]
 [-0.89586612 -0.32029446  0.71192201  0.16062712 -0.87185095 -0.91615726
   0.54646931 -0.6841976  -0.02931637  0.96819894  0.08195169  0.91217512]
 [-0.46573061  0.30932516 -0.50100294 -0.70534086 -0.58712317  0.9272793
  -0.7556431  -0.11706833  0.87944039 -0.61555146  0.92401936 -0.54152345]
 [ 0.68176264 -0.51522114  0.60167308 -0.13320386 -0.49405332 -0.46574204
   0.79805526 -0.82897268 -0.18454598  0.52022574 -0.46035679 -0.66256203]]

[[ 0.22639266  0.20342189  0.19505716 -0.12251653  0.02688078 -0.26368368
  -0.95682267 -0.90856124 -0.65616561  0.18816301  0.42691849 -0.25666888]
 [-0.02800349 -0.17258462  0.06771705  0.27088022 -0.0856088   0.01154638
   0.41000763 -0.72863758 -0.51365574  0.85615356  0.09565352 -0.43782331]
 [ 0.33923565  0.39665986  0.23506198 -0.34290118  0.0915422  -0.38198744
  -0.41984283  0.81729889  0.95437099  0.91760567  0.8571889  -0.97902508]
 [ 0.27892427  0.50634904  0.08100015 -0.59453804  0.17585129 -0.28831958
   0.93781608 -0.08746675  0.08982014  0.79737924  0.32993035  0.56384574]
 [-0.1022892  -0.1741943  -0.03686815  0.19808883 -0.058072    0.107378
  -0.48293679 -0.41445641 -0.0820161   0.93697799 -0.51128911 -0.49743242]
 [-0.29675928 -0.28771861 -0.24255764  0.19714533 -0.04699588  0.34262964
  -0.60107298 -0.04569605  0.2439291  -0.15716951  0.06550919  0.7218841 ]
 [-0.95682267  0.41000763 -0.41984283  0.93781608 -0.48293679 -0.60107298
  -0.12695604  0.26980262  0.21556364 -0.38705532 -0.90232272 -0.0278035 ]
 [-0.90856124 -0.72863758  0.81729889 -0.08746675 -0.41445641 -0.04569605
  -0.28690921  0.94478733 -0.11054914  0.63596777  0.23401495 -0.67107956]
 [-0.65616561 -0.51365574  0.95437099  0.08982014 -0.0820161   0.2439291
   0.1641705   0.45022306 -0.83075572 -0.71879486  0.39447144  0.50578119]
 [ 0.18816301  0.85615356  0.91760567  0.79737924  0.93697799 -0.15716951
   0.85343679 -0.33302932  0.29014411 -0.58303039 -0.266217    0.29740208]
 [ 0.42691849  0.09565352  0.8571889   0.32993035 -0.51128911  0.06550919
  -0.83329188 -0.32849958 -0.20843348 -0.33891607 -0.18791857 -0.81436511]
 [-0.25666888 -0.43782331 -0.97902508  0.56384574 -0.49743242  0.7218841
   0.51272801  0.14949403  0.72517671 -0.92801342  0.57614259 -0.29070831]]

[[-0.22652772 -0.2417344  -0.17138036  0.18883769 -0.04821319  0.25838266
   0.84953606 -0.36466576 -0.63281003  0.1326459   0.47792155 -0.82182736]
 [-0.01100623 -0.26902463  0.15195889  0.4554636  -0.145943   -0.02421675
  -0.45788114  0.4399129  -0.20641412  0.27906214  0.17592128 -0.46671769]
 [-0.31512448 -0.17599291 -0.33826688 -0.01534514  0.02239365  0.38234636
  -0.712041    0.6076056  -0.84872278 -0.28521785 -0.99001644  0.92295927]
 [-0.21139367  0.22070419 -0.43796936 -0.59793044  0.20410367  0.30490453
  -0.29804162  0.49169713  0.74199891  0.79398021 -0.84385767 -0.86141803]
 [ 0.08056764 -0.05762439  0.15041713  0.18193313 -0.06300288 -0.11242083
  -0.41906583 -0.61868621 -0.07519828 -0.5699164   0.43104371 -0.23735102]
 [ 0.29135861  0.27414664  0.24333662 -0.17909781  0.04148797 -0.33758555
   0.01083421  0.9255328   0.52934084  0.18184149  0.29829523  0.74160891]
 [ 0.84953606 -0.45788114 -0.712041   -0.29804162 -0.41906583  0.01083421
  -0.27961752 -0.18212494  0.06463338  0.08872405 -0.89048903  0.32122292]
 [-0.36466576  0.4399129   0.6076056   0.49169713 -0.61868621  0.9255328
  -0.21605415 -0.60050183  0.75243112 -0.32312366 -0.27090361 -0.77327173]
 [-0.63281003 -0.20641412 -0.84872278  0.74199891 -0.07519828  0.52934084
   0.70240854 -0.17155539  0.17489163  0.10383071  0.5289971  -0.41036217]
 [ 0.1326459   0.27906214 -0.28521785  0.79398021 -0.5699164   0.18184149
   0.57938647  0.18547595 -0.16094436 -0.44492986 -0.6474028   0.52473413]
 [ 0.47792155  0.17592128 -0.99001644 -0.84385767  0.43104371  0.29829523
   0.55344796 -0.28095447  0.38804478 -0.57581358 -0.05442383 -0.47740157]
 [-0.82182736 -0.46671769  0.92295927 -0.86141803 -0.23735102  0.74160891
   0.83894239 -0.38529398  0.74320166  0.3504444  -0.32370499  0.30827271]]

[[ 0.08027547 -0.10794182  0.18134972  0.26891873 -0.0909757  -0.11923445
   0.81872466  0.882666    0.59729052  0.51279761  0.87726006 -0.22448544]
 [-0.02090078 -0.04145155 -0.00388349  0.05063775 -0.01513572  0.02110329
  -0.32700057  0.93632696 -0.78021642  0.4730735  -0.50453488  0.90177188]
 [ 0.12712297 -0.12760166  0.26018582  0.35068758 -0.11988122 -0.18262455
   0.59094697  0.33248674  0.43077493  0.28464374 -0.44523831  0.84048987]
 [ 0.11793345 -0.03792405  0.19125471  0.18577872 -0.06631011 -0.1579244
   0.35484943  0.55000116 -0.74752577 -0.73925091 -0.99719531 -0.92596736]
 [-0.04239378  0.01818203 -0.071585   -0.07467384  0.02637587  0.05741961
  -0.98343264  0.77533475  0.98442151 -0.36636213  0.98534816  0.29093443]
 [-0.10679444  0.13365937 -0.23506527 -0.34051185  0.11548093  0.15720272
  -0.43593329 -0.60505387 -0.15756289 -0.1633313  -0.5341589  -0.91702992]
 [ 0.81872466 -0.32700057  0.59094697  0.35484943 -0.98343264 -0.43593329
   0.58052782 -0.47919586  0.77947359  0.31345408 -0.28716514  0.63369247]
 [ 0.882666    0.93632696  0.33248674  0.55000116  0.77533475 -0.60505387
  -0.98034152 -0.87779816  0.47316038  0.64844459  0.89085306  0.08488466]
 [ 0.59729052 -0.78021642  0.43077493 -0.74752577  0.98442151 -0.15756289
  -0.83600448 -0.20583475  0.19532618  0.47432219 -0.84297262  0.17214947]
 [ 0.51279761  0.4730735   0.28464374 -0.73925091 -0.36636213 -0.1633313
   0.16314939  0.08427973 -0.47076288 -0.06372999 -0.96428925 -0.58335395]
 [ 0.87726006 -0.50453488 -0.44523831 -0.99719531  0.98534816 -0.5341589
   0.68390161 -0.71005974 -0.95698183 -0.77428481 -0.30201002 -0.85981575]
 [-0.22448544  0.90177188  0.84048987 -0.92596736  0.29093443 -0.91702992
   0.44160748 -0.69682041  0.95228135  0.5097048  -0.16101612 -0.0048069 ]]

[[ 0.02264743  0.10064057 -0.03050874 -0.15153251  0.04750346 -0.01490258
  -0.12874902  0.9769014  -0.2167287  -0.62537842 -0.50829577  0.88112529]
 [-0.08770282  0.04826521 -0.15472814 -0.17295814  0.06051028  0.12030998
   0.067252   -0.70388643 -0.73604886 -0.21819949 -0.84679445  0.42153596]
 [ 0.08682958  0.11297891  0.05303151 -0.10763161  0.02982232 -0.09613556
  -0.43570704 -0.59582277 -0.35413436 -0.76866016  0.35139586 -0.61619322]
 [ 0.17517634  0.01867596  0.23735654  0.14584085 -0.05663039 -0.22385802
  -0.97953928 -0.79527615  0.16507572 -0.62155618  0.20490729  0.48198195]
 [-0.05762032 -0.0115842  -0.07468324 -0.03853258  0.01559031  0.07285541
   0.08708505 -0.76184431 -0.01307361 -0.99491163  0.35485854 -0.91623259]
 [-0.04182085 -0.12324404  0.01733809  0.17123308 -0.05278034  0.03646594
  -0.68627999 -0.08455601 -0.79964582 -0.79393294  0.02392273  0.51087125]
 [-0.12874902  0.067252   -0.43570704 -0.97953928  0.08708505 -0.68627999
   0.3941013   0.91896449 -0.50204352  0.43281559  0.13255984  0.87936919]
 [ 0.9769014  -0.70388643 -0.59582277 -0.79527615 -0.76184431 -0.08455601
   0.96655216 -0.51521638  0.91542277  0.76662125  0.34724028  0.50837045]
 [-0.2167287  -0.73604886 -0.35413436  0.16507572 -0.01307361 -0.79964582
   0.47504152  0.94497696 -0.36864158 -0.68878568  0.25945886  0.26280694]
 [-0.62537842 -0.21819949 -0.76866016 -0.62155618 -0.99491163 -0.79393294
   0.48530547 -0.06409945 -0.6372278   0.45281201  0.92630981 -0.16275924]
 [-0.50829577 -0.84679445  0.35139586  0.20490729  0.35485854  0.02392273
   0.47354299 -0.25452635 -0.62842958  0.73126558 -0.67093708 -0.55205228]
 [ 0.88112529  0.42153596 -0.61619322  0.48198195 -0.91623259  0.51087125
   0.44384131  0.49689748  0.97657555  0.27315438 -0.24903402 -0.030881  ]]

[[ 0.12023818  0.14499399  0.08057228 -0.12917408  0.03490331 -0.13476186
   0.74085744 -0.8754101   0.36253426 -0.41685425  0.67898594  0.86174502]
 [ 0.04606082 -0.0753786   0.11243084  0.17762068 -0.0597038  -0.07033621
  -0.50296589 -0.24064465  0.73390757 -0.73285072 -0.40525963 -0.07638467]
 [ 0.14220785  0.25305221  0.04447897 -0.29426318  0.08680637 -0.14772786
   0.4558611   0.46611779 -0.14044163  0.87880828 -0.69685276 -0.89642082]
 [ 0.04243981  0.27828239 -0.11304752 -0.43953975  0.13907801 -0.01510807
  -0.95420744  0.68312812  0.11240974 -0.23667189 -0.32343352  0.04750789]
 [-0.0203162  -0.09757364  0.0319116   0.14858444 -0.04668401  0.0123263
  -0.76974962  0.64803795 -0.05613409  0.60698656 -0.69573891  0.70769929]
 [-0.14890151 -0.19827046 -0.08812233  0.19242569 -0.05366774  0.16421316
   0.78468814 -0.76490327  0.18071389  0.28852593  0.97946335  0.77290548]
 [ 0.74085744 -0.50296589  0.4558611  -0.95420744 -0.76974962  0.78468814
   0.97425421 -0.01010493  0.30731587 -0.05766662  0.89861288 -0.97220664]
 [-0.8754101  -0.24064465  0.46611779  0.68312812  0.64803795 -0.76490327
  -0.18287975 -0.10913464  0.10123697 -0.72488505  0.31566917 -0.08520925]
 [ 0.36253426  0.73390757 -0.14044163  0.11240974 -0.05613409  0.18071389
   0.07660397 -0.82132711  0.77804883  0.21365869  0.05304597 -0.31077957]
 [-0.41685425 -0.73285072  0.87880828 -0.23667189  0.60698656  0.28852593
  -0.44547435 -0.40415404 -0.46267251 -0.95894642 -0.28761778 -0.68263456]
 [ 0.67898594 -0.40525963 -0.69685276 -0.32343352 -0.69573891  0.97946335
  -0.17298414 -0.492808    0.08848461 -0.02863457 -0.26383192 -0.45238291]
 [ 0.86174502 -0.07638467 -0.89642082  0.04750789  0.70769929  0.77290548
   0.41448301  0.78993869  0.58963168  0.35024115 -0.5996861   0.3517423 ]]

[[-0.02405789  0.12730355 -0.11350572 -0.24530465  0.08026336  0.04930455
   0.06779989 -0.10846995 -0.19083799 -0.50737195 -0.12179357 -0.90265148]
 [ 0.18436852  0.0465406   0.23306236  0.10685837 -0.04459635 -0.23176232
  -0.37403213 -0.9228694   0.85068471  0.05170107  0.02950309 -0.42452967]
 [-0.14905731  0.1519515  -0.3065328  -0.41524347  0.14186814  0.21446878
  -0.77942734 -0.44095116  0.21188503 -0.52708071  0.09887401  0.34968451]
 [-0.34429209  0.04879637 -0.51976924 -0.43495187  0.15902453  0.45219126
  -0.68442632  0.25656349  0.29983605 -0.96477999  0.38376144  0.10372755]
 [ 0.11211415 -0.0227529   0.17353162  0.15354119 -0.05561481 -0.14823095
   0.47526362 -0.35249339 -0.14244685 -0.07644983 -0.8102034   0.61295482]
 [ 0.05746034 -0.15796944  0.18008813  0.33248512 -0.11016537 -0.09688135
   0.98895589 -0.37046823  0.92944267 -0.97982106  0.66387617  0.20270466]
 [ 0.06779989 -0.37403213 -0.77942734 -0.68442632  0.47526362  0.98895589
   0.48027749  0.95214273 -0.73387955  0.44544308  0.4405955  -0.52560567]
 [-0.10846995 -0.9228694  -0.44095116  0.25656349 -0.35249339 -0.37046823
  -0.13726632 -0.61189066 -0.33874439  0.94040079 -0.85790885 -0.03844056]
 [-0.19083799  0.85068471  0.21188503  0.29983605 -0.14244685  0.92944267
   0.19608706  0.42579369  0.48371971  0.64646287  0.10259014 -0.53649738]
 [-0.50737195  0.05170107 -0.52708071 -0.96477999 -0.07644983 -0.97982106
   0.57273052  0.27394434  0.55354831 -0.81472599  0.61787677 -0.07483068]
 [-0.12179357  0.02950309  0.09887401  0.38376144 -0.8102034   0.66387617
  -0.2384322  -0.96446848  0.85092321  0.89659135 -0.24785912  0.32319715]
 [-0.90265148 -0.42452967  0.34968451  0.10372755  0.61295482  0.20270466
  -0.27539109 -0.86290729 -0.82108435 -0.62563896 -0.10820937 -0.84534518]]

[[ 0.22011883  0.06677821  0.27126897  0.10812825 -0.04698532 -0.27510002
   0.02493747  0.95694976  0.1279478   0.19328681  0.31484749 -0.43107234]
 [ 0.22219229  0.24136246  0.1654498  -0.19260368  0.04966512 -0.25282951
  -0.45547164  0.99938524  0.35809311 -0.55039601 -0.39617363 -0.12917762]
 [ 0.17444567 -0.05545227  0.28250002  0.27368355 -0.09772535 -0.23350766
   0.03141212  0.23507755 -0.8046053  -0.82072132 -0.38968301 -0.82302098]
 [-0.16145996 -0.35073314 -0.01098806  0.44411639 -0.13395758  0.15866282
   0.03830993  0.23124931 -0.79329535 -0.17201102 -0.32007185  0.33504042]
 [ 0.03975899  0.10915485 -0.01149117 -0.14889123  0.04570571 -0.03581332
  -0.97872427  0.37430686 -0.65799027  0.23198942  0.94904669 -0.94506466]
 [-0.25288805 -0.05185763 -0.32714196 -0.16735192  0.06785671  0.31960763
  -0.59126223 -0.31632459 -0.16981741  0.57312942 -0.29215311 -0.11624703]
 [ 0.02493747 -0.45547164  0.03141212  0.03830993 -0.97872427 -0.59126223
   0.63880468 -0.10603497 -0.01837517  0.63465829  0.94073987  0.94605701]
 [ 0.95694976  0.99938524  0.23507755  0.23124931  0.37430686 -0.31632459
  -0.93271925  0.81333846 -0.3207494  -0.42698905  0.15752819 -0.9146097 ]
 [ 0.1279478   0.35809311 -0.8046053  -0.79329535 -0.65799027 -0.16981741
  -0.38746233  0.25994331  0.45902818  0.01151894 -0.7767425  -0.01086865]
 [ 0.19328681 -0.55039601 -0.82072132 -0.17201102  0.23198942  0.57312942
   0.30377357  0.30546884 -0.04283559  0.77724335  0.59753359  0.54712276]
 [ 0.31484749 -0.39617363 -0.38968301 -0.32007185  0.94904669 -0.29215311
   0.01803177  0.27536874  0.00667001  0.56002181 -0.8592182   0.47851701]
 [-0.43107234 -0.12917762 -0.82302098  0.33504042 -0.94506466 -0.11624703
  -0.29221843  0.94578462  0.07039091  0.43736177 -0.02791943  0.36551272]]
