A: 
[[ 0.55480017  0.57630789 -0.10365135  0.03694505 -0.0225931  -0.1992165
   0.57626268 -0.83772279  0.85740056  0.74056192  0.97571643  0.91534009]
 [ 0.59270055  0.61380421 -0.06669477  0.01548929  0.10758605 -0.11112482
   0.32798313 -0.26914764  0.55352471 -0.05422863 -0.76843852 -0.50295064]
 [-0.71712621 -0.7376946  -0.03603286  0.04482121 -0.47932557 -0.13512289
   0.06131747 -0.02002343  0.80688663  0.55964353 -0.75525784 -0.47968163]
 [-0.50577514 -0.52150657  0.00338243  0.01593145 -0.25192662 -0.02879813
   0.76193649 -0.30273674  0.98656369  0.2463088   0.56724411 -0.93789616]
 [ 0.07230357  0.07006685  0.10496295 -0.05969609  0.35142105  0.24763724
   0.46699356  0.4232297  -0.89469986  0.69403755 -0.27726936  0.47477305]
 [ 0.74871295  0.76998652  0.04233985 -0.04936552  0.51455593  0.15197472
  -0.61303355  0.96587194  0.50183135 -0.23140741  0.96559309  0.73773284]
 [-0.362412   -0.36948477 -0.09629811  0.06517245 -0.47580944 -0.24862543
  -0.69050519 -0.74552153  0.77361059  0.51959288 -0.52276587  0.29834335]
 [ 0.37884895  0.38585524  0.10976934 -0.07308552  0.52461999  0.28092593
  -0.51846163  0.37952927 -0.13349617 -0.97341966 -0.10773314 -0.7966111 ]
 [ 0.71155611  0.73465856 -0.02757235 -0.00999063  0.28618671 -0.01217154
   0.74095259 -0.00460067 -0.12034751  0.3218603   0.21173331  0.2818658 ]
 [ 0.04778869  0.04736811  0.04450915 -0.02591582  0.1578932   0.10624948
  -0.37362961  0.85294632 -0.08050653  0.50844425 -0.58597584  0.56877863]
 [-0.11565906 -0.12088413  0.03903577 -0.01719174  0.05683859  0.08177828
   0.49762799 -0.66513543 -0.41198197  0.72290841 -0.73181513 -0.90926451]
 [-0.43252306 -0.44230869 -0.08331957  0.06056902 -0.47331342 -0.22372736
  -0.82600677  0.7076072  -0.03769306 -0.70418312 -0.40947609 -0.87715556]
 [ 0.45780805  0.4751769  -0.07662569  0.02563717  0.00799285 -0.14382343
  -0.80173167 -0.8306531   0.05459042 -0.75242777  0.57652364  0.56413886]
 [ 0.07116291  0.07863629 -0.12412519  0.06508897 -0.33440774 -0.28150638
  -0.36814695  0.29800427 -0.73844906 -0.51198059  0.40566922  0.61459543]
 [-0.16177764 -0.1799519   0.31002909 -0.16313464  0.843527    0.70427783
   0.51138748 -0.95102337 -0.38106112 -0.28353402 -0.82399254 -0.67531478]
 [ 0.2703103   0.27989085 -0.02938052  0.00649964  0.05216711 -0.04828611
  -0.45630462  0.94950965  0.68460395  0.62952004  0.91688266  0.28058185]
 [ 0.06876876  0.06754832  0.07851161 -0.04516838  0.27046963  0.18629409
  -0.03655526  0.62142317  0.77985191  0.8478456   0.17561079 -0.62669832]
 [-0.05531362 -0.06225454  0.12309083 -0.06508268  0.33952538  0.28026482
   0.64954405 -0.6159948   0.26054357 -0.63346885 -0.44829161  0.56105685]
 [ 0.18389965  0.18323972  0.14874612 -0.08745883  0.54020156  0.35682869
   0.60609073  0.83274162 -0.19678317 -0.01089145  0.62906633  0.68936686]
 [ 0.34973092  0.35885036  0.0389984  -0.03352551  0.29784708  0.11537834
  -0.54939268  0.86782797  0.61009298 -0.43629569  0.81445641 -0.28885853]] 
x segnato:[[ 0.13567822]
 [ 0.08339339]
 [ 0.92829939]
 [ 0.02632438]
 [-0.44155976]
 [ 0.52929462]
 [ 0.        ]
 [ 0.        ]
 [ 0.        ]
 [ 0.        ]
 [ 0.        ]
 [ 0.        ]]
Matrici Hi 

[[-0.20831887 -0.21777748  0.07142586 -0.03157294  0.10571493  0.14987363
  -0.31923072 -0.22762564 -0.31014824  0.9024735  -0.46750415 -0.23262606]
 [-0.21577937 -0.22552773  0.07283218 -0.03207655  0.10605614  0.15258141
  -0.3299407   0.70317117  0.43200058  0.56056319 -0.06993703  0.676382  ]
 [ 0.02445484  0.02441356  0.01868766 -0.01103532  0.06856781  0.04492781
  -0.74614424 -0.93000156  0.2578762   0.61809218  0.13172733 -0.98899259]
 [-0.00599589 -0.00564103 -0.01268591  0.00711854 -0.04105201 -0.02973112
   0.39400245 -0.69174542  0.43572535  0.40914141  0.73671292 -0.65588071]
 [-0.03478259 -0.03980662  0.09290367 -0.04936639  0.25986815  0.21203605
  -0.3108863  -0.61480931  0.96505256 -0.72903021  0.20966452  0.82602133]
 [ 0.04139776  0.04061778  0.04832771 -0.02777055  0.16600395  0.11460556
  -0.26896415  0.95440802  0.05429303  0.72014803 -0.12397398 -0.93680927]
 [-0.31923072 -0.3299407  -0.74614424  0.39400245 -0.3108863  -0.26896415
  -0.41148552 -0.20049025  0.93593571 -0.38251165  0.4821567   0.08653966]
 [-0.22762564  0.70317117 -0.93000156 -0.69174542 -0.61480931  0.95440802
  -0.02151557  0.45899287 -0.81328394 -0.93184756  0.25906802 -0.96582425]
 [-0.31014824  0.43200058  0.2578762   0.43572535  0.96505256  0.05429303
  -0.39746114  0.29758685  0.55421174 -0.36389851 -0.0123884  -0.17173369]
 [ 0.9024735   0.56056319  0.61809218  0.40914141 -0.72903021  0.72014803
  -0.33929468  0.79381554  0.26011897  0.18464641  0.50742999  0.0111691 ]
 [-0.46750415 -0.06993703  0.13172733  0.73671292  0.20966452 -0.12397398
  -0.27639445 -0.7051982  -0.66499507 -0.90970169  0.67039725  0.19726229]
 [-0.23262606  0.676382   -0.98899259 -0.65588071  0.82602133 -0.93680927
  -0.29595868 -0.41748725 -0.21067951 -0.47385746 -0.74163179  0.61447717]]

[[-0.34271256 -0.35815806  0.11479743 -0.0504673   0.16581609  0.24030903
   0.64407612 -0.03214994 -0.47623812  0.9437607   0.37964567 -0.60266196]
 [-0.35173246 -0.36761637  0.11856862 -0.05220386  0.17242307  0.24836543
  -0.85498815 -0.23516552 -0.02049806 -0.55430635  0.03539316  0.70603072]
 [-0.03625358 -0.03713764 -0.00548291  0.00425958 -0.03518335 -0.01528651
   0.42745168  0.19616314 -0.74945836 -0.70580912 -0.50704506  0.02895083]
 [ 0.03178425  0.03280841 -0.00104846 -0.00054601  0.01333144 -0.00012069
  -0.32763844  0.74900412 -0.22262766 -0.99737334 -0.71548858  0.78160317]
 [-0.28600065 -0.2966474   0.04307673 -0.01340625 -0.01932887  0.07878071
   0.76461281 -0.36026758 -0.20392045  0.66367054  0.63091154  0.20615272]
 [-0.10853138 -0.11169105 -0.00435296  0.00618418 -0.0692509  -0.01790867
   0.69959445  0.85817161 -0.12501478  0.99685295  0.28393006  0.0275893 ]
 [ 0.64407612 -0.85498815  0.42745168 -0.32763844  0.76461281  0.69959445
   0.19594291 -0.80093857 -0.11315602 -0.19130955  0.5397489   0.44344641]
 [-0.03214994 -0.23516552  0.19616314  0.74900412 -0.36026758  0.85817161
  -0.04836427  0.53037663 -0.67996686 -0.21943764  0.73275885  0.61352617]
 [-0.47623812 -0.02049806 -0.74945836 -0.22262766 -0.20392045 -0.12501478
   0.28097283 -0.46326566  0.57320569 -0.01805151  0.43403337 -0.85012422]
 [ 0.9437607  -0.55430635 -0.70580912 -0.99737334  0.66367054  0.99685295
  -0.78496399  0.67570988 -0.52174499  0.89527721 -0.48379379  0.44043372]
 [ 0.37964567  0.03539316 -0.50704506 -0.71548858  0.63091154  0.28393006
  -0.37344013 -0.48470129 -0.36930701  0.91349137 -0.19598502 -0.21516088]
 [-0.60266196  0.70603072  0.02895083  0.78160317  0.20615272  0.0275893
  -0.94607254 -0.91934668  0.31115459  0.12177713  0.01651194 -0.35720636]]

[[-0.16166265 -0.16294984 -0.08686348  0.05298056 -0.34358002 -0.21230602
   0.39035029 -0.41916765 -0.87591615 -0.92690623  0.37727185  0.60506716]
 [-0.16255397 -0.16363493 -0.09235714  0.05600333 -0.3604742  -0.22505772
  -0.84836237 -0.7295754   0.17013024  0.1290197  -0.89054165 -0.21600491]
 [-0.09616939 -0.10194985  0.06621185 -0.03267477  0.14822408  0.14595002
   0.60207146  0.84999903  0.20436168  0.19161656  0.09616618  0.0616888 ]
 [ 0.05804789  0.06124075 -0.03300178  0.01593056 -0.06863858 -0.07201334
   0.29322601  0.21408976 -0.25850778  0.60874541  0.61802991 -0.16024733]
 [-0.37141542 -0.38937257  0.15304551 -0.07028583  0.26535091  0.32656237
  -0.73945284 -0.03345741  0.68987959  0.35465782 -0.96134474 -0.02114628]
 [-0.23379729 -0.24723998  0.14662361 -0.07162491  0.31744248  0.32169272
  -0.27656154 -0.66991935  0.23097072 -0.8702742   0.33392092 -0.22118304]
 [ 0.39035029 -0.84836237  0.60207146  0.29322601 -0.73945284 -0.27656154
   0.74231287  0.23974654  0.90084654 -0.73619311 -0.96238728 -0.73422445]
 [-0.41916765 -0.7295754   0.84999903  0.21408976 -0.03345741 -0.66991935
  -0.3726607  -0.58117371 -0.79171646  0.73202286  0.5074626   0.80892407]
 [-0.87591615  0.17013024  0.20436168 -0.25850778  0.68987959  0.23097072
   0.74819087 -0.42805434  0.50571984 -0.2391304   0.83006601  0.35732714]
 [-0.92690623  0.1290197   0.19161656  0.60874541  0.35465782 -0.8702742
   0.98565987  0.21939328  0.11750034  0.12001007  0.7618374   0.28135977]
 [ 0.37727185 -0.89054165  0.09616618  0.61802991 -0.96134474  0.33392092
   0.56609468  0.97563987 -0.59461098 -0.07594715 -0.58961123  0.73323747]
 [ 0.60506716 -0.21600491  0.0616888  -0.16024733 -0.02114628 -0.22118304
  -0.34578947 -0.79374865  0.84765399  0.61966645  0.8410072   0.47278495]]

[[-0.27048106 -0.28053262  0.04032904 -0.01245542 -0.01950689  0.07355849
   0.39817189 -0.6979892  -0.76368746 -0.93358841  0.8713485  -0.1694442 ]
 [-0.28521307 -0.2958336   0.04303105 -0.01340904 -0.01905748  0.07873221
  -0.80106709  0.78691121 -0.62595484  0.62741568  0.77487179 -0.28507357]
 [ 0.15035552  0.15644844 -0.03430003  0.01339375 -0.02469691 -0.06833003
  -0.93688783  0.841878    0.41347551  0.98468302 -0.56373009 -0.1844947 ]
 [-0.07236795 -0.0753325   0.01726015 -0.00685558  0.01413365  0.03462274
  -0.59951355  0.11163944  0.51368007 -0.3569613   0.03347713 -0.28143513]
 [ 0.3095992   0.32261633 -0.08170204  0.03360955 -0.08397885 -0.16627468
  -0.35161444 -0.946007    0.53167605 -0.40015482 -0.17935869 -0.13347378]
 [ 0.32765599  0.34099956 -0.07629409  0.03003024 -0.05844755 -0.15247844
  -0.41556902 -0.733092   -0.9203295   0.95659305  0.99565096 -0.6421256 ]
 [ 0.39817189 -0.80106709 -0.93688783 -0.59951355 -0.35161444 -0.41556902
   0.05792101  0.14744265  0.86317917 -0.70214447  0.38045703 -0.90637659]
 [-0.6979892   0.78691121  0.841878    0.11163944 -0.946007   -0.733092
   0.33178398 -0.97103468 -0.86788323  0.63749338  0.23149615 -0.72707844]
 [-0.76368746 -0.62595484  0.41347551  0.51368007  0.53167605 -0.9203295
   0.91444968 -0.11275736 -0.69637496  0.57197779 -0.30639897  0.88714023]
 [-0.93358841  0.62741568  0.98468302 -0.3569613  -0.40015482  0.95659305
   0.3153881  -0.29197248  0.50598344  0.76821028 -0.88364662 -0.85545482]
 [ 0.8713485   0.77487179 -0.56373009  0.03347713 -0.17935869  0.99565096
  -0.70525092  0.0044247   0.26425488 -0.96454724  0.96805779  0.08162611]
 [-0.1694442  -0.28507357 -0.1844947  -0.28143513 -0.13347378 -0.6421256
  -0.67859796 -0.19910457 -0.40332195 -0.91511439  0.98740959 -0.29174421]]

[[ 0.01852222  0.02483327 -0.13493913  0.0728273  -0.39402724 -0.31029063
  -0.81499554 -0.34704654 -0.03910091  0.9945216   0.48626753  0.43126578]
 [ 0.01481454  0.02118222 -0.13895636  0.07514508 -0.40796434 -0.31983647
  -0.44806894  0.7746297   0.7431807  -0.96362373  0.69897582 -0.40853969]
 [ 0.10057787  0.10381907 -0.00332591 -0.00172332  0.04216147 -0.00040078
  -0.68164045  0.56496044 -0.17327734 -0.91230186  0.14709753  0.96666561]
 [-0.05541838 -0.05740508  0.0065529  -0.0016208  -0.00911173  0.01112206
   0.44868334 -0.01911539 -0.62638907 -0.68738834 -0.35940252 -0.18646169]
 [ 0.31044028  0.323405   -0.07986076  0.03257737 -0.07803555 -0.16196152
   0.28665739  0.77383928 -0.83598134  0.81770862 -0.29445684  0.67907803]
 [ 0.23361738  0.2415595  -0.01744823  0.00129159  0.06884768 -0.02338538
   0.0748185   0.28083201  0.002439   -0.53180874  0.4486477  -0.19661363]
 [-0.81499554 -0.44806894 -0.68164045  0.44868334  0.28665739  0.0748185
   0.42721704  0.91428442 -0.43247449 -0.21164482 -0.03008335  0.19922137]
 [-0.34704654  0.7746297   0.56496044 -0.01911539  0.77383928  0.28083201
   0.99436749  0.22649655  0.41220678  0.5135037  -0.40678051 -0.40168503]
 [-0.03910091  0.7431807  -0.17327734 -0.62638907 -0.83598134  0.002439
   0.03244043 -0.77921818  0.30453472  0.40356269  0.32863295  0.90688344]
 [ 0.9945216  -0.96362373 -0.91230186 -0.68738834  0.81770862 -0.53180874
  -0.62215505 -0.74068353 -0.49230175  0.73410241 -0.83529894 -0.15843329]
 [ 0.48626753  0.69897582  0.14709753 -0.35940252 -0.29445684  0.4486477
  -0.21249613  0.64051264 -0.3589354   0.32799022 -0.78795314  0.00835681]
 [ 0.43126578 -0.40853969  0.96666561 -0.18646169  0.67907803 -0.19661363
  -0.43131269 -0.54793068  0.08544683 -0.28940396  0.07744445 -0.07716678]]

[[ 0.1266033   0.13012644  0.00890157 -0.00929608  0.09221959  0.02972141
   0.96885384 -0.27185766  0.84793586 -0.78043653 -0.51698399  0.82117235]
 [ 0.12627627  0.12970845  0.01080301 -0.01031998  0.09773767  0.03408897
  -0.52683921  0.67323126  0.28759806 -0.79987068 -0.92473485 -0.018243  ]
 [ 0.09941006  0.1041009  -0.03824944  0.01733457 -0.06290522 -0.08113846
   0.43627877  0.99455316 -0.61230889 -0.07631624  0.78216929  0.1231832 ]
 [-0.05858052 -0.06125862  0.02051509 -0.00911249  0.03101302  0.04313776
  -0.75018929  0.94549458 -0.70861098  0.00000139 -0.21423925 -0.22592952]
 [ 0.3629444   0.37880076 -0.10979801  0.04703401 -0.14037986 -0.22729882
  -0.63278155 -0.4719789  -0.56336432  0.12910852  0.18477943 -0.66027944]
 [ 0.23874367  0.2498318  -0.08768975  0.03935994 -0.13859952 -0.18523157
  -0.85903876  0.55080813 -0.85687037  0.67917658  0.28574124 -0.60824352]
 [ 0.96885384 -0.52683921  0.43627877 -0.75018929 -0.63278155 -0.85903876
   0.11736536 -0.87870434  0.31456913 -0.10291637  0.41493444  0.88534003]
 [-0.27185766  0.67323126  0.99455316  0.94549458 -0.4719789   0.55080813
   0.57909272  0.93965352  0.93932768  0.62858669 -0.05702302 -0.89475188]
 [ 0.84793586  0.28759806 -0.61230889 -0.70861098 -0.56336432 -0.85687037
   0.92489394  0.7877001   0.53080608 -0.50949299 -0.00857599 -0.37738631]
 [-0.78043653 -0.79987068 -0.07631624  0.00000139  0.12910852  0.67917658
  -0.40609648  0.85993836  0.57972377 -0.32972417 -0.39025768 -0.55849415]
 [-0.51698399 -0.92473485  0.78216929 -0.21423925  0.18477943  0.28574124
  -0.91484765  0.60676355  0.95741088  0.22543305 -0.01570556  0.13882836]
 [ 0.82117235 -0.018243    0.1231832  -0.22592952 -0.66027944 -0.60824352
   0.59861969  0.74808757  0.77785163 -0.48529399  0.64405293 -0.60994327]]

[[-0.05291592 -0.0559192   0.03226325 -0.01570875  0.06908841  0.07067923
  -0.87657714 -0.72052818  0.38302969 -0.28071914 -0.9203548   0.58536574]
 [-0.06136754 -0.0647637   0.03537579 -0.01710662  0.07401966  0.07725563
   0.17036437  0.62605099  0.36885285  0.65201993 -0.81070539 -0.10075164]
 [ 0.16034103  0.16740081 -0.0497941   0.02147981 -0.06586852 -0.10338958
  -0.72541574  0.95273016 -0.97539752  0.27184851 -0.74956663 -0.3811451 ]
 [-0.08545073 -0.08918944  0.02598055 -0.01114435  0.03343946  0.05381484
   0.73107008 -0.78699789 -0.84330803  0.39728517 -0.23018391  0.5586289 ]
 [ 0.4521887   0.47174957 -0.13222609  0.05611063 -0.1612279  -0.27263494
  -0.32300115  0.30318594  0.57427489 -0.41495389 -0.59387446  0.3553898 ]
 [ 0.36646479  0.3825514  -0.11266025  0.04846888 -0.14711734 -0.23365413
   0.89693582 -0.1060123  -0.04939993 -0.27015697  0.53382581 -0.83129494]
 [-0.87657714  0.17036437 -0.72541574  0.73107008 -0.32300115  0.89693582
  -0.51186014 -0.19093275  0.25174011 -0.99995422 -0.21569893  0.69436753]
 [-0.72052818  0.62605099  0.95273016 -0.78699789  0.30318594 -0.1060123
   0.76361392  0.60345091 -0.28806106  0.0856369  -0.8031955   0.16787412]
 [ 0.38302969  0.36885285 -0.97539752 -0.84330803  0.57427489 -0.04939993
   0.45103868  0.87725958 -0.4034723   0.73153541 -0.20439207  0.93167488]
 [-0.28071914  0.65201993  0.27184851  0.39728517 -0.41495389 -0.27015697
   0.99580409  0.71968846  0.74658264  0.9683565  -0.66130264 -0.04458994]
 [-0.9203548  -0.81070539 -0.74956663 -0.23018391 -0.59387446  0.53382581
  -0.64527329  0.96363447  0.24603943  0.50801538  0.69385495  0.3548893 ]
 [ 0.58536574 -0.10075164 -0.3811451   0.5586289   0.3553898  -0.83129494
  -0.32503046  0.86932542 -0.79173691 -0.74651154  0.51452865 -0.79974933]]

[[-0.16416744 -0.16600564 -0.07572521  0.04700348 -0.3115615  -0.18676438
   0.93108405 -0.64800126 -0.28893928  0.74622111  0.22035464  0.30911863]
 [-0.16482281 -0.1664505  -0.08114861  0.0499797  -0.32812325 -0.19933672
   0.20779706  0.22912766 -0.72184299  0.25462363 -0.61133021 -0.1711222 ]
 [-0.10353077 -0.10981111  0.07262953 -0.03591069  0.16360639  0.16023831
  -0.47315824  0.29766278 -0.31994297 -0.76135999 -0.26812551 -0.66121459]
 [ 0.06214439  0.06562881 -0.0368878   0.01790266 -0.07813983 -0.08069127
   0.81189607 -0.99397425  0.90638076 -0.85460242 -0.30784994 -0.62465752]
 [-0.39473219 -0.41447002  0.17801256 -0.08306172  0.32795068  0.38253406
   0.13411213 -0.51570477  0.26430742 -0.98994768  0.27310705 -0.56430744]
 [-0.25097913 -0.26561613  0.16225096 -0.07953067  0.35528432  0.35653919
   0.70353265  0.26614666  0.22677927  0.0395669   0.66392602 -0.34978354]
 [ 0.93108405  0.20779706 -0.47315824  0.81189607  0.13411213  0.70353265
  -0.12343598  0.7771081   0.08259395 -0.31571147  0.11469448  0.59200497]
 [-0.64800126  0.22912766  0.29766278 -0.99397425 -0.51570477  0.26614666
   0.33448894  0.69799997 -0.97368225  0.58625073  0.85065328  0.89811667]
 [-0.28893928 -0.72184299 -0.31994297  0.90638076  0.26430742  0.22677927
  -0.41131348  0.37644235  0.07764217  0.45572494 -0.40231769  0.50860616]
 [ 0.74622111  0.25462363 -0.76135999 -0.85460242 -0.98994768  0.0395669
   0.68749027 -0.12752484  0.06260724 -0.1897853  -0.12228339  0.05809908]
 [ 0.22035464 -0.61133021 -0.26812551 -0.30784994  0.27310705  0.66392602
   0.98928205  0.03319895  0.70703267 -0.80860855  0.00454405 -0.24489623]
 [ 0.30911863 -0.1711222  -0.66121459 -0.62465752 -0.56430744 -0.34978354
  -0.71877397  0.02401519  0.28218539  0.38338393  0.62288915 -0.00974113]]

[[ 0.13783583  0.13966473  0.05686693 -0.0358093   0.24151098  0.1413067
  -0.84776249  0.58081863  0.38371426 -0.83063048  0.95306198  0.43033721]
 [ 0.14718838  0.14929775  0.05704961 -0.03623742  0.24690298  0.14240553
   0.58711616 -0.86859128 -0.01966058  0.52378679  0.28955496  0.64697505]
 [-0.11999649 -0.12526459  0.03690504 -0.01587908  0.04821803  0.07654358
  -0.68399722  0.00442501  0.95755483 -0.03786695 -0.80886506  0.73018597]
 [ 0.06049784  0.0633022  -0.02209418  0.00990497 -0.03474294 -0.04664576
  -0.51968857  0.94018966 -0.22757257  0.25937679  0.48092356 -0.20570388]
 [-0.28751466 -0.3023248   0.13985162 -0.06604971  0.26935525  0.30216511
  -0.61862685 -0.63448631 -0.83861047 -0.41276784  0.17797746  0.9600651 ]
 [-0.26714547 -0.27917935  0.0893455  -0.03926348  0.12883706  0.18699959
  -0.66520248 -0.03300242 -0.4429683   0.02357729 -0.8703723   0.02372537]
 [-0.84776249  0.58711616 -0.68399722 -0.51968857 -0.61862685 -0.66520248
   0.00505383 -0.72694024 -0.3850509  -0.97291377  0.02180883 -0.71131351]
 [ 0.58081863 -0.86859128  0.00442501  0.94018966 -0.63448631 -0.03300242
  -0.72825995  0.01772052  0.14880504 -0.4288762  -0.09863861 -0.9507662 ]
 [ 0.38371426 -0.01966058  0.95755483 -0.22757257 -0.83861047 -0.4429683
  -0.88925591  0.20201378 -0.58118968  0.25273138  0.43786538 -0.04723613]
 [-0.83063048  0.52378679 -0.03786695  0.25937679 -0.41276784  0.02357729
   0.42315753  0.53706165  0.47162714  0.84752069  0.65047087 -0.85291837]
 [ 0.95306198  0.28955496 -0.80886506  0.48092356  0.17797746 -0.8703723
  -0.77589924  0.9223223  -0.21383724 -0.8278521   0.81566479  0.86394759]
 [ 0.43033721  0.64697505  0.73018597 -0.20570388  0.9600651   0.02372537
  -0.82756695  0.75602628 -0.40013599  0.89834485  0.0784444   0.52836571]]

[[-0.32843261 -0.3432871   0.11124973 -0.04903729  0.16260288  0.23314954
   0.00960727 -0.76835182 -0.47832163  0.53425172 -0.54555229 -0.99666532]
 [-0.34516864 -0.36064901  0.11383756 -0.04985831  0.16167246  0.23791451
  -0.50591611  0.6996613  -0.07627383  0.63959933  0.85001935  0.41011501]
 [ 0.15548044  0.15943142  0.01976517 -0.01622638  0.13967565  0.05690027
  -0.63291652  0.70218449  0.94854853  0.18205414 -0.0524663   0.49466862]
 [-0.07312216 -0.07475158 -0.01467209  0.01055893 -0.08177132 -0.03917684
  -0.13971208 -0.27987763  0.18497072  0.31994967  0.86277575 -0.64527398]
 [ 0.29490373  0.29902553  0.11675956 -0.073942    0.50203648  0.29099307
   0.69533754 -0.81265753 -0.14214839  0.14568169 -0.99704759 -0.37596822]
 [ 0.33529689  0.34334614  0.05369871 -0.04102303  0.33433964  0.14828278
   0.48057823  0.13811984  0.20036984 -0.2364589   0.76832814 -0.64210758]
 [ 0.00960727 -0.50591611 -0.63291652 -0.13971208  0.69533754  0.48057823
   0.34155665 -0.14755205 -0.91973856 -0.81018592 -0.17667263 -0.12369524]
 [-0.76835182  0.6996613   0.70218449 -0.27987763 -0.81265753  0.13811984
  -0.07889974  0.71417344  0.57687969 -0.94499541  0.00921088 -0.13758886]
 [-0.47832163 -0.07627383  0.94854853  0.18497072 -0.14214839  0.20036984
  -0.27209296 -0.09877239  0.76951224  0.61640906  0.90955824 -0.53984354]
 [ 0.53425172  0.63959933  0.18205414  0.31994967  0.14568169 -0.2364589
  -0.44446571  0.50145831  0.44545645 -0.72489328 -0.05330996 -0.48511219]
 [-0.54555229  0.85001935 -0.0524663   0.86277575 -0.99704759  0.76832814
  -0.62436005 -0.93385183  0.57766404 -0.49940035  0.89602624  0.02648825]
 [-0.99666532  0.41011501  0.49466862 -0.64527398 -0.37596822 -0.64210758
  -0.50412068 -0.56163583 -0.30912482 -0.1433716   0.04443727  0.44016614]]

[[-0.19405441 -0.19410661 -0.13936258  0.08270607 -0.51739517 -0.33589318
  -0.83594178  0.07434129 -0.7038879  -0.80811926  0.92483741 -0.79143556]
 [-0.20460523 -0.20487454 -0.14190272  0.08446001 -0.53045955 -0.34252314
  -0.51698959 -0.00111886 -0.96006854 -0.98941874 -0.55674873 -0.4438369 ]
 [ 0.10743543  0.11250138 -0.04125333  0.01868825 -0.06773235 -0.08749481
  -0.32115572  0.90547969  0.01493782 -0.48144148  0.44611489 -0.55213186]
 [-0.05168243 -0.05443915  0.0273609  -0.01308263  0.0550638   0.05944691
  -0.76086597  0.31843761  0.70646508  0.26398717 -0.03271834 -0.61008151]
 [ 0.22081555  0.23594156 -0.19559931  0.09874976 -0.47066221 -0.43573791
   0.25626031 -0.25759115 -0.08526457 -0.04839504 -0.93991156 -0.22569041]
 [ 0.23406741  0.24576306 -0.10535882  0.04914557 -0.19387321 -0.22637539
  -0.79375996 -0.22178971  0.86446415  0.79791416  0.03784937 -0.26255044]
 [-0.83594178 -0.51698959 -0.32115572 -0.76086597  0.25626031 -0.79375996
  -0.84125878 -0.75429834 -0.17875367  0.46182729 -0.85210227 -0.11100583]
 [ 0.07434129 -0.00111886  0.90547969  0.31843761 -0.25759115 -0.22178971
  -0.73842884 -0.28696234  0.06903275  0.15690965 -0.6742068   0.30800271]
 [-0.7038879  -0.96006854  0.01493782  0.70646508 -0.08526457  0.86446415
   0.24390088  0.63365315  0.04959558 -0.21194304 -0.62140013  0.53853785]
 [-0.80811926 -0.98941874 -0.48144148  0.26398717 -0.04839504  0.79791416
  -0.89945749  0.68848513  0.9586564  -0.10690624 -0.16874007  0.89502804]
 [ 0.92483741 -0.55674873  0.44611489 -0.03271834 -0.93991156  0.03784937
   0.59990345  0.3539928  -0.86846532 -0.01067418 -0.98422075 -0.61077439]
 [-0.79143556 -0.4438369  -0.55213186 -0.61008151 -0.22569041 -0.26255044
  -0.75894841  0.25880585 -0.22156034 -0.65410169  0.15810271  0.07056729]]

[[-0.35577086 -0.36656442 -0.0040197   0.01469087 -0.19634973 -0.03503498
   0.32152246  0.70673948  0.68435877  0.15600952 -0.71907621 -0.43966697]
 [-0.36196113 -0.3729229  -0.00454993  0.01519712 -0.20114293 -0.03670757
  -0.40977266 -0.97307889 -0.62380217  0.20697777 -0.95682547 -0.82995706]
 [-0.11223239 -0.11609764  0.00955227 -0.00125756 -0.02957572  0.01393648
   0.01070813 -0.83309187  0.27951964  0.46705426 -0.78084522  0.4094234 ]
 [ 0.07361574  0.07609977 -0.00506022  0.00016853  0.02300468 -0.00635766
  -0.69501425 -0.28241007  0.78449767 -0.99907274 -0.40328792 -0.59266803]
 [-0.5200305  -0.53718424  0.02648968  0.00384984 -0.19019504  0.0235344
  -0.17555257 -0.06554129 -0.10578564  0.80179314 -0.06437762 -0.9521695 ]
 [-0.28494368 -0.29465144  0.02176925 -0.00184086 -0.0825152   0.02964927
  -0.70765425 -0.81393458  0.11048131  0.9579401  -0.34468635  0.96357132]
 [ 0.32152246 -0.40977266  0.01070813 -0.69501425 -0.17555257 -0.70765425
   0.12414455 -0.6631231  -0.52899443  0.48810349 -0.7384955   0.08875697]
 [ 0.70673948 -0.97307889 -0.83309187 -0.28241007 -0.06554129 -0.81393458
   0.06717209 -0.23366283 -0.2082946   0.75833499  0.8422073  -0.46331172]
 [ 0.68435877 -0.62380217  0.27951964  0.78449767 -0.10578564  0.11048131
   0.65784854  0.21371925 -0.64558402 -0.38453966 -0.97316306 -0.92375901]
 [ 0.15600952  0.20697777  0.46705426 -0.99907274  0.80179314  0.9579401
  -0.98914852 -0.75575887  0.35410146  0.39643303 -0.25959432 -0.69357766]
 [-0.71907621 -0.95682547 -0.78084522 -0.40328792 -0.06437762 -0.34468635
   0.09038423 -0.06933541 -0.10858259  0.06736974 -0.59413518 -0.64561281]
 [-0.43966697 -0.82995706  0.4094234  -0.59266803 -0.9521695   0.96357132
  -0.79912036 -0.94742705 -0.89763991 -0.59044852 -0.82395412  0.10840395]]

[[ 0.18942985  0.19731049 -0.04801644  0.01948962 -0.04548024 -0.09717867
  -0.12039108  0.29959817 -0.46351403 -0.24503289 -0.25132343  0.02229828]
 [ 0.19224316  0.20017093 -0.04708598  0.0188841  -0.04123952 -0.09482622
  -0.03230015 -0.58498984  0.62150053 -0.76994166 -0.79543008 -0.91336414]
 [ 0.07110486  0.07570653 -0.05666005  0.02835433 -0.13263922 -0.12570515
  -0.26392974 -0.63636412  0.72691312  0.68218643  0.5760635   0.58423376]
 [-0.0453753  -0.04815797  0.03254033 -0.01612461  0.07382402  0.07186493
   0.86477755  0.73638516  0.40209649  0.90597627  0.3709354   0.21623114]
 [ 0.31082986  0.32867716 -0.19435641  0.0949098  -0.42030776 -0.42635202
   0.80458988  0.17156173  0.53035051  0.77899261  0.21495346 -0.76981416]
 [ 0.17792261  0.18912023 -0.13432752  0.06689282 -0.30961186 -0.29734025
   0.4791745  -0.07633054 -0.98236044 -0.60445432 -0.94112898 -0.26124564]
 [-0.12039108 -0.03230015 -0.26392974  0.86477755  0.80458988  0.4791745
   0.03318872  0.33917958  0.71634388 -0.20211519  0.49937367  0.40857761]
 [ 0.29959817 -0.58498984 -0.63636412  0.73638516  0.17156173 -0.07633054
  -0.1220088  -0.37705206  0.4744823  -0.91934113  0.32799811 -0.02214193]
 [-0.46351403  0.62150053  0.72691312  0.40209649  0.53035051 -0.98236044
  -0.11614671 -0.4511683  -0.49078951 -0.58530824 -0.58684611  0.75163681]
 [-0.24503289 -0.76994166  0.68218643  0.90597627  0.77899261 -0.60445432
   0.60087536 -0.28143246 -0.14904997  0.69226212 -0.41145497  0.48612443]
 [-0.25132343 -0.79543008  0.5760635   0.3709354   0.21495346 -0.94112898
   0.46273693 -0.55591724 -0.54866495 -0.72592631  0.39946186  0.49545998]
 [ 0.02229828 -0.91336414  0.58423376  0.21623114 -0.76981416 -0.26124564
   0.34677915 -0.03648413  0.83094713 -0.18692323 -0.8575087   0.63387678]]

[[-0.2484869  -0.26180908  0.13314798 -0.06377085  0.26952406  0.28950853
   0.06859739 -0.75891815  0.31714897 -0.48684081  0.16715633 -0.87164328]
 [-0.25556163 -0.26937615  0.13959629 -0.06703352  0.2851465   0.3038883
   0.64050793 -0.04272281 -0.89637586  0.05220499  0.96057886 -0.18028693]
 [-0.01371488 -0.01179276 -0.0551209   0.03049684 -0.17198079 -0.1282901
  -0.9171111   0.61519676  0.07014613  0.55761249  0.5002428   0.21908076]
 [ 0.01620014  0.01562164  0.02533598 -0.01436544  0.08417716  0.05968407
  -0.08307479 -0.18933544  0.58414052 -0.19309911 -0.07285155 -0.39336313]
 [-0.16976531 -0.17091821 -0.0958906   0.05818082 -0.37477955 -0.23373995
   0.98464567 -0.51138878 -0.83487139 -0.78622349  0.83066683 -0.29906593]
 [-0.0496597  -0.04618501 -0.11765971  0.06581412 -0.37766714 -0.27532038
  -0.4077082   0.93917249 -0.31077033 -0.58603259 -0.25529446  0.75293966]
 [ 0.06859739  0.64050793 -0.9171111  -0.08307479  0.98464567 -0.4077082
  -0.19982414  0.16874289 -0.95420943 -0.79949091 -0.95789929 -0.53437699]
 [-0.75891815 -0.04272281  0.61519676 -0.18933544 -0.51138878  0.93917249
   0.09417084 -0.8668202  -0.71773343 -0.92308444  0.2949909   0.95192351]
 [ 0.31714897 -0.89637586  0.07014613  0.58414052 -0.83487139 -0.31077033
   0.79196953  0.31161135 -0.0589192   0.27628853 -0.76981893  0.13928548]
 [-0.48684081  0.05220499  0.55761249 -0.19309911 -0.78622349 -0.58603259
  -0.119817    0.84325106 -0.37528622 -0.98639431  0.00298131  0.96970661]
 [ 0.16715633  0.96057886  0.5002428  -0.07285155  0.83066683 -0.25529446
  -0.18062761 -0.53070981 -0.19142767  0.60850122 -0.85520298  0.80303159]
 [-0.87164328 -0.18028693  0.21908076 -0.39336313 -0.29906593  0.75293966
   0.37045832 -0.4414417  -0.96401169  0.61659204  0.62733814  0.05961108]]

[[ 0.40621164  0.41927121 -0.0127055  -0.00735604  0.17245564  0.0000605
   0.11914051  0.80408785 -0.25245656  0.3966898   0.14634042 -0.10686609]
 [ 0.42454471  0.43820404 -0.01352224 -0.00755554  0.17951108 -0.00049869
   0.45458282 -0.48371187  0.08488835 -0.63089211  0.89148739  0.33252494]
 [-0.13667327 -0.14131058  0.00999465 -0.00063958 -0.0409154   0.01318902
  -0.07859922 -0.77629779  0.37023691  0.55645382  0.24534855 -0.64236088]
 [ 0.06014791  0.06221414 -0.00499589  0.00060677  0.01621938 -0.00718392
   0.88193114 -0.9479319  -0.53173983  0.72603317  0.75716604  0.86685153]
 [-0.19835098 -0.20545569  0.02331276 -0.00572427 -0.03303433  0.03948173
  -0.77888932  0.7285857  -0.69666501 -0.73749932 -0.74996863  0.03836687]
 [-0.28623331 -0.29599753  0.02216219 -0.00200951 -0.08200801  0.03046339
   0.84843896 -0.82190972  0.82186539 -0.56342467 -0.26584362  0.06206992]
 [ 0.11914051  0.45458282 -0.07859922  0.88193114 -0.77888932  0.84843896
  -0.1460766  -0.43384857 -0.40862112  0.36333189 -0.12847982 -0.5670752 ]
 [ 0.80408785 -0.48371187 -0.77629779 -0.9479319   0.7285857  -0.82190972
  -0.87214227 -0.93672299  0.89364233 -0.19018687 -0.44019518  0.32991609]
 [-0.25245656  0.08488835  0.37023691 -0.53173983 -0.69666501  0.82186539
   0.00110576  0.35118031  0.45425003 -0.46888782 -0.3356876   0.78963223]
 [ 0.3966898  -0.63089211  0.55645382  0.72603317 -0.73749932 -0.56342467
   0.0220166   0.55065512  0.06662942  0.8510859   0.97001924 -0.42712536]
 [ 0.14634042  0.89148739  0.24534855  0.75716604 -0.74996863 -0.26584362
   0.70201047 -0.74903589 -0.5197417   0.65246988  0.88545865  0.75691398]
 [-0.10686609  0.33252494 -0.64236088  0.86685153  0.03836687  0.06206992
  -0.52691551 -0.87771681  0.68720473 -0.38655754  0.05757976  0.86276415]]

[[-0.15634065 -0.15912072 -0.0479135   0.03158417 -0.22431731 -0.12196889
   0.69723266 -0.84051959 -0.22029294 -0.05587012 -0.25507803  0.34717395]
 [-0.16443819 -0.16742801 -0.04884942  0.03237836 -0.23131215 -0.12471644
  -0.53148635 -0.75366545 -0.36449104  0.78692419 -0.6012938  -0.34198211]
 [ 0.07708767  0.08000418 -0.01271142  0.00421282  0.00191759 -0.02377619
   0.51885212  0.34595599  0.45376253  0.60686762 -0.54345592 -0.15448077]
 [-0.03648251 -0.03797293  0.00860544 -0.00340389  0.00683848  0.01723287
   0.54182044 -0.24444754  0.75413101  0.56628592  0.47700154  0.76308413]
 [ 0.1495804   0.15686376 -0.06284598  0.02896506 -0.11048381 -0.13431075
   0.97628829 -0.0674248  -0.61612567  0.68231078  0.95313712  0.64297035]
 [ 0.1667115   0.17324572 -0.03282416  0.01201533 -0.01180825 -0.06373772
  -0.11536452 -0.33659197 -0.25938587  0.19257026  0.28220158 -0.25043105]
 [ 0.69723266 -0.53148635  0.51885212  0.54182044  0.97628829 -0.11536452
   0.99453697 -0.72615583 -0.52404    -0.09099853 -0.02515521 -0.51711568]
 [-0.84051959 -0.75366545  0.34595599 -0.24444754 -0.0674248  -0.33659197
  -0.63309185  0.47016152 -0.17850099 -0.34047248  0.79535036  0.31192434]
 [-0.22029294 -0.36449104  0.45376253  0.75413101 -0.61612567 -0.25938587
  -0.12401936  0.50919602  0.77927081  0.60559119 -0.37366893  0.41872239]
 [-0.05587012  0.78692419  0.60686762  0.56628592  0.68231078  0.19257026
   0.6271298   0.82739552 -0.81516714  0.36431531  0.52943031  0.35045351]
 [-0.25507803 -0.6012938  -0.54345592  0.47700154  0.95313712  0.28220158
  -0.74000149  0.28070525  0.46874656  0.70018845  0.43814638 -0.10358006]
 [ 0.34717395 -0.34198211 -0.15448077  0.76308413  0.64297035 -0.25043105
  -0.85983513  0.70678046  0.02681193  0.08613425  0.43870913 -0.66949785]]

[[ 0.16191752  0.16787924 -0.02283919  0.00674669  0.01557454 -0.04102522
   0.37169677 -0.28521751  0.964452    0.07590804  0.2080566   0.45079532]
 [ 0.17366268  0.18013773 -0.026397    0.00827129  0.0110178  -0.04839155
  -0.74920916  0.62815269  0.85078444 -0.48591947 -0.17784466 -0.20525343]
 [-0.15879455 -0.16654239  0.06708914 -0.03095179  0.11840189  0.14344306
   0.81971842  0.36721048  0.50821264  0.23913613  0.0821613  -0.19485528]
 [ 0.08077824  0.08478766 -0.03572935  0.01661704 -0.06502048 -0.07666716
  -0.25315211 -0.12798749  0.58427831 -0.85412762 -0.07150898 -0.53841388]
 [-0.39108883 -0.411175    0.18884086 -0.08908607  0.36222745  0.40780491
  -0.30630368  0.03507585  0.55321403 -0.87444184 -0.01964204  0.61643335]
 [-0.35500345 -0.37246494  0.15328394 -0.07099238  0.27456719  0.32830095
   0.03904084  0.86416853  0.61826837 -0.50384641  0.41181953  0.63172098]
 [ 0.37169677 -0.74920916  0.81971842 -0.25315211 -0.30630368  0.03904084
  -0.21268599  0.91152729  0.14453595 -0.76537642 -0.25855753  0.62352149]
 [-0.28521751  0.62815269  0.36721048 -0.12798749  0.03507585  0.86416853
  -0.59146779 -0.79123273 -0.71604736 -0.77991135 -0.74827629 -0.27598954]
 [ 0.964452    0.85078444  0.50821264  0.58427831  0.55321403  0.61826837
  -0.92878978  0.72717323 -0.27604411  0.90835161 -0.87739275  0.08642674]
 [ 0.07590804 -0.48591947  0.23913613 -0.85412762 -0.87444184 -0.50384641
   0.79572655  0.345484   -0.61810614  0.91174888 -0.18394376  0.11735792]
 [ 0.2080566  -0.17784466  0.0821613  -0.07150898 -0.01964204  0.41181953
  -0.49762482 -0.48044606 -0.42933087  0.91063331  0.13700421 -0.32276521]
 [ 0.45079532 -0.20525343 -0.19485528 -0.53841388  0.61643335  0.63172098
  -0.37164656  0.36299186 -0.55799579  0.81550912 -0.34631404 -0.06143231]]

[[-0.22635802 -0.23965908  0.14868376 -0.07300814  0.32745902  0.32698895
  -0.17362094 -0.27781057  0.61312137 -0.14005261 -0.33659224  0.11045223]
 [-0.24069057 -0.254628    0.15325945 -0.07499608  0.33371986  0.33651871
   0.0217013  -0.36303007  0.77230011  0.60848553 -0.37936057  0.82813698]
 [ 0.17293181  0.17825481  0.00015548 -0.0061616   0.09006167  0.01287641
   0.51551718  0.96052494 -0.39465353 -0.36352474 -0.47500059 -0.20572159]
 [-0.0862119  -0.08864301 -0.00530951  0.00592072 -0.06054826 -0.01850218
   0.08643579 -0.75014582 -0.49126298  0.84018092  0.1882568  -0.77844321]
 [ 0.39998868  0.40901925  0.07749867 -0.05625609  0.43904602  0.2079295
  -0.06370001  0.75715842 -0.73100323  0.81489669  0.32981778  0.0312407 ]
 [ 0.38298793  0.3943182   0.01112126 -0.01951429  0.23169286  0.05340553
  -0.71385935  0.02245605  0.54573062  0.43344959 -0.6597997  -0.39431742]
 [-0.17362094  0.0217013   0.51551718  0.08643579 -0.06370001 -0.71385935
   0.54944182 -0.05331231 -0.83589287  0.42336188 -0.75429562 -0.87398814]
 [-0.27781057 -0.36303007  0.96052494 -0.75014582  0.75715842  0.02245605
   0.40146492  0.55300586  0.15659386 -0.95135906  0.95680405  0.27855963]
 [ 0.61312137  0.77230011 -0.39465353 -0.49126298 -0.73100323  0.54573062
   0.77339462 -0.14980292 -0.66611695  0.18146791  0.41819429  0.81206494]
 [-0.14005261  0.60848553 -0.36352474  0.84018092  0.81489669  0.43344959
  -0.26428667 -0.94807072 -0.4120817  -0.11029563  0.15659366 -0.84938759]
 [-0.33659224 -0.37936057 -0.47500059  0.1882568   0.32981778 -0.6597997
   0.99626688 -0.4349068   0.35088031 -0.21432185 -0.58833473  0.3686591 ]
 [ 0.11045223  0.82813698 -0.20572159 -0.77844321  0.0312407  -0.39431742
   0.71530252  0.38787964 -0.11024127 -0.17342975 -0.21319488 -0.01639374]]

[[ 0.14443799  0.14308104  0.13654215 -0.07942672  0.4832524   0.32578824
   0.22123756 -0.86388145  0.20569451 -0.26541463  0.99582723 -0.97496977]
 [ 0.14136786  0.13967155  0.14229538 -0.08245162  0.49887053  0.33885263
  -0.68818735 -0.58519974  0.14951461 -0.93919845 -0.75128381 -0.08872824]
 [ 0.17681504  0.18380944 -0.03632202  0.01356497 -0.01703622 -0.07108443
  -0.0650044  -0.83068219  0.43615509 -0.75818722 -0.80799475  0.21550801]
 [-0.10135644 -0.10511741  0.01498019 -0.0045954  -0.00770511  0.02725907
  -0.48168901  0.29465094  0.0119488   0.64167465 -0.98158988 -0.49481524]
 [ 0.60371479  0.62393307 -0.03790175 -0.00057637  0.19941691 -0.04383236
  -0.14528866  0.80265702  0.18865079  0.02402212 -0.6315353   0.08724517]
 [ 0.4187953   0.4348501  -0.07399951  0.02557808 -0.00436449 -0.14058234
   0.76482195  0.96349368  0.89489824 -0.96794213 -0.93791711 -0.21801543]
 [ 0.22123756 -0.68818735 -0.0650044  -0.48168901 -0.14528866  0.76482195
   0.46200305  0.90925129 -0.04212063 -0.5518494   0.29284994  0.31362623]
 [-0.86388145 -0.58519974 -0.83068219  0.29465094  0.80265702  0.96349368
  -0.60541802 -0.82732858 -0.63834087  0.90725764  0.384742   -0.95440522]
 [ 0.20569451  0.14951461  0.43615509  0.0119488   0.18865079  0.89489824
  -0.38248565  0.39047022  0.12582137  0.30492511 -0.85493386 -0.54060018]
 [-0.26541463 -0.93919845 -0.75818722  0.64167465  0.02402212 -0.96794213
   0.07187949  0.27065191  0.72907505  0.95131227 -0.28224184 -0.16832236]
 [ 0.99582723 -0.75128381 -0.80799475 -0.98158988 -0.6315353  -0.93791711
   0.68840307  0.22972124  0.59507666 -0.89858224  0.92369759 -0.98446182]
 [-0.97496977 -0.08872824  0.21550801 -0.49481524  0.08724517 -0.21801543
   0.78198252 -0.68540601 -0.37567445  0.80530468  0.70440113 -0.73943861]]

[[-0.06218798 -0.06209949 -0.04713452  0.02785141 -0.1732064  -0.11335483
  -0.86833687 -0.15051653  0.3214662  -0.40709907 -0.48747052 -0.50664416]
 [-0.07311793 -0.07324575 -0.04996828  0.02977856 -0.18734548 -0.12069033
  -0.783859   -0.10155335 -0.0572743  -0.68677198  0.40035092 -0.20757058]
 [ 0.21188353  0.21703248  0.0324669  -0.02512488  0.20689113  0.09031655
  -0.76802182  0.61700332 -0.98527489  0.10314109  0.6818857   0.63773423]
 [-0.11319126 -0.11599811 -0.01602281  0.01270249 -0.10657149 -0.04519655
   0.36420195  0.06513133  0.72810295 -0.82914922 -0.58270026  0.59152744]
 [ 0.60155635  0.61700349  0.07269292 -0.06072245  0.52910425  0.2114211
  -0.90790005 -0.56623408 -0.38464469  0.52938383 -0.223008   -0.83286415]
 [ 0.484827    0.4967245   0.07156801 -0.05600796  0.46526158  0.20037399
  -0.21335682  0.45944832 -0.74492505 -0.67406319 -0.35785912 -0.37675491]
 [-0.86833687 -0.783859   -0.76802182  0.36420195 -0.90790005 -0.21335682
  -0.18288052 -0.00596448  0.98032547  0.16551957 -0.28459307  0.77496433]
 [-0.15051653 -0.10155335  0.61700332  0.06513133 -0.56623408  0.45944832
   0.88169996 -0.67708424  0.59966048  0.02180904 -0.10084032 -0.59537803]
 [ 0.3214662  -0.0572743  -0.98527489  0.72810295 -0.38464469 -0.74492505
  -0.87664742  0.64436071 -0.3489152  -0.76203951  0.70721232  0.929089  ]
 [-0.40709907 -0.68677198  0.10314109 -0.82914922  0.52938383 -0.67406319
   0.31118102  0.67065233  0.99068931  0.77465031  0.54921281  0.35278649]
 [-0.48747052  0.40035092  0.6818857  -0.58270026 -0.223008   -0.35785912
   0.32274036  0.40857191 -0.25887775 -0.08654078  0.97832083 -0.30439425]
 [-0.50664416 -0.20757058  0.63773423  0.59152744 -0.83286415 -0.37675491
   0.00603594  0.12992599 -0.36547253  0.26974873 -0.29650438  0.76869855]]
