A: 
[[-0.10958935  0.5263709   0.05260449  0.50084713  0.58106078 -0.83277156
  -0.20504167 -0.39713389  0.30314028  0.54729252  0.29680502  0.66752381]
 [ 0.04404893  0.70946756  0.1494519   0.67877397  0.41096982  0.33160177
   0.8618206   0.04114913  0.75781524  0.62677827 -0.39104324  0.83607286]
 [ 0.21659197  0.38610437  0.16023611  0.3731256  -0.15022607  0.66734765
   0.65940397 -0.95082976  0.58633528  0.22555919 -0.48943008  0.03510903]
 [-0.18467477 -0.85249517 -0.23354746 -0.81816172 -0.23809706 -0.91968362
   0.24537294  0.89087825 -0.35193667 -0.6922412   0.52853828  0.69344995]
 [-0.28148858 -0.73531647 -0.25150082 -0.70806556  0.03182169  0.68961608
  -0.53573792 -0.25301735 -0.71837077  0.05750834 -0.75825318  0.36713771]] 
x segnato:[[-0.16870899]
 [ 0.66648876]
 [ 0.76917125]
 [ 0.27676262]
 [ 0.62251902]
 [ 0.        ]
 [ 0.        ]
 [ 0.        ]
 [ 0.        ]
 [ 0.        ]
 [ 0.        ]
 [ 0.        ]]
Matrici Hi 

[[-0.15620754  0.10930331 -0.04374119  0.10142228  0.37969337 -0.5607141
  -0.30411534  0.46922079 -0.06710372  0.06546239 -0.4704784   0.08284761]
 [-0.44028366 -0.2841174  -0.23297562 -0.27999946  0.65578913 -0.45655741
  -0.86470067 -0.047518    0.98005939  0.02857949  0.16899733  0.57631489]
 [-0.1455363  -0.0078512  -0.06106948 -0.01031674  0.27699779 -0.90707541
  -0.93613412  0.2751147  -0.1223568   0.59643362 -0.48223282  0.78884412]
 [-0.42372807 -0.26937062 -0.22346263 -0.26558821  0.63397354  0.20449245
   0.09989232  0.45358674 -0.52260507  0.41947873  0.06831586  0.95680581]
 [-0.00489612 -0.4109816  -0.07812804 -0.39280257 -0.27809278 -0.61488514
  -0.95336627 -0.92663135  0.50923011 -0.1290706  -0.29854456  0.41207568]
 [-0.5607141  -0.45655741 -0.90707541  0.20449245 -0.61488514  0.41106795
  -0.28290202 -0.80123142 -0.84952291  0.07934793 -0.40279756 -0.63820655]
 [-0.30411534 -0.86470067 -0.93613412  0.09989232 -0.95336627 -0.2384838
   0.45225881 -0.31155076 -0.88945961 -0.67871871  0.83380842 -0.24191508]
 [ 0.46922079 -0.047518    0.2751147   0.45358674 -0.92663135 -0.62803842
  -0.10117819 -0.58846038 -0.11714154  0.94648845 -0.52751533  0.83363602]
 [-0.06710372  0.98005939 -0.1223568  -0.52260507  0.50923011 -0.57897277
   0.38101405 -0.01187024 -0.81364122 -0.69624916  0.03051632 -0.97339619]
 [ 0.06546239  0.02857949  0.59643362  0.41947873 -0.1290706  -0.39329104
  -0.16814015  0.99514279  0.7291545  -0.28560459  0.80726435 -0.50301923]
 [-0.4704784   0.16899733 -0.48223282  0.06831586 -0.29854456 -0.81040182
  -0.76390216 -0.69419708  0.66754989 -0.09804792 -0.2814686  -0.67092326]
 [ 0.08284761  0.57631489  0.78884412  0.95680581  0.41207568  0.83246268
  -0.67901624  0.57997645  0.25140008  0.59169032 -0.01316177 -0.20174947]]

[[ 0.05809338  0.06707023  0.03621931  0.06521155 -0.06582727 -0.46014446
  -0.76566354  0.71277352  0.03468611  0.3078818   0.29635323 -0.04314849]
 [ 0.14969494 -0.32734269  0.00068798 -0.3098928  -0.51963158  0.96232911
  -0.37245244  0.17032318  0.16820221 -0.87322237 -0.83205075  0.15312421]
 [ 0.05152315 -0.03315715  0.01496375 -0.03068642 -0.12321121  0.03502905
  -0.9576104  -0.63173403 -0.13450618  0.69037622  0.56515136  0.52693426]
 [ 0.14416248 -0.31149074  0.00135786 -0.29485268 -0.49779997 -0.31465189
  -0.40295036  0.77917045  0.27526817  0.9048582   0.64392694 -0.32764898]
 [-0.00800822 -0.35925364 -0.06982172 -0.3434348  -0.23585392  0.14651522
  -0.63256581 -0.88585205 -0.96435403 -0.52095235 -0.21213837  0.82838856]
 [-0.46014446  0.96232911  0.03502905 -0.31465189  0.14651522  0.66970255
   0.29254127 -0.74376783 -0.93242023  0.57523479  0.80754206 -0.05065231]
 [-0.76566354 -0.37245244 -0.9576104  -0.40295036 -0.63256581 -0.18057148
  -0.27329289  0.38871708  0.11438594  0.39761271 -0.95553773 -0.78326572]
 [ 0.71277352  0.17032318 -0.63173403  0.77917045 -0.88585205  0.22821851
   0.20290475  0.7099675   0.33237443 -0.06313855  0.32096834 -0.37769637]
 [ 0.03468611  0.16820221 -0.13450618  0.27526817 -0.96435403 -0.28625566
  -0.24402965 -0.20033048 -0.8690513  -0.55814653 -0.82575437  0.69284065]
 [ 0.3078818  -0.87322237  0.69037622  0.9048582  -0.52095235  0.75751878
  -0.72139502  0.42453194  0.12371262 -0.00030991  0.92682779  0.18559613]
 [ 0.29635323 -0.83205075  0.56515136  0.64392694 -0.21213837  0.22518069
   0.55621543 -0.39794129 -0.34396773  0.11478495  0.1160957   0.03088447]
 [-0.04314849  0.15312421  0.52693426 -0.32764898  0.82838856 -0.79547424
  -0.37722248 -0.12990271 -0.69971564  0.03334923  0.11207542 -0.18560556]]

[[-0.24232691  0.08689288 -0.0831687   0.07834278  0.53117223 -0.57708312
   0.12647823 -0.81225913  0.92451367 -0.828023   -0.06211973 -0.88285482]
 [ 0.04979698  0.27299515  0.07096254  0.26181987  0.09437835  0.35865662
   0.99073737 -0.71259206  0.64623389  0.3569821   0.63323025 -0.72010147]
 [-0.09003964  0.08615794 -0.0209242   0.08058571  0.23506215  0.86258831
   0.22163942 -0.88451579  0.64513843 -0.1837342  -0.79796294  0.3138135 ]
 [ 0.0428963   0.26253729  0.06619883  0.25169354  0.10045466 -0.08758617
  -0.43350177 -0.24489494  0.6394394   0.95809065 -0.08503328  0.31537614]
 [ 0.5052133   0.02237369  0.21109194  0.03114954 -0.96498298 -0.74740519
   0.35743786 -0.2629435  -0.36477581  0.50082007 -0.07035016 -0.2754431 ]
 [-0.57708312  0.35865662  0.86258831 -0.08758617 -0.74740519  0.79197716
  -0.0070417   0.57408686 -0.59133253  0.35438726 -0.60873359  0.31395572]
 [ 0.12647823  0.99073737  0.22163942 -0.43350177  0.35743786 -0.59342209
   0.87311099 -0.28653683 -0.01224603  0.20414302 -0.90530917 -0.89431982]
 [-0.81225913 -0.71259206 -0.88451579 -0.24489494 -0.2629435   0.0875197
   0.56031842 -0.0135624  -0.12751833  0.69892555 -0.35261598  0.10519553]
 [ 0.92451367  0.64623389  0.64513843  0.6394394  -0.36477581 -0.72463658
   0.21805114 -0.07229175 -0.30910392  0.24018131  0.03862314  0.0144921 ]
 [-0.828023    0.3569821  -0.1837342   0.95809065  0.50082007  0.79351636
   0.07098742 -0.47335608 -0.53436479  0.03887689  0.71468975  0.03581697]
 [-0.06211973  0.63323025 -0.79796294 -0.08503328 -0.07035016  0.56768497
   0.56609512  0.87760598 -0.31277142  0.67321636  0.09799969 -0.17560935]
 [-0.88285482 -0.72010147  0.3138135   0.31537614 -0.2754431   0.71235746
  -0.63218577  0.28651038  0.69187251 -0.16946327 -0.62952341  0.73590369]]

[[-0.04027837 -0.44496498 -0.09891592 -0.4259592  -0.23319524  0.76095727
  -0.73727205  0.86106271  0.83803367 -0.31160839  0.07881723 -0.15526957]
 [ 0.11393363  0.10746977  0.0665757   0.10489472 -0.14594471  0.76833725
  -0.69152002 -0.73125397 -0.37249896  0.45666369 -0.25071487  0.40424127]
 [ 0.00460389 -0.16236299 -0.02818718 -0.15505471 -0.12255458 -0.37522201
   0.97943865  0.56290279 -0.16924413 -0.63669025 -0.06355683 -0.49324   ]
 [ 0.10808876  0.09408579  0.0617025   0.0919928  -0.14396541 -0.42645706
  -0.22132681 -0.54538011  0.39002276  0.81600528 -0.99862767  0.74180218]
 [ 0.15791034  0.93890027  0.23858813  0.90020733  0.35051241 -0.6119267
  -0.49278152  0.71718719 -0.88383204 -0.15948481 -0.67819648 -0.19252531]
 [ 0.76095727  0.76833725 -0.37522201 -0.42645706 -0.6119267   0.2152339
   0.30101184 -0.3483413  -0.45605532 -0.57084232 -0.49279496 -0.33035251]
 [-0.73727205 -0.69152002  0.97943865 -0.22132681 -0.49278152  0.93126411
  -0.48486401 -0.12807121 -0.18430651 -0.89661071 -0.21839421 -0.13759176]
 [ 0.86106271 -0.73125397  0.56290279 -0.54538011  0.71718719  0.83044833
   0.75952021 -0.2155031   0.27891409  0.24987192  0.7419193  -0.81014115]
 [ 0.83803367 -0.37249896 -0.16924413  0.39002276 -0.88383204 -0.38854488
  -0.91936627  0.4879046   0.92978895 -0.79165337  0.64097065  0.94160673]
 [-0.31160839  0.45666369 -0.63669025  0.81600528 -0.15948481 -0.90126013
   0.70100083 -0.26266501  0.66139733  0.83012358  0.38514886  0.77515068]
 [ 0.07881723 -0.25071487 -0.06355683 -0.99862767 -0.67819648 -0.68368092
   0.37629102 -0.28360564 -0.84184767 -0.57806755 -0.334527   -0.95989572]
 [-0.15526957  0.40424127 -0.49324     0.74180218 -0.19252531 -0.81494441
  -0.72458008 -0.92848813  0.30550285  0.60837109 -0.04863308 -0.49287688]]

[[-0.15877594 -0.15352829 -0.09347523 -0.14977255  0.20075469 -0.45364314
  -0.49713747  0.07360486  0.20470456 -0.58483687  0.0903629   0.26898186]
 [-0.07258972 -0.00049323 -0.0298259  -0.00187516  0.14055446 -0.88029987
   0.9341662  -0.65745258 -0.34185432 -0.55930255 -0.21995539  0.54428636]
 [-0.0784837  -0.06298034 -0.04381416 -0.06169786  0.10826774  0.94177761
   0.80153504  0.18503614 -0.58255915  0.92370407  0.1889074  -0.19085516]
 [-0.0724328  -0.00344049 -0.03030752 -0.00468834  0.13818744 -0.02398388
   0.63977361  0.9559779  -0.13636392 -0.75215201  0.37902134 -0.78055719]
 [ 0.25739382  0.29765952  0.1605677   0.28940243 -0.29131597  0.15771755
  -0.51821976 -0.16121221 -0.04238313 -0.85952024  0.37434971  0.4504691 ]
 [-0.45364314 -0.88029987  0.94177761 -0.02398388  0.15771755  0.80538475
  -0.97564429  0.25433531  0.16446464 -0.01494467  0.02203907  0.50010131]
 [-0.49713747  0.9341662   0.80153504  0.63977361 -0.51821976 -0.3520111
  -0.17587757  0.58793056 -0.58738025 -0.7616943   0.89023411  0.18303728]
 [ 0.07360486 -0.65745258  0.18503614  0.9559779  -0.16121221  0.58228526
   0.24834512  0.51487095  0.78135424 -0.67565823 -0.84355238 -0.17972644]
 [ 0.20470456 -0.34185432 -0.58255915 -0.13636392 -0.04238313  0.5519068
   0.92339238 -0.05708737 -0.48071894 -0.55439619 -0.5549249   0.0543018 ]
 [-0.58483687 -0.55930255  0.92370407 -0.75215201 -0.85952024 -0.25972495
   0.78203168 -0.42654184  0.28880298  0.77815436  0.26823922 -0.93049405]
 [ 0.0903629  -0.21995539  0.1889074   0.37902134  0.37434971  0.78327959
   0.064395   -0.88378384  0.75333721 -0.43601494 -0.65845045  0.68993392]
 [ 0.26898186  0.54428636 -0.19085516 -0.78055719  0.4504691  -0.60765809
  -0.54888513  0.3523345   0.02518767  0.3938029   0.90720906  0.7023994 ]]
