A: 
[[-0.39212901 -0.48358536  0.33873258  0.31865166 -0.17022477  0.22272516
   1.31850969 -0.0628025   0.81179138  0.5762136   0.97190204 -0.78515588]
 [ 0.55696206  0.48255916  0.53611175 -0.2886809   0.27961311 -0.10810786
  -0.67755077 -0.36040701 -0.54696778  0.36202984 -0.49087272  0.70313129]
 [ 0.07588068  0.45399826  0.76673594  0.17243326  0.58237595  0.47036259
   0.27538987 -0.28518992 -0.68021356  0.48887189  0.03338866  0.78880609]
 [-0.54542417  0.1383337  -0.52402503  0.17152596  0.52864285  0.33490257
   0.88063119 -0.3242322   0.16836419  0.25108499  0.61109568  0.97629361]
 [ 0.28626879 -0.55852971  0.4100251  -0.24215678  0.05911089  0.34974946
   0.44945575 -1.07817928  0.31914372  0.4440259   0.53962015  0.19061432]
 [-0.13097274 -0.80456881  0.24405218  0.13159288 -0.3179625   0.33626363
   0.77897431 -0.28880061 -0.55549254 -0.44042456  0.49323364 -0.65123037]
 [-0.17161462  0.68221944 -0.50740898 -0.18614512  0.57332334 -0.30058824
   0.29096144 -0.37688994  0.41524901 -0.26459736 -0.26817292 -0.07389548]
 [-0.30068623  0.90604751 -0.09945816  0.22775712  0.26775157 -0.40366201
   0.06139062  0.76126384  0.65099654  0.36648854  0.4439052  -0.38498655]
 [ 0.23887179 -0.22846795  0.00638088 -0.41960486  0.0561159  -0.20431482
   0.43083437 -0.99985598  0.24544111 -0.60979948 -0.95289984  0.90555073]
 [-0.10000934  0.15565674 -0.59429419 -0.15638485  0.46600336  0.20896666
  -0.0531059  -0.51878023  0.76166309 -0.88218096 -0.91140976 -0.46400989]] 
x segnato:[[-0.85738915]
 [ 0.45832194]
 [-0.45077912]
 [-0.16489097]
 [ 0.55454525]
 [-0.25687345]
 [-0.65590922]
 [-0.68571737]
 [ 0.        ]
 [ 0.        ]
 [ 0.        ]
 [ 0.        ]]
Matrici Hi 

[[-0.10719622 -0.30226356 -0.4861116  -0.13193668 -0.21886618 -0.21509996
   0.16234796 -0.1180131   0.21732625  0.27276846 -0.68313079  0.24281312]
 [-0.17634158  0.79079089  0.08478919  0.05374717  0.51074049 -0.22820134
   0.4600475  -0.01539351  0.61540818  0.69934198 -0.20933748  0.90714993]
 [-0.04670969 -0.46781185  0.44767174  0.09511475 -0.05088401  0.33265284
   0.77860097 -0.43741864 -0.93073468  0.03932917  0.39344532 -0.56865204]
 [ 0.09328375  0.18938194  0.71035632  0.18102559  0.25147461  0.35808747
   0.145896   -0.05239536 -0.41854765 -0.19089391  0.24862646  0.46524645]
 [-0.22073038  0.61431847 -0.10937256 -0.08427595  0.24821642 -0.63573406
   0.79827937 -0.09940476 -0.53178549 -0.07146444  0.39702408 -0.99949277]
 [-0.05705837  0.16654799  0.35476519 -0.01106846  0.0542591  -0.284414
   0.78166858 -0.2093779  -0.68183812  0.96748669  0.52973918 -0.68799209]
 [ 0.11410051 -0.3179168   0.45085383  0.09913779 -0.12743359  0.30736464
   0.0447018  -0.05634636 -0.64185256  0.1997485   0.99188338 -0.85958362]
 [ 0.24784737  0.37870021  1.09882859  0.37841812  0.54478059  0.97326456
  -0.52165776  0.13159204 -0.70568481 -0.52789665 -0.72925534 -0.81793651]
 [ 0.21732625  0.61540818 -0.93073468 -0.41854765 -0.53178549 -0.68183812
  -0.64185256 -0.70568481  0.18736604  0.2960085   0.1833093  -0.99743197]
 [ 0.27276846  0.69934198  0.03932917 -0.19089391 -0.07146444  0.96748669
   0.1997485  -0.52789665 -0.80088721  0.06674604 -0.00082904 -0.48836267]
 [-0.68313079 -0.20933748  0.39344532  0.24862646  0.39702408  0.52973918
   0.99188338 -0.72925534  0.52447042  0.02666331  0.64438137 -0.55829795]
 [ 0.24281312  0.90714993 -0.56865204  0.46524645 -0.99949277 -0.68799209
  -0.85958362 -0.81793651  0.40306488 -0.98831662  0.6006723   0.04636978]]

[[-0.03282975 -0.04932134  0.1106785   0.13252394  0.08912861  0.32019259
  -0.07347948  0.05741031 -0.58093242 -0.91413414  0.4232859   0.75649725]
 [-0.00766975 -0.8857582  -0.57578669 -0.08528824 -0.02549205  0.77823755
  -0.29738293 -0.59945413  0.58532212  0.52596378  0.93409216  0.41287397]
 [ 0.33082451 -0.09671    -0.04334661 -0.29460555  0.14073664  0.13710279
  -0.45699516 -0.58367488  0.57358729  0.37053955 -0.40450704  0.62327909]
 [ 0.08863833  0.03794525 -0.09093648 -0.16572557 -0.01918966 -0.22347864
  -0.00831248 -0.18475616 -0.46187852  0.31340326 -0.92550459  0.29846258]
 [-0.13035515 -0.54841438 -0.68958651  0.03630887 -0.07272956  0.52692083
  -0.48557235 -0.02234114 -0.19470262 -0.37542899 -0.12351452 -0.32367563]
 [-0.13451667  0.16343831 -0.34367281  0.07225646 -0.03667692 -0.11486633
  -0.28723387  0.42580041 -0.43725641 -0.59734904  0.64480627  0.64573891]
 [ 0.37471853  0.19358846 -0.10802151 -0.46254245 -0.08070288 -0.62607964
  -0.34966308 -0.37258866  0.48299654  0.8229224  -0.3107218   0.15349532]
 [ 0.12358269 -0.02031416  0.24229798 -0.19529883  0.02185363 -0.23758423
   0.49999878 -0.51550408  0.08364591 -0.32743899 -0.67857178  0.07515905]
 [-0.58093242  0.58532212  0.57358729 -0.46187852 -0.19470262 -0.43725641
   0.48299654  0.08364591 -0.18280976 -0.81134649  0.54145823 -0.37197942]
 [-0.91413414  0.52596378  0.37053955  0.31340326 -0.37542899 -0.59734904
   0.8229224  -0.32743899  0.65522375 -0.73234944 -0.29807275  0.33659678]
 [ 0.4232859   0.93409216 -0.40450704 -0.92550459 -0.12351452  0.64480627
  -0.3107218  -0.67857178  0.80841582  0.8549301   0.25451158  0.6113463 ]
 [ 0.75649725  0.41287397  0.62327909  0.29846258 -0.32367563  0.64573891
   0.15349532  0.07515905 -0.42029405  0.74571777  0.09470826  0.58840688]]

[[-0.27934632  0.10869277 -0.41378585  0.23043359  0.00145362  0.11520636
  -0.27328884  0.59812934  0.79962383  0.87219431 -0.39541027 -0.91831267]
 [-0.13754724  0.43647825  0.39325719  0.09575863  0.47561003  0.07309848
   0.78986854 -0.33070065  0.0009431  -0.36158728 -0.66114673  0.94487505]
 [-0.51783388  0.44526576 -0.12793285  0.44581919  0.31140308  0.20488493
   0.4035623   0.6182345   0.26138551 -0.52434941 -0.91271285  0.06461441]
 [-0.03968952 -0.05465067  0.01685758 -0.0556625  -0.00150218 -0.10827642
   0.38448835 -0.22046197 -0.83468206  0.60424971 -0.28424998 -0.09278716]
 [ 0.10833466 -0.00632772  0.20687878 -0.25125205  0.12682426 -0.23163495
   0.68824001 -0.74931453 -0.75694614 -0.4221679  -0.372378   -0.32226457]
 [ 0.00544826 -0.50615452 -0.53296513 -0.35362065 -0.37014128 -0.47009274
   0.37494802 -0.48681785  0.61782137 -0.31034882 -0.74352016  0.15398013]
 [ 0.50896534  0.27338115  1.32392074 -0.12601194  0.33546231  0.13794998
   0.35592227 -0.74836499 -0.61558245  0.60938344 -0.42837181 -0.21450946]
 [-0.29773575  0.1011651  -0.18364538  0.20945978  0.07569687  0.07935795
   0.24774991  0.30191279  0.62330806  0.83982454  0.72341282 -0.74576265]
 [ 0.79962383  0.0009431   0.26138551 -0.83468206 -0.75694614  0.61782137
  -0.61558245  0.62330806 -0.23285991  0.41069458 -0.87539776  0.18379664]
 [ 0.87219431 -0.36158728 -0.52434941  0.60424971 -0.4221679  -0.31034882
   0.60938344  0.83982454 -0.84898196  0.93445711  0.51497134  0.76481651]
 [-0.39541027 -0.66114673 -0.91271285 -0.28424998 -0.372378   -0.74352016
  -0.42837181  0.72341282  0.28010891  0.56763329 -0.00339975 -0.9183702 ]
 [-0.91831267  0.94487505  0.06461441 -0.09278716 -0.32226457  0.15398013
  -0.21450946 -0.74576265  0.07121404 -0.48155062  0.16678274  0.73754933]]

[[ 0.07471365 -0.13189058  0.45511448  0.09508665 -0.16653252  0.03629905
   0.15266481  0.10220595 -0.25201325  0.01734099 -0.4163997  -0.45917373]
 [ 0.13834891  0.51488681 -0.04968884 -0.12313355  0.63136808  0.26892747
  -0.38043541 -0.42316167  0.07165676  0.94041878  0.92404585  0.79331969]
 [-0.11367057  0.33081926 -0.29556156  0.18084974  0.36896679  0.43903232
  -0.65000062  0.32885209  0.92732211 -0.46523435 -0.30550813  0.80506495]
 [-0.05076411  0.30310979 -0.52938678 -0.05482102  0.34411472  0.15328307
  -0.53860279 -0.00580624 -0.76394672 -0.76401471  0.13093801  0.1821964 ]
 [ 0.41207234  0.52339867 -0.01639834 -0.4541585   0.5581243  -0.10966055
  -0.43014587 -0.84437677 -0.06893533 -0.84091551  0.38301587 -0.56705818]
 [ 0.41322642  0.46658778 -0.29478925 -0.48528378  0.42533626 -0.1886539
  -0.77754394 -0.64130448  0.66089496 -0.6536167   0.48809871  0.91503701]
 [-0.33339338 -0.00525838 -0.67371514  0.06171049  0.03097742 -0.03898281
   0.1066641   0.18128805 -0.43915333  0.8934452   0.55541746  0.63811614]
 [-0.34680356  0.19650028 -0.62521767  0.29047842  0.29446659  0.4882827
  -0.51984079  0.52458862 -0.57159972  0.01730706 -0.35495116  0.47633552]
 [-0.25201325  0.07165676  0.92732211 -0.76394672 -0.06893533  0.66089496
  -0.43915333 -0.57159972  0.80903408 -0.03150443 -0.71789256  0.17080007]
 [ 0.01734099  0.94041878 -0.46523435 -0.76401471 -0.84091551 -0.6536167
   0.8934452   0.01730706  0.2005315   0.06965076  0.05249795  0.6390063 ]
 [-0.4163997   0.92404585 -0.30550813  0.13093801  0.38301587  0.48809871
   0.55541746 -0.35495116  0.33163303 -0.9040059   0.54669649 -0.3236715 ]
 [-0.45917373  0.79331969  0.80506495  0.1821964  -0.56705818  0.91503701
   0.63811614  0.47633552  0.47788043 -0.21023174  0.62079365 -0.18610779]]

[[-0.06425948 -0.19553744 -0.12760836  0.02263934 -0.06948498  0.09350079
   0.0538273  -0.02100549 -0.40010502  0.68402662  0.68863085  0.16733286]
 [ 0.1016     -0.09628023  0.55568677  0.2598088  -0.06028347  0.43613507
  -0.31292767  0.34925571  0.31121094 -0.01735777 -0.43483322 -0.12417007]
 [-0.50787634 -0.08063104  0.14402329  0.63464324  0.2872694   0.91781914
   0.3994329   0.47055444 -0.47745419 -0.00879422  0.25237194  0.93624619]
 [-0.12747652  0.26466757  0.32943452  0.2543515   0.16375091  0.16840396
   0.17733216  0.30002774  0.77978047  0.04920573  0.74647127 -0.53247216]
 [-0.00517037  0.06646722 -0.00824258 -0.01326313  0.11107482  0.04812155
   0.03798935 -0.10452858 -0.65919853 -0.31808847  0.3485635  -0.33167685]
 [-0.24857112  0.43790211 -0.10673818  0.04356476  0.31354914 -0.1992231
   0.59038878 -0.0660156  -0.00454609  0.23637975 -0.47848347 -0.39650825]
 [-0.18778805 -0.10850516 -0.48181888  0.02885851  0.268909    0.40094196
  -0.01645341 -0.24085366  0.84712166  0.69148323 -0.78373588  0.03870471]
 [ 0.04251599  0.30390803  1.0376912   0.46806288 -0.04615938  0.25165235
  -0.09666075  0.81390629  0.09496694 -0.08696291 -0.87323809  0.86719996]
 [-0.40010502  0.31121094 -0.47745419  0.77978047 -0.65919853 -0.00454609
   0.84712166  0.09496694  0.09202404  0.17634112 -0.66729545  0.8103511 ]
 [ 0.68402662 -0.01735777 -0.00879422  0.04920573 -0.31808847  0.23637975
   0.69148323 -0.08696291  0.07709289  0.27610642 -0.48391345  0.29962103]
 [ 0.68863085 -0.43483322  0.25237194  0.74647127  0.3485635  -0.47848347
  -0.78373588 -0.87323809  0.30379745 -0.79634294  0.50101565  0.96776905]
 [ 0.16733286 -0.12417007  0.93624619 -0.53247216 -0.33167685 -0.39650825
   0.03870471  0.86719996  0.53864249 -0.7473987   0.013898   -0.38904472]]

[[-0.26656498 -0.29145553  0.05868037  0.23109865 -0.1560027   0.14934428
   0.55789776  0.17206895 -0.50059837  0.74213679 -0.89662308  0.51978935]
 [-0.7580113   0.11170385 -0.72496197  0.3600142   0.31134506  0.24199571
   0.82879903  0.25790944 -0.90844458 -0.53725751 -0.73620779 -0.11392506]
 [-0.46720477  0.10576752  0.16020577  0.56675532  0.07564872  0.41305138
   0.37620082  0.75747181  0.76943141  0.65824351  0.25544184 -0.25132624]
 [ 0.1365315   0.5828354   0.01759188 -0.09360674  0.20551892 -0.28117945
  -0.43299416  0.16718056  0.26787558  0.27733889 -0.5242743   0.1781889 ]
 [-0.26198057  0.32260986 -0.48936474 -0.08338254  0.19267711 -0.37128738
   0.45892295 -0.09884568  0.05091087  0.4118776  -0.70428784 -0.12341291]
 [ 0.43063083  0.96994366  0.105087   -0.49195043  0.11784961 -1.13162176
  -0.4114402  -0.07497569  0.316915    0.26336272  0.74681006 -0.81843764]
 [ 0.17282509 -0.45758596  0.17115267  0.10515401  0.0274744   0.79218327
  -0.59326338 -0.12631315  0.12279908 -0.54631159  0.90745509  0.37706459]
 [-0.01165752  0.70548804 -0.0467584   0.08181742  0.31768523 -0.09399671
  -0.50703667  0.43829003 -0.73133867  0.36268971  0.84311794 -0.28819895]
 [-0.50059837 -0.90844458  0.76943141  0.26787558  0.05091087  0.316915
   0.12279908 -0.73133867  0.30973988 -0.41915189  0.76447273  0.94363281]
 [ 0.74213679 -0.53725751  0.65824351  0.27733889  0.4118776   0.26336272
  -0.54631159  0.36268971 -0.19628897  0.8786775   0.76619572 -0.27918529]
 [-0.89662308 -0.73620779  0.25544184 -0.5242743  -0.70428784  0.74681006
   0.90745509  0.84311794  0.08344364  0.28890012  0.46822979 -0.77963093]
 [ 0.51978935 -0.11392506 -0.25132624  0.1781889  -0.12341291 -0.81843764
   0.37706459 -0.28819895 -0.07652988 -0.992719   -0.99313787 -0.86958668]]

[[ 0.20520383  0.0380718  -0.0560699  -0.24278453  0.05001658 -0.14878222
  -0.18313112 -0.35261429  0.23865383  0.10835072 -0.29838218  0.58668408]
 [ 0.14877919  0.16844471  0.0415898  -0.28101178  0.00122587 -0.49446095
   0.27077891 -0.38035025 -0.97042254  0.84490533 -0.49028452 -0.17458251]
 [ 0.45375527  0.42105068  0.24206994 -0.310632    0.67681147  0.35848685
  -0.58506104 -0.85952504 -0.57879326  0.35643753  0.73367956 -0.86685372]
 [ 0.02223349 -0.08304732  0.2427003   0.11888656  0.01223309  0.25716563
  -0.04273618  0.06251945  0.44765556  0.24263963  0.94938029  0.8819502 ]
 [-0.06284353  0.21866552  0.54233183  0.16693307 -0.101119   -0.26167038
   0.51126649  0.31034933  0.25155261 -0.88061975  0.77051893 -0.01086735]
 [-0.06207103 -0.1218437   0.9235439   0.47446637 -0.25435136  0.29893844
   0.26451622  0.67447761 -0.48277409  0.31516233  0.5362391  -0.68127258]
 [-0.25058902  0.73999873 -0.09254878  0.25420923  0.82646383  0.53422584
  -0.08906907  0.05797515  0.23448834  0.2469703   0.17616865 -0.11958931]
 [ 0.18103631 -0.51607231 -0.24989468 -0.21738219 -0.20387064  0.11553648
  -0.29756207 -0.38217671  0.30889819 -0.90570255 -0.23379216  0.8917482 ]
 [ 0.23865383 -0.97042254 -0.57879326  0.44765556  0.25155261 -0.48277409
   0.23448834  0.30889819 -0.79186673  0.05186042  0.83050074  0.11476221]
 [ 0.10835072  0.84490533  0.35643753  0.24263963 -0.88061975  0.31516233
   0.2469703  -0.90570255  0.37660481 -0.70354598 -0.23888487  0.86747597]
 [-0.29838218 -0.49028452  0.73367956  0.94938029  0.77051893  0.5362391
   0.17616865 -0.23379216  0.43026074  0.68060439 -0.30668154 -0.06651172]
 [ 0.58668408 -0.17458251 -0.86685372  0.8819502  -0.01086735 -0.68127258
  -0.11958931  0.8917482  -0.33947522 -0.99293364 -0.68799655  0.78669619]]

[[-0.01745499 -0.13341257 -0.05932078  0.00806234 -0.42744966 -0.39014988
  -0.04912995  0.42859784  0.58134311  0.17267876  0.50851417  0.99208861]
 [ 0.63409598 -1.06791356  0.23823184 -0.53587817 -0.75451488 -0.24572045
  -0.245066   -0.79275615 -0.90460252  0.07151015  0.61086643 -0.27288671]
 [ 0.13645493 -0.16846764  0.25063424 -0.03525212 -0.5067204  -0.44464301
  -0.04744863  0.35628278 -0.67914234  0.73648932 -0.24547155  0.72118602]
 [-0.07594431  0.30697098  0.15295191  0.0678068   0.4608462   0.27075821
   0.28558026 -0.28860297  0.30135439  0.66873544  0.35708552 -0.99212751]
 [ 0.17402701 -0.40057236  0.0321721  -0.17059782 -0.15800766  0.05618475
  -0.00116592 -0.40313431 -0.64631726  0.15025882 -0.89358689  0.57054324]
 [-0.55840071  0.91859105 -0.04587906  0.41644561  0.96322843  0.44770055
   0.69481362  0.10084639 -0.30882642  0.06290944  0.08981534 -0.55526494]
 [ 0.31293425 -0.33154996  0.0822048  -0.12293569 -0.23164549  0.14514137
  -0.67609998 -0.04453787 -0.01902977  0.93831506 -0.81501716  0.52972501]
 [ 0.07264537  0.22316517  0.31310706 -0.07891766  0.47912806  0.23076456
   0.42245432 -0.67161838  0.5006631   0.66503911 -0.92312835  0.41735283]
 [ 0.58134311 -0.90460252 -0.67914234  0.30135439 -0.64631726 -0.30882642
  -0.01902977  0.5006631   0.54924882  0.8784869  -0.96178915 -0.7746494 ]
 [ 0.17267876  0.07151015  0.73648932  0.66873544  0.15025882  0.06290944
   0.93831506  0.66503911  0.2158476   0.17928355 -0.1643388  -0.68633724]
 [ 0.50851417  0.61086643 -0.24547155  0.35708552 -0.89358689  0.08981534
  -0.81501716 -0.92312835  0.30116635  0.41600319  0.05178065  0.49739679]
 [ 0.99208861 -0.27288671  0.72118602 -0.99212751  0.57054324 -0.55526494
   0.52972501  0.41735283  0.30570706  0.75260679  0.24340163  0.8453752 ]]

[[ 0.00594951  0.12149151 -0.19252768 -0.12180943  0.31626544  0.12259402
   0.04058663 -0.42868316 -0.83807631  0.29508438  0.27298091 -0.63676717]
 [-0.07400862  0.61830228  0.59238261  0.37647948  0.27798084  0.19664538
  -0.12167386  0.64536721  0.39902388 -0.77370174  0.15219658  0.34918327]
 [-0.17438066  0.3798376  -0.15795032  0.14786383  0.14159073 -0.06000899
  -0.1217684   0.42679605  0.61523728 -0.31480439  0.83831889 -0.06703411]
 [-0.14269818  0.04335653  0.11109666  0.23615213 -0.15714689 -0.00815146
  -0.00813484  0.56212951  0.5661864   0.96051137 -0.92677726  0.77538512]
 [-0.31281686 -0.07922839 -0.06476553  0.31002869 -0.03864174  0.22924274
   0.23895855  0.42618997 -0.08000729 -0.17203235  0.73353051  0.44363339]
 [-0.51408315 -0.54270196 -0.59151469  0.27766788 -0.24224544  0.25717509
   0.47359696  0.31227367 -0.48014423  0.36399372  0.68283437  0.43195668]
 [ 0.13341126 -0.26652648 -0.03524342 -0.10384741 -0.69119223 -0.6209992
  -0.26314743  0.49978402  0.98952483 -0.29756185 -0.54244817  0.38913154]
 [ 0.09003914  0.62014621  0.75488116  0.29462734  0.14495457  0.03188596
  -0.29714001  0.67773249  0.86975259 -0.13873212 -0.25051306  0.02071928]
 [-0.83807631  0.39902388  0.61523728  0.5661864  -0.08000729 -0.48014423
   0.98952483  0.86975259  0.95516895  0.23206724 -0.76741811  0.22499126]
 [ 0.29508438 -0.77370174 -0.31480439  0.96051137 -0.17203235  0.36399372
  -0.29756185 -0.13873212  0.18849287 -0.84359517 -0.26031335  0.6909478 ]
 [ 0.27298091  0.15219658  0.83831889 -0.92677726  0.73353051  0.68283437
  -0.54244817 -0.25051306  0.26644445 -0.89307004  0.06590434 -0.93796701]
 [-0.63676717  0.34918327 -0.06703411  0.77538512  0.44363339  0.43195668
   0.38913154  0.02071928  0.1970658   0.77566542  0.05792029 -0.89994624]]

[[-0.1217522   0.28030335  0.02570044  0.19302833  0.25203129  0.25275879
  -0.13582904  0.25389006 -0.3574497  -0.24572115 -0.38875529 -0.86959328]
 [-0.31524879 -0.35894466 -0.94306467  0.03467913 -0.26664542 -0.02798397
  -0.21826665  0.34267059 -0.34904236  0.50629091 -0.39365204  0.49693392]
 [-0.31324736 -0.30335184 -0.28687488  0.39063275 -0.12326322  0.54333254
  -0.29355675  0.64734556  0.75971606  0.92269187 -0.41062986 -0.28516538]
 [ 0.05608126 -0.17706655  0.02174438 -0.07441468 -0.21511136 -0.17844021
   0.07708857 -0.02775627  0.85607742 -0.52990034  0.45746443 -0.82809012]
 [-0.10274769 -0.49421631 -0.59091524 -0.11493836 -0.46562284 -0.2749209
  -0.03465238  0.11346195 -0.87591276 -0.639763    0.60730237  0.09194679]
 [ 0.20957326 -0.16807336  0.28462205 -0.19501462 -0.37650826 -0.49950008
   0.22086257 -0.11344138  0.27524262 -0.89974455  0.00577173  0.79327564]
 [-0.07069316 -1.01017314 -0.35249798  0.0369784  -0.51756723  0.36523853
  -0.07491697 -0.03602932 -0.62569939  0.85287077 -0.36888953 -0.94403958]
 [ 0.04620518  0.31685117  0.12726478 -0.05106874  0.14264129 -0.1866785
   0.07244338 -0.04250093 -0.44462653 -0.22102397  0.06322293  0.47546882]
 [-0.3574497  -0.34904236  0.75971606  0.85607742 -0.87591276  0.27524262
  -0.62569939 -0.44462653  0.59844012 -0.66335226 -0.02640043  0.58777389]
 [-0.24572115  0.50629091  0.92269187 -0.52990034 -0.639763   -0.89974455
   0.85287077 -0.22102397  0.78987557  0.83927696 -0.3793304   0.26911962]
 [-0.38875529 -0.39365204 -0.41062986  0.45746443  0.60730237  0.00577173
  -0.36888953  0.06322293 -0.83053681  0.02921599 -0.87615665  0.25136336]
 [-0.86959328  0.49693392 -0.28516538 -0.82809012  0.09194679  0.79327564
  -0.94403958  0.47546882  0.37423609  0.98791028  0.24143394 -0.0525493 ]]
