A: 
[[-0.25743802  0.88745092  0.08532583 -0.45782315  0.07524277  0.49112497
   0.01963856 -0.08733416  0.02805057  0.38612464  0.28953219  0.62056133]
 [-0.63123878  0.42964704  0.44339319  0.5318996   0.51898385  0.26433469
   0.33728462  0.59812419  0.96819904 -0.4764795  -0.93251729 -0.11032167]
 [ 0.24237406  0.05184018 -0.17361326 -0.5767101  -0.67107609  0.12085482
   0.13072618 -0.19502224  0.1788655   0.14932391 -0.39393784  0.37882659]
 [ 0.13828936  0.12006813 -0.17309892 -0.23339823 -0.22917211 -0.03331704
   0.32741764 -0.04027897 -0.01471107  0.56064323 -0.88279686 -0.02317516]
 [-0.51877515 -0.36863457  0.73600552 -1.07393016 -0.01758817 -0.57641727
   0.10777588  0.17324971  0.37419178 -0.62911165 -0.24252144 -0.63915642]
 [-0.20045348  0.83974295 -0.07227371 -0.37484329 -0.02404103  0.12466254
   1.03594368  0.26837131  0.73402396  0.21914566 -0.89662479  0.65283507]
 [ 0.6643058   0.18141714 -0.71630537 -0.14686592  0.27398677 -0.09857749
  -0.61035393 -0.85264315  0.30572128 -0.25261665 -0.44072846  0.63726024]
 [ 0.44636773 -0.21160392 -0.37323713 -0.25183374  0.12695399 -0.31614032
  -0.46213575 -0.57381476 -0.30374277 -0.05982537 -0.09581584 -0.07042572]
 [-0.5550659  -0.51771181  0.8255373  -0.34066407  0.17059961 -0.14537518
  -0.74748222  0.11920708  0.91650521  0.15903478 -0.3730408  -0.57992195]
 [-0.34461007 -0.72992362  0.63310937  0.30731533 -0.42992805  0.22169759
  -0.52467062  0.38216348 -0.43757396 -0.4849462  -0.57841465  0.71373345]] 
x segnato:[[-0.98038677]
 [-0.53969113]
 [ 0.06257449]
 [ 0.83906873]
 [ 0.88207232]
 [ 0.95377273]
 [-0.62432942]
 [ 0.9146841 ]
 [ 0.        ]
 [ 0.        ]
 [ 0.        ]
 [ 0.        ]]
Matrici Hi 

[[-0.1523446  -0.25070068  0.24559356 -0.08793035  0.37773737 -0.24850193
  -0.44416364 -0.09583685  0.68978516 -0.27655976  0.34371248  0.06583309]
 [ 0.05148927  0.01039008 -0.01322185  0.08127554 -0.21408845  0.28489396
  -0.27688688 -0.06904529 -0.39528094  0.94719329  0.64661074  0.37729141]
 [ 0.14921437  0.23004257 -0.22208808 -0.01027627 -0.39849873  0.22440109
   0.40224261  0.0612873  -0.22630717 -0.65273861  0.1149469   0.8159532 ]
 [-0.2112161  -0.1730361   0.12464082  0.65152702  0.34141967 -0.23528256
   0.53855425  0.50685984 -0.58074545 -0.67488792  0.47551265  0.80782132]
 [ 0.21703458  0.569013   -0.40183155 -0.60466996  0.10927552 -0.22034495
   0.57419558 -0.26811982  0.52604214 -0.57758328 -0.18477212  0.10056811]
 [-0.14353923 -0.35578655  0.274883    0.43547074 -0.22867878  0.28852314
  -0.39123204  0.21204484  0.36118095 -0.93402463 -0.93826529 -0.94693453]
 [-0.0108644  -0.03730632 -0.09790933  0.84987531  0.01982724  0.14899175
   0.42076518  0.413917   -0.4113755  -0.26526005 -0.16213583 -0.86059842]
 [-0.00095361  0.01480069 -0.10454162  0.66508286 -0.17052496  0.17113188
   0.58328058  0.43486192  0.56286654  0.12665364 -0.63388626 -0.88447725]
 [ 0.68978516 -0.39528094 -0.22630717 -0.58074545  0.52604214  0.36118095
  -0.4113755   0.56286654 -0.91023259  0.47194233  0.71487416 -0.64769276]
 [-0.27655976  0.94719329 -0.65273861 -0.67488792 -0.57758328 -0.93402463
  -0.26526005  0.12665364  0.67492337 -0.56002819 -0.2154307  -0.69790423]
 [ 0.34371248  0.64661074  0.1149469   0.47551265 -0.18477212 -0.93826529
  -0.16213583 -0.63388626 -0.95556355 -0.13299597  0.37098066 -0.13715496]
 [ 0.06583309  0.37729141  0.8159532   0.80782132  0.10056811 -0.94693453
  -0.86059842 -0.88447725 -0.13962406 -0.92423932  0.9161599  -0.39535884]]

[[-0.20034517 -0.57089741  0.31712468  0.04083117  0.02918701 -0.49461078
   0.34299249  0.36929421 -0.62728952 -0.58948473 -0.47046441 -0.52879164]
 [-0.42411867  0.83624656  0.25836701 -0.37923353  0.2460726   0.43834769
  -0.00957118  0.03041596  0.65018128  0.70787778 -0.87904813 -0.0401887 ]
 [ 0.27978699  0.22002837 -0.31603295  0.09450993 -0.08902002  0.3233965
  -0.38427861 -0.33685371  0.91284026 -0.7048552  -0.42700411 -0.45695124]
 [ 0.27582904  0.3862879  -0.48074999  0.3514195  -0.0935585   0.16127415
   0.58936776  0.05240679 -0.23750677 -0.62410201 -0.263464    0.29430748]
 [ 0.41887656  1.14186672 -0.72528446 -0.27952727 -0.36590295  0.66538944
   0.40734126 -0.37843512  0.8058189  -0.43511009 -0.41807718  0.63655468]
 [-0.33523609  0.03634654  0.29936187  0.21354008  0.23179912  0.02053106
   0.12897514  0.31824051 -0.77749068 -0.30051936 -0.12579374 -0.41249313]
 [-0.19829397  0.37563738  0.19384168 -0.40751252  0.37405321  0.20382841
  -0.70492926 -0.34453133  0.19274027  0.43603401  0.58347137  0.93613592]
 [ 0.15575272  0.3325495  -0.22389652  0.05126231  0.11050987  0.30267426
  -0.40673649 -0.31856121  0.64772443 -0.44585086 -0.34671025 -0.39123889]
 [-0.62728952  0.65018128  0.91284026 -0.23750677  0.8058189  -0.77749068
   0.19274027  0.64772443  0.13003724 -0.42089292  0.71997788 -0.20580096]
 [-0.58948473  0.70787778 -0.7048552  -0.62410201 -0.43511009 -0.30051936
   0.43603401 -0.44585086  0.30618453  0.29568279 -0.49399687 -0.93802529]
 [-0.47046441 -0.87904813 -0.42700411 -0.263464   -0.41807718 -0.12579374
   0.58347137 -0.34671025 -0.63883437 -0.92176696  0.6374285  -0.51869323]
 [-0.52879164 -0.0401887  -0.45695124  0.29430748  0.63655468 -0.41249313
   0.93613592 -0.39123889 -0.06937699  0.7615584  -0.11631599 -0.48450531]]

[[-0.15249629 -0.11377359  0.1612416  -0.30001761 -0.16455654 -0.32426946
   0.68668246  0.31209899  0.474611   -0.15506639 -0.01469515 -0.37822061]
 [ 0.39545226 -0.25117568 -0.38917106  0.52626645 -0.24966562  0.0560109
   0.03816048 -0.04457384 -0.21743228  0.76044797 -0.10305585  0.4417478 ]
 [ 0.05077123  0.12700375 -0.05577927  0.26911975  0.12820686  0.35138685
  -0.61315665 -0.21221305 -0.41220149  0.71668476  0.54360013  0.39491964]
 [ 0.20038924 -0.0823121  -0.12194408 -0.34776224  0.53782489 -0.27015905
  -0.92562203 -0.67215273  0.69152309  0.98034123  0.19992904  0.2001853 ]
 [-0.08505535  0.05302152 -0.001664   -0.02089271  0.75904512 -0.48214132
   0.0441449  -0.08396222  0.97719471  0.74288103  0.09872274 -0.48918752]
 [ 0.45967125 -0.44578411 -0.35107435  0.52524649 -0.38886279  0.15296842
  -0.37121696 -0.17661804 -0.52311135  0.10514116 -0.27500453 -0.25807301]
 [ 0.06902105  0.56003765 -0.1034831  -0.40413463 -0.08679537  0.53840931
  -0.63587954 -0.46525302 -0.5824408   0.59442815 -0.95428701  0.94965219]
 [ 0.15812578  0.28367105 -0.13653249 -0.08973813  0.15130061  0.44032599
  -1.04867123 -0.58337572  0.21900737  0.69365293 -0.98266985  0.67882834]
 [ 0.474611   -0.21743228 -0.41220149  0.69152309  0.97719471 -0.52311135
  -0.5824408   0.21900737  0.88249229  0.69165795  0.15181493 -0.27504234]
 [-0.15506639  0.76044797  0.71668476  0.98034123  0.74288103  0.10514116
   0.59442815  0.69365293 -0.64466513 -0.16964375  0.88785903  0.22137675]
 [-0.01469515 -0.10305585  0.54360013  0.19992904  0.09872274 -0.27500453
  -0.95428701 -0.98266985 -0.95330749 -0.18104679 -0.65103719 -0.18580368]
 [-0.37822061  0.4417478   0.39491964  0.2001853  -0.48918752 -0.25807301
   0.94965219  0.67882834 -0.59445954 -0.75645725  0.47615717  0.50243355]]

[[-0.25732085 -0.04440992  0.26362049  0.24166603  0.15571474  0.08506361
  -0.0835492   0.22137679 -0.00502211 -0.47294152 -0.58543418 -0.1484361 ]
 [-0.09126567  0.21183939  0.0150538  -0.29980587  0.18134028 -0.20369779
   0.34312221  0.02743353 -0.44054422 -0.55684002 -0.42457681  0.29914684]
 [ 0.37658401 -0.03833011 -0.35491597 -0.07964834 -0.32937385  0.0503363
  -0.0381004  -0.25874258 -0.16291848 -0.39349802 -0.31202809 -0.13610078]
 [-0.05775088  0.57191268 -0.08197922 -0.44284821  0.12786024  0.07304792
   0.23016714 -0.12686964 -0.22738632 -0.58150342 -0.11290682 -0.18168162]
 [-0.55535068 -0.07831789  0.60638107 -0.14014572  0.55965263 -0.20183764
  -0.26581305  0.19928237 -0.43891376  0.09259725  0.2356336  -0.19940893]
 [ 0.4277313   0.49103946 -0.56939794 -0.18472568 -0.42755928  0.2786913
   0.37308479 -0.25366536  0.11188891 -0.00879833  0.63865239 -0.59029086]
 [-0.11444176 -0.05928171  0.08782526 -0.51495251  0.42823534 -0.70622638
   0.46421116  0.01473154 -0.88636438  0.64189412 -0.75599802 -0.75245875]
 [ 0.2676229   0.17126814 -0.32246532 -0.42435459 -0.07494088 -0.21326048
   0.29279622 -0.24959183 -0.07860543 -0.26949098 -0.21169855  0.99346265]
 [-0.00502211 -0.44054422 -0.16291848 -0.22738632 -0.43891376  0.11188891
  -0.88636438 -0.07860543  0.52740286  0.06688097 -0.39237719  0.67513988]
 [-0.47294152 -0.55684002 -0.39349802 -0.58150342  0.09259725 -0.00879833
   0.64189412 -0.26949098 -0.25893321 -0.62227264  0.22975765 -0.48951658]
 [-0.58543418 -0.42457681 -0.31202809 -0.11290682  0.2356336   0.63865239
  -0.75599802 -0.21169855  0.69782485 -0.48918752 -0.46693645 -0.02487747]
 [-0.1484361   0.29914684 -0.13610078 -0.18168162 -0.19940893 -0.59029086
  -0.75245875  0.99346265  0.15934414 -0.5718752   0.7448871   0.53506173]]

[[-0.10515069  0.08206191  0.12568316  0.04230984  0.32089722  0.14951357
  -0.6272854  -0.19630297  0.27650538  0.43558842 -0.30187217  0.99622314]
 [ 0.03611312 -1.02424782  0.31741258 -0.75875099 -0.38933757 -0.83365606
   0.03531813 -0.00986599 -0.20665128  0.54813545  0.02039109 -0.77008494]
 [ 0.10178282  0.16161631 -0.21395003  0.19838038 -0.13705973  0.03670982
   0.55203438  0.17204352 -0.02891031  0.30207753  0.81162693 -0.40271851]
 [ 0.12051353  0.52705288 -0.24693278 -0.12038577 -0.47489318  0.46544737
   0.38840447  0.01373126  0.97587875  0.23320735 -0.64245929 -0.29539134]
 [-0.22079392 -0.3524252   0.29655523 -0.18810223 -0.27697994 -0.35531248
   0.69518141  0.4620332  -0.51829073  0.56523518 -0.05173467 -0.08857688]
 [ 0.20692365 -0.31243328 -0.07356826 -0.40355626 -0.23665966 -0.25379632
  -0.1353665  -0.23445537  0.22320233 -0.58259581  0.80711068  0.09562834]
 [ 0.1455379  -0.01526771 -0.10944597 -0.22478024 -0.41864798  0.06941015
   0.15437183 -0.04363944  0.63357675 -0.70128182 -0.61464739 -0.07336489]
 [ 0.20640112  0.32270262 -0.31916597  0.00988275 -0.42162092  0.25105642
   0.51565021  0.05181101 -0.88953146 -0.55392464  0.44968115 -0.82873143]
 [ 0.27650538 -0.20665128 -0.02891031  0.97587875 -0.51829073  0.22320233
   0.63357675 -0.88953146  0.8635594   0.31796497 -0.73365637  0.33564302]
 [ 0.43558842  0.54813545  0.30207753  0.23320735  0.56523518 -0.58259581
  -0.70128182 -0.55392464 -0.81997537 -0.30470011 -0.03562182 -0.470052  ]
 [-0.30187217  0.02039109  0.81162693 -0.64245929 -0.05173467  0.80711068
  -0.61464739  0.44968115  0.84002779 -0.65529772  0.60536391 -0.47887624]
 [ 0.99622314 -0.77008494 -0.40271851 -0.29539134 -0.08857688  0.09562834
  -0.07336489 -0.82873143 -0.26596164  0.05183221  0.73483062 -0.14781542]]

[[ 0.48501666 -0.67384896 -0.38333297  0.27534957 -0.1106404  -0.52515973
   0.12761465 -0.12147017  0.38016902  0.36739986 -0.97982112  0.91652443]
 [ 0.53928737  0.29580787 -0.68244489  0.49215962  0.28285926  0.22199078
  -0.43779899 -0.52093847  0.30412959 -0.43778469 -0.66222074  0.89220597]
 [-0.68667298  0.74244749  0.60248329 -0.49533547  0.08572152  0.55660778
  -0.09422404  0.21656491  0.03837416 -0.62262318 -0.60862906 -0.55561659]
 [ 0.40807079 -0.50567251 -0.34186088  0.20185735  0.06308503 -0.48135379
   0.02004878 -0.18173721 -0.59193786 -0.84691826 -0.01664106  0.12580304]
 [-0.00820901  0.09879396 -0.10254536  0.02481218  0.20860121 -0.29445227
   0.57954804  0.15524886  0.43974892  0.24165621 -0.30943499  0.6908367 ]
 [ 0.4404244   0.3673405  -0.53485719  0.13621299  0.36611516  0.23959577
  -0.77581082 -0.69616226 -0.31615823  0.73791734  0.4235412   0.23342024]
 [-0.08147718 -0.48131489  0.22322873  0.48793144 -0.57901552  0.26162389
   0.04147633  0.41692898 -0.6386541  -0.79161868 -0.8062577  -0.54536985]
 [-0.36315975  0.13862304  0.39725373 -0.06768516 -0.17845022  0.37403423
  -0.12501857  0.23243226  0.72534795  0.42033197  0.43049451  0.96183774]
 [ 0.38016902  0.30412959  0.03837416 -0.59193786  0.43974892 -0.31615823
  -0.6386541   0.72534795  0.71079425 -0.31514492  0.97527225  0.09314974]
 [ 0.36739986 -0.43778469 -0.62262318 -0.84691826  0.24165621  0.73791734
  -0.79161868  0.42033197 -0.29614827  0.34134385 -0.60186915  0.02436652]
 [-0.97982112 -0.66222074 -0.60862906 -0.01664106 -0.30943499  0.4235412
  -0.8062577   0.43049451 -0.25245245 -0.77724098 -0.44963558  0.5330876 ]
 [ 0.91652443  0.89220597 -0.55561659  0.12580304  0.6908367   0.23342024
  -0.54536985  0.96183774 -0.37965198  0.47492354 -0.28425033 -0.18159534]]

[[-0.00040939  0.1919211  -0.01067252 -0.22280799  0.07545577  0.09353952
  -0.23954666 -0.19474955  0.25374381  0.76780498  0.22836007  0.95286964]
 [-0.56751554  0.24001497  0.57696672 -0.65680366  0.06286909 -0.05018338
   0.25470091  0.27732039 -0.20005257  0.6056258  -0.42602581  0.59227528]
 [ 0.192631   -0.24367136 -0.19861986  0.43331714 -0.03823713 -0.10565824
   0.1667045   0.08552047 -0.40866143 -0.54549619 -0.92225596 -0.05622885]
 [ 0.32310836 -0.18216772 -0.39070713  0.2732062  -0.15095328 -0.31924771
   0.71522633  0.13541228  0.29691051 -0.72440374 -0.1612349  -0.54585379]
 [-0.12400828 -0.73049027  0.49999783 -0.55372042 -1.03467932  0.09597793
  -0.27189339  0.15399355 -0.00163544  0.79416058  0.47562665  0.05838404]
 [ 0.04301893  0.2948601  -0.25599306  0.06248809  0.44993806 -0.39586631
   0.769504    0.1132746   0.97592049  0.30912708  0.37466594  0.9935821 ]
 [-0.58713844  0.59517538  0.42982408  0.06783372  0.54080619  0.30746803
  -0.02272592  0.26865078  0.87138626  0.73242838 -0.31342615  0.53365981]
 [ 0.01198368  0.10577423 -0.15382103  0.49270819  0.27534564 -0.07627285
   0.41085866  0.21052639  0.61030556 -0.65702282  0.56224477 -0.4909106 ]
 [ 0.25374381 -0.20005257 -0.40866143  0.29691051 -0.00163544  0.97592049
   0.87138626  0.61030556  0.00872676 -0.95400167  0.00471764  0.52712962]
 [ 0.76780498  0.6056258  -0.54549619 -0.72440374  0.79416058  0.30912708
   0.73242838 -0.65702282  0.07366966 -0.06572604  0.61470833  0.21201467]
 [ 0.22836007 -0.42602581 -0.92225596 -0.1612349   0.47562665  0.37466594
  -0.31342615  0.56224477 -0.55932143 -0.33342599  0.94942758 -0.56787895]
 [ 0.95286964  0.59227528 -0.05622885 -0.54585379  0.05838404  0.9935821
   0.53365981 -0.4909106  -0.14444448 -0.66638324  0.57687022 -0.19502551]]

[[-0.2351118   0.13290742  0.26839357 -0.40990375  0.15968145  0.0029347
  -0.26026389 -0.08402019 -0.64895853  0.81881626  0.70988127 -0.74443864]
 [-0.13893902 -0.05593778  0.13462786  0.10096573 -0.41605063  0.09545994
   0.59082021  0.43208192  0.82766723  0.77935509  0.16418124 -0.08073393]
 [ 0.39464016 -0.1942601  -0.41011602  0.32816983 -0.04187018 -0.13934089
   0.06432322 -0.14565145  0.11878558 -0.0133467  -0.51764867 -0.91228822]
 [-0.09171465  0.06105148  0.10843104  0.65557463 -0.91731005  0.93077424
   0.13626201  0.49042439  0.47331624  0.41291661 -0.60399298 -0.72100282]
 [-0.69032316  0.76737826  0.46463601  0.11174178  0.01070542  0.53809166
   0.75275739  0.7054349   0.10182609 -0.44542447 -0.27926225  0.76295979]
 [ 0.51443897 -0.5176135  -0.37420685  0.32079422 -0.93812051  0.16811042
   0.13280858  0.01081397 -0.96942498 -0.26426255 -0.93211977 -0.5746317 ]
 [-0.238691   -0.18063368  0.2579558   0.23312818  0.44496847 -0.19051283
  -0.16840706  0.13932861 -0.02182216  0.93082998  0.81503975 -0.6952553 ]
 [ 0.2317414  -0.28972131 -0.20050278  0.56060265 -0.18907198  0.09534906
  -0.05562364  0.05513128  0.93911701  0.15725858 -0.72936749 -0.51975258]
 [-0.64895853  0.82766723  0.11878558  0.47331624  0.10182609 -0.96942498
  -0.02182216  0.93911701  0.11785286 -0.79666076  0.4200225   0.13674346]
 [ 0.81881626  0.77935509 -0.0133467   0.41291661 -0.44542447 -0.26426255
   0.93082998  0.15725858 -0.89332617  0.30940683  0.56017569 -0.25037094]
 [ 0.70988127  0.16418124 -0.51764867 -0.60399298 -0.27926225 -0.93211977
   0.81503975 -0.72936749 -0.14231837  0.8449978   0.28537566 -0.17648613]
 [-0.74443864 -0.08073393 -0.91228822 -0.72100282  0.76295979 -0.5746317
  -0.6952553  -0.51975258  0.25774426  0.40958882 -0.46964225  0.56739692]]

[[ 0.03891594 -0.04789869 -0.11449265  0.57306007 -0.16295491  0.10702315
   0.48531734  0.35060629 -0.93855272  0.24956121 -0.11623991  0.06051968]
 [ 0.28731194  0.08868326 -0.25632417 -0.11241044 -0.1958005   0.23530056
  -0.44532412 -0.38501463 -0.81111825 -0.75621491 -0.05660705 -0.69779527]
 [-0.14469309  0.03941617  0.20359648 -0.40885944  0.22263109 -0.07876476
  -0.41129687 -0.20341224  0.24506905  0.16515843  0.73245798 -0.48166637]
 [ 0.3821119   0.21716895 -0.5024203  -0.50566724  0.45490427 -0.60662104
   0.26209603 -0.48614353 -0.3778846   0.01647027  0.42102917 -0.35078682]
 [ 0.44963574 -0.33272731 -0.36182037 -0.44869175 -0.35762404 -0.46015615
   0.28488566 -0.26603898  0.15816165 -0.03111559  0.60538976  0.16775061]
 [ 0.2276881   0.37998148 -0.35165836  0.17835613  0.34303135  0.19348951
  -0.37667873 -0.37889333  0.40310431  0.35126416 -0.85896668 -0.83141552]
 [-0.43724262  0.05702637  0.58843399 -0.89055974  0.01886321  0.01193867
  -0.50569614 -0.11788047 -0.32041658  0.2773908   0.32190826  0.26288852]
 [-0.19720749  0.17511067  0.24860498 -0.79779041  0.37372437 -0.21018843
  -0.45655438 -0.34816503 -0.53448582  0.14696403  0.92889354  0.03972021]
 [-0.93855272 -0.81111825  0.24506905 -0.3778846   0.15816165  0.40310431
  -0.32041658 -0.53448582 -0.36230337  0.64389471  0.81369596 -0.16402983]
 [ 0.24956121 -0.75621491  0.16515843  0.01647027 -0.03111559  0.35126416
   0.2773908   0.14696403 -0.65335714 -0.12902715  0.1815766  -0.26023244]
 [-0.11623991 -0.05660705  0.73245798  0.42102917  0.60538976 -0.85896668
   0.32190826  0.92889354 -0.15054256  0.83496897  0.36518676  0.67061213]
 [ 0.06051968 -0.69779527 -0.48166637 -0.35078682  0.16775061 -0.83141552
   0.26288852  0.03972021 -0.81008298 -0.37485369 -0.08278712  0.38597794]]

[[ 0.06871348 -0.15322815 -0.00550854  0.18152068 -0.48330713  0.25975703
   0.03301008  0.13320064  0.18434684 -0.06080756  0.91222709 -0.34425561]
 [-0.38240094  0.1242993   0.32024355  0.33740236  0.86537207 -0.03284839
  -0.48446601  0.0436221   0.83413237  0.06780917 -0.09956239 -0.50698938]
 [ 0.07418684  0.00307475 -0.0926497  -0.27693077  0.27942312 -0.35508881
   0.05385604 -0.17973243  0.17323109  0.67459998  0.91685864  0.91312699]
 [-0.22484262  0.78843344  0.12286413 -1.05578345 -0.10049163  0.20135827
   0.20246234 -0.18249654  0.07268942  0.63917644  0.05918462 -0.01483327]
 [ 0.09935209  0.70328995 -0.28961155  0.38897471  0.18532209  0.69402584
  -0.4252356  -0.25089163  0.5984883  -0.4699817  -0.50660741  0.93664956]
 [-0.3040114   0.01347823  0.34919704 -0.69085193  0.56941288 -0.48349853
  -0.20885795 -0.16120713  0.11016912 -0.95289504  0.69735832 -0.10731836]
 [-0.40482864 -0.05315959  0.34449368  0.39969564  0.16283386 -0.06146891
   0.53599471  0.59608952 -0.41099561 -0.77754553  0.2466717  -0.42225766]
 [-0.22017513  0.18291397  0.16673326 -0.45710051  0.2280036  -0.29378063
   0.37980764  0.08739367  0.41792562 -0.73803347 -0.15025635 -0.27743928]
 [ 0.18434684  0.83413237  0.17323109  0.07268942  0.5984883   0.11016912
  -0.41099561  0.41792562 -0.10659745 -0.90907505 -0.61825887  0.47919734]
 [-0.06080756  0.06780917  0.67459998  0.63917644 -0.4699817  -0.95289504
  -0.77754553 -0.73803347 -0.72819517 -0.39916444 -0.92449653 -0.33233867]
 [ 0.91222709 -0.09956239  0.91685864  0.05918462 -0.50660741  0.69735832
   0.2466717  -0.15025635 -0.4959803   0.33851093 -0.79413245  0.01357828]
 [-0.34425561 -0.50698938  0.91312699 -0.01483327  0.93664956 -0.10731836
  -0.42225766 -0.27743928 -0.03961748 -0.98539585  0.15747838 -0.93070932]]
