A: 
[[-1.00992874 -0.3384461  -0.55175518  0.40650403 -0.53677199 -0.91465941
  -0.46165008 -0.06579044 -0.12455376  0.39046367 -0.80157815 -0.19185475]
 [ 0.44132119  0.01608788  0.49679231 -0.21091269  0.16503683  0.33487128
   0.18581762 -0.8708365  -0.15160046 -0.57282054  0.96631855  0.49619532]
 [-0.50845525 -0.35452129  0.2602472   0.165607    0.96076827 -0.00106377
   0.32189956  0.82671816  0.91496448  0.07897198  0.22660231 -0.03511437]
 [-0.1708194  -0.35557623 -0.24916906 -0.30908174  0.43973433  0.22581463
   0.33164495  0.23896385  0.11702956  0.28854481 -0.78123491 -0.5223128 ]
 [ 0.19003149  0.17615275  1.02836547  0.31310049 -0.48915425  0.82671053
  -0.13559013  0.14703354  0.19570893  0.95653016 -0.17580474 -0.04926522]
 [ 0.08654011 -0.0950022  -1.04793999 -0.53739026 -0.84258063  0.22439521
  -0.07449838 -0.05899171 -0.23483128 -0.94792743  0.02320557  0.11284698]
 [ 0.02301623 -0.15842205 -0.40554536 -0.36207279 -0.00916761  0.64727441
   0.251727    0.86525024  0.61889437 -0.20068816  0.20109051  0.97497164]
 [ 0.00313782 -0.35333128  0.30790963 -0.30016204  0.45920714  0.76902669
   0.43725492  0.23019189  0.20362685  0.57304165  0.37917217 -0.79043277]
 [-0.5419071  -0.56132929 -0.23688788 -0.19853659  0.55225799  0.31331632
   0.37265248  0.77412151  0.53787801  0.92565642 -0.45203122  0.38550201]] 
x segnato:[[-0.38201477]
 [ 0.6522175 ]
 [ 0.0854985 ]
 [ 0.89695716]
 [ 0.93763667]
 [ 0.69083604]
 [ 0.69308328]
 [-0.87886475]
 [ 0.        ]
 [ 0.        ]
 [ 0.        ]
 [ 0.        ]]
Matrici Hi 

[[ 0.07355128  0.01419505  0.71500878  0.20315325  0.49281915 -0.1092441
   0.08613204 -0.51687632  0.37361825 -0.16008525 -0.95768261  0.39698689]
 [ 0.35693823  0.21464378  0.05644414 -0.06618768  0.31918335 -0.15137173
   0.08569373 -0.21328434  0.53308465  0.48606559  0.42559838 -0.85357589]
 [ 0.21501686  0.51932015 -0.27030653  0.24342171 -0.54161815 -0.12542789
  -0.34056024  0.79057198  0.35079576  0.46306865  0.03726759 -0.70829024]
 [ 0.39867485  0.40789138 -0.71036688 -0.1748176  -0.27232666 -0.1451311
  -0.10406058  0.50862015 -0.16602792  0.07013299 -0.78915984  0.71746121]
 [ 0.18182256  0.25460406  0.24021131  0.22063806  0.89094501 -0.7275644
   0.08412777 -0.20318666  0.6041732   0.77264953 -0.40779552 -0.67854639]
 [-0.56456581 -0.45543833  0.86698     0.28720746 -0.45042215  0.74737531
  -0.07000303 -0.0140675   0.0638549  -0.38152869 -0.47833472 -0.32951959]
 [-0.20305707 -0.14740981  0.4722906   0.19393012  0.29057077 -0.05583919
   0.04314375 -0.21972298 -0.31331451 -0.04887786  0.64998955  0.43601565]
 [ 0.08284122 -0.28682283  0.23532387 -0.30521592  0.37644797  0.46899526
   0.3458887  -0.29375312 -0.38083719 -0.39811355 -0.10385503 -0.27902628]
 [ 0.37361825  0.53308465  0.35079576 -0.16602792  0.6041732   0.0638549
  -0.31331451 -0.38083719  0.62578503  0.64658444  0.86721696 -0.35063981]
 [-0.16008525  0.48606559  0.46306865  0.07013299  0.77264953 -0.38152869
  -0.04887786 -0.39811355  0.91163395  0.2827763  -0.31182965 -0.40811777]
 [-0.95768261  0.42559838  0.03726759 -0.78915984 -0.40779552 -0.47833472
   0.64998955 -0.10385503 -0.9775988   0.93624838  0.00903897  0.94601078]
 [ 0.39698689 -0.85357589 -0.70829024  0.71746121 -0.67854639 -0.32951959
   0.43601565 -0.27902628  0.2666598  -0.70028316  0.32587603  0.01184583]]

[[-0.08786531  0.00435483 -0.80276285 -0.15279966  0.13914133 -0.6768587
  -0.02875232 -0.06022491  0.77621183  0.64655288  0.62302219 -0.62322271]
 [ 0.19961535  0.18736242 -0.84374866 -0.24085982  0.16801863 -0.56752855
   0.01368549  0.06788355 -0.12861265  0.27912661 -0.30554633  0.71847608]
 [ 0.05804109  0.26513111  0.03942688  0.25560827 -0.17103524 -0.43015678
  -0.24881423 -0.15854593  0.19418177  0.96639948  0.49327403  0.3529176 ]
 [ 0.29431929  0.28827705 -0.13536905 -0.0062342  -0.00925549 -0.13341479
  -0.05282043  0.11366844  0.53083872 -0.83771981  0.7018888  -0.80734976]
 [-0.22620686  0.15014271  0.04616342  0.32433038 -1.15708616  0.56579547
  -0.42052128  0.9925812   0.82543929  0.48388866 -0.4982909  -0.03109855]
 [-0.04846348 -0.26426091  0.11290499 -0.1759575   0.11110673 -0.01960217
   0.11507699 -0.8589369   0.29270325 -0.08935676  0.6678296   0.85421331]
 [-0.20142412 -0.10652881  0.15820095  0.10482299 -0.40338087  0.29450193
  -0.11140077  0.14797153  0.566668    0.22158999  0.77418549  0.17450073]
 [ 0.61093541  0.10941556 -0.6394452  -0.68038623 -0.56196894  0.72959687
   0.1470244   0.0230755   0.27708885  0.09227301  0.02066024  0.73463939]
 [ 0.77621183 -0.12861265  0.19418177  0.53083872  0.82543929  0.29270325
   0.566668    0.27708885  0.43547457 -0.61213816 -0.46857956  0.08655774]
 [ 0.64655288  0.27912661  0.96639948 -0.83771981  0.48388866 -0.08935676
   0.22158999  0.09227301  0.16979839 -0.92374583  0.08672901 -0.88157359]
 [ 0.62302219 -0.30554633  0.49327403  0.7018888  -0.4982909   0.6678296
   0.77418549  0.02066024 -0.59132426 -0.09150043 -0.79940952  0.94749242]
 [-0.62322271  0.71847608  0.3529176  -0.80734976 -0.03109855  0.85421331
   0.17450073  0.73463939 -0.19227984  0.10272422 -0.03892125 -0.62372184]]

[[-0.26586826 -0.34724305 -0.38928988 -0.24169138  0.29901853 -0.12930553
   0.19185627 -0.10384172 -0.32724408 -0.2707617   0.00194256  0.04078641]
 [-0.26160174 -0.31418827 -0.08805866 -0.09643476  0.39837634 -0.30535898
   0.14322104 -0.48507186  0.71576547 -0.33295219  0.9981609   0.71179502]
 [ 0.35278364 -0.06607016 -0.51776111 -0.54381854 -0.06973078  0.02655793
   0.16014622 -0.76812357  0.96919308  0.94514092 -0.95018236  0.3406511 ]
 [ 0.07783065 -0.03704848  0.09101584 -0.05647118  0.12483907 -0.20305516
   0.02629761 -0.6710346  -0.81012449  0.7148326   0.31959487 -0.93104901]
 [-0.19967055 -0.32781556  0.07438743 -0.14758411  0.72246558  0.21682168
   0.37583113  0.3861954   0.21774046  0.956298    0.08921903 -0.18768991]
 [ 0.24645103  0.08611404 -0.38818624 -0.27919467 -0.31798865  0.3096094
   0.027925    0.21925743  0.31334172  0.38612134 -0.32045848 -0.19838797]
 [-0.0261044  -0.05959078 -0.06610377 -0.07702903  0.12116817  0.22881235
   0.11729159  0.43974392  0.36089877  0.84983428  0.96646103 -0.47306988]
 [-0.30181397 -0.29214078  0.62473774  0.18112605  0.83835002 -0.01865618
   0.26242221 -0.00732754  0.93190706 -0.82580121  0.51346972  0.28949066]
 [-0.32724408  0.71576547  0.96919308 -0.81012449  0.21774046  0.31334172
   0.36089877  0.93190706 -0.22668338 -0.79428724  0.06878736  0.62528275]
 [-0.2707617  -0.33295219  0.94514092  0.7148326   0.956298    0.38612134
   0.84983428 -0.82580121  0.1802196  -0.00932917  0.79821483 -0.38546327]
 [ 0.00194256  0.9981609  -0.95018236  0.31959487  0.08921903 -0.32045848
   0.96646103  0.51346972 -0.79990909  0.75585934  0.90518348  0.55790623]
 [ 0.04078641  0.71179502  0.3406511  -0.93104901 -0.18768991 -0.19838797
  -0.47306988  0.28949066 -0.67122795  0.10350026 -0.0008712  -0.91073882]]

[[ 0.18991022  0.30464962 -0.18247578  0.10985865  0.63817666 -0.61731789
   0.04744452  0.29109621  0.2415823   0.30309088  0.89744892  0.49750919]
 [ 0.00913104  0.06438535 -0.03833041  0.02583795  0.25399232  0.17226792
   0.109896    0.80007948  0.71749104  0.59139507  0.89021863  0.71364525]
 [ 0.38876367  0.57620616 -0.59016307  0.08142216  0.40715194 -0.82781981
  -0.08949458  0.50452493 -0.02331045 -0.43985515 -0.91262094  0.5087208 ]
 [-0.06523803 -0.04775752 -0.05939825 -0.04490123 -0.19059093  0.47687155
   0.04243148  0.71624116 -0.19552216 -0.86544304 -0.16439267 -0.99259869]
 [-0.21994011 -0.4330308  -0.25333393 -0.30362078  0.9409385  -0.40101599
   0.39551981 -0.51637068  0.61019624 -0.65407985 -0.02444734  0.00602476]
 [ 0.69825668  0.79125657 -0.35632913  0.12086106  0.39130444 -0.97314362
  -0.15641173 -0.05847292  0.19307646  0.78542727  0.91004136  0.3517053 ]
 [ 0.07349416  0.00380118 -0.13379401 -0.07377988  0.44579092 -0.49220711
   0.08809174 -0.49723355  0.65181345  0.21133465  0.92885085  0.36779146]
 [ 0.16445872 -0.17126614  0.03053319 -0.37218621  0.39840045  0.99165908
   0.46563658  1.03481448  0.92626958 -0.48629238 -0.94016567 -0.26570052]
 [ 0.2415823   0.71749104 -0.02331045 -0.19552216  0.61019624  0.19307646
   0.65181345  0.92626958 -0.58475468  0.39277967  0.35318977  0.22900044]
 [ 0.30309088  0.59139507 -0.43985515 -0.86544304 -0.65407985  0.78542727
   0.21133465 -0.48629238 -0.52777147 -0.12492722 -0.89489869 -0.23443055]
 [ 0.89744892  0.89021863 -0.91262094 -0.16439267 -0.02444734  0.91004136
   0.92885085 -0.94016567  0.02064116  0.6378525   0.76907614 -0.81408943]
 [ 0.49750919  0.71364525  0.5087208  -0.99259869  0.00602476  0.3517053
   0.36779146 -0.26570052 -0.41366901  0.51434557  0.71891306 -0.12497531]]

[[ 0.47486788  0.22571921 -0.75765065 -0.41950025  0.27520057 -0.40490744
   0.13553417 -0.24358384 -0.63406972 -0.66266765 -0.98205487 -0.56979188]
 [ 0.2594013  -0.05822042 -0.54167033 -0.46255063  0.11292221 -0.04279391
   0.18580883 -0.40002617  0.58111618 -0.98152177 -0.60784486  0.37210485]
 [-0.33167625 -0.77239917 -0.2298536  -0.59813824 -0.15384925  0.68649946
   0.33758481 -0.62524438 -0.02797712  0.31656597 -0.7780313   0.07296113]
 [-0.26308902 -0.51727677  0.04559121 -0.30243364 -0.20208168  0.55609609
   0.1773471  -0.41580293 -0.3395754  -0.46950903 -0.64970914  0.35266797]
 [-0.55963655 -0.73810097  0.01311604 -0.25455875  0.21081607  0.18326583
   0.25846497 -0.61879139  0.0943441  -0.58132439  0.78653033 -0.11985385]
 [ 0.0573897   0.12593932 -0.14992202  0.03627132  0.31304385 -0.24855576
   0.04170421  0.30789036  0.23784288  0.14354123  0.68503148  0.94163733]
 [-0.12808178 -0.06718266  0.01242303  0.0568241   0.18944652 -0.15696051
   0.02567475  0.00910636  0.35559411  0.99704979  0.54858159  0.58830609]
 [-0.5194558  -0.63601554  0.08867212 -0.15936657  0.54972062  0.08017267
   0.31988486 -0.27492421 -0.76950195 -0.96548643 -0.97498149  0.28533104]
 [-0.63406972  0.58111618 -0.02797712 -0.3395754   0.0943441   0.23784288
   0.35559411 -0.76950195  0.22690542 -0.9111839   0.98473399  0.95833652]
 [-0.66266765 -0.98152177  0.31656597 -0.46950903 -0.58132439  0.14354123
   0.99704979 -0.96548643 -0.65502816  0.27887044 -0.27631112  0.68426079]
 [-0.98205487 -0.60784486 -0.7780313  -0.64970914  0.78653033  0.68503148
   0.54858159 -0.97498149  0.19271569 -0.63252559  0.08406513  0.0242353 ]
 [-0.56979188  0.37210485  0.07296113  0.35266797 -0.11985385  0.94163733
   0.58830609  0.28533104  0.96129732 -0.61838325 -0.7672541  -0.8572632 ]]

[[-0.39266361 -0.4738625   0.15188025 -0.09176904  0.12728861  0.20736022
   0.15702195 -0.28581121 -0.35586472 -0.36250473  0.60423486  0.71427848]
 [-0.22304319 -0.03742197 -0.15951453  0.12928463  0.23359113 -0.47847979
  -0.0450816   0.01540585  0.31930175 -0.43974763  0.7465625  -0.91186742]
 [ 0.01840825 -0.05180357 -0.68440828 -0.27230223  0.32825851 -0.48331198
   0.11818634 -0.14099164 -0.98198738  0.84592357  0.43828557  0.46275944]
 [ 0.15131409  0.39920971 -0.54786752  0.13042583  0.2337492  -0.87352373
  -0.15954899  0.22779608  0.1171104  -0.99522468  0.44574062 -0.52660464]
 [-0.80259929 -0.51419803 -0.2505772   0.08162797 -0.62181467  0.23754941
  -0.15354213  0.3910343   0.78653182  0.47717576  0.45698258  0.48798309]
 [-0.27645475 -0.64064907  0.39510757 -0.31432294  0.09097939  0.85313565
   0.35242595 -0.33636422 -0.2643162  -0.23327808  0.88258299  0.49487662]
 [-0.36688052 -0.42874526  0.17709111 -0.08291737 -0.30119914  0.57029873
   0.06675386  0.00244461 -0.94855276 -0.20262976 -0.73719218 -0.01654737]
 [-1.02005535 -0.4107881   0.07543099  0.50283706 -0.25596213 -0.13725938
  -0.23877564  0.77237531 -0.22405376  0.43203553 -0.97848728 -0.37429902]
 [-0.35586472  0.31930175 -0.98198738  0.1171104   0.78653182 -0.2643162
  -0.94855276 -0.22405376 -0.92611707  0.49449072  0.87001549  0.50340088]
 [-0.36250473 -0.43974763  0.84592357 -0.99522468  0.47717576 -0.23327808
  -0.20262976  0.43203553 -0.12416711 -0.6388813   0.60178865 -0.96211631]
 [ 0.60423486  0.7465625   0.43828557  0.44574062  0.45698258  0.88258299
  -0.73719218 -0.97848728  0.23933112  0.83141532  0.75877898  0.8713943 ]
 [ 0.71427848 -0.91186742  0.46275944 -0.52660464  0.48798309  0.49487662
  -0.01654737 -0.37429902 -0.48576334 -0.154111   -0.49793426 -0.68128415]]

[[ 0.32357124  0.08146352 -0.28259834 -0.28885055  0.36066259 -0.10987029
   0.19252292 -0.18069884 -0.79491419  0.8998486  -0.76232841 -0.48320337]
 [ 0.18574398  0.00128411 -0.57453068 -0.33012165  0.23223566 -0.38487878
   0.11562736 -0.43441614  0.50814289 -0.45086616  0.24091012 -0.18425106]
 [ 0.24405607  0.03082624 -0.38683976 -0.35713491 -0.36358153  0.6798258
   0.11242576  0.63201621  0.91281708 -0.85010253 -0.73890382  0.53775292]
 [-0.01458768 -0.05182147 -0.44736014 -0.18449219 -0.20460936 -0.09470011
  -0.02616668 -0.10654844 -0.67174813  0.99823515 -0.71617694  0.56851888]
 [ 0.502385    0.51067046  0.8479458   0.35592985  0.33057504  0.08985131
  -0.02794728  0.17273118  0.41438246  0.2716655   0.98919924  0.11234518]
 [ 0.0091947  -0.14674552 -0.21202437 -0.27309136 -0.07124132  0.67633101
   0.20510232  0.75842935 -0.8497611  -0.44937505 -0.07092609 -0.05972628]
 [ 0.16743108  0.17014893  0.45758865  0.16478848  0.14919766  0.22395215
   0.0265049   0.27783326 -0.47335722 -0.69155479 -0.84214471 -0.74089398]
 [ 0.06602659 -0.00546713 -0.4938228  -0.20489067  0.37971207 -0.4411287
   0.11823283 -0.15417154  0.39692026  0.19641762 -0.39534419  0.02919436]
 [-0.79491419  0.50814289  0.91281708 -0.67174813  0.41438246 -0.8497611
  -0.47335722  0.39692026  0.35958399  0.32739145 -0.77199576 -0.5244815 ]
 [ 0.8998486  -0.45086616 -0.85010253  0.99823515  0.2716655  -0.44937505
  -0.69155479  0.19641762 -0.96502931  0.35987353 -0.27782048  0.55681666]
 [-0.76232841  0.24091012 -0.73890382 -0.71617694  0.98919924 -0.07092609
  -0.84214471 -0.39534419 -0.5220504  -0.41854979 -0.78975139  0.2900087 ]
 [-0.48320337 -0.18425106  0.53775292  0.56851888  0.11234518 -0.05972628
  -0.74089398  0.02919436 -0.86229979  0.99660701  0.84505562 -0.44654606]]

[[-0.03014938  0.00895615  0.29446289  0.11825422  0.07493768  0.23928618
   0.03321782  0.34256657  0.85392834  0.6535723   0.87256427  0.94722747]
 [-0.03151765 -0.08728655  0.03221776 -0.07157146 -0.149085    0.35825138
   0.04604375  0.22522391  0.39631077  0.63719539  0.04850691  0.85928226]
 [-0.1991546  -0.41067668 -0.31929523 -0.36558415 -0.99845473  0.48087372
  -0.10950917 -0.78781536 -0.64039445  0.5957064   0.18706575 -0.79864487]
 [-0.11401434 -0.23704291 -0.31014231 -0.25633386 -0.55427889  0.28354363
  -0.03930438 -0.3092854  -0.35800696 -0.19365196 -0.22578782 -0.71759206]
 [-0.36037687  0.0588372   0.18013524  0.46350849 -0.17882179 -0.50242636
  -0.31270409 -0.01292989 -0.84132653  0.35013165  0.37753461  0.29621525]
 [ 0.59149303  0.01429646 -0.28124114 -0.61914504  0.00672779  0.47511544
   0.28883002 -0.4879431  -0.5213867  -0.71696516 -0.04197091  0.65099284]
 [ 0.0248135   0.10845766  0.10656436  0.13559728  0.13066122 -0.21265602
  -0.04743609 -0.01780652  0.96134489 -0.9175584  -0.43519105 -0.57697804]
 [ 0.84143821  0.11739254 -0.7268392  -0.89059249  0.00082554  0.54404967
   0.3781853  -0.28084598 -0.77609044  0.24532326  0.17199403  0.66960249]
 [ 0.85392834  0.39631077 -0.64039445 -0.35800696 -0.84132653 -0.5213867
   0.96134489 -0.77609044  0.21146978  0.31000159 -0.9717852   0.92724107]
 [ 0.6535723   0.63719539  0.5957064  -0.19365196  0.35013165 -0.71696516
  -0.9175584   0.24532326 -0.20104657 -0.02063473 -0.62352027 -0.88069167]
 [ 0.87256427  0.04850691  0.18706575 -0.22578782  0.37753461 -0.04197091
  -0.43519105  0.17199403 -0.72949456 -0.68440567  0.56055317 -0.89254593]
 [ 0.94722747  0.85928226 -0.79864487 -0.71759206  0.29621525  0.65099284
  -0.57697804  0.66960249 -0.94519616 -0.33304239 -0.70353701 -0.85665318]]

[[ 0.4694118   0.29490367 -0.23840088 -0.18294765  0.06707181 -0.15512006
   0.02582345 -0.21735114  0.26179987  0.15673252 -0.02445997  0.93535829]
 [ 0.48056851  0.18898502 -0.23011436 -0.30948826  0.06672023  0.07839292
   0.12013709 -0.23045122  0.12514874  0.33035364 -0.29607602 -0.16837514]
 [-0.04900083 -0.03039202 -0.68528066 -0.21325537  0.01385364 -0.18554534
   0.04260886  0.34131363  0.34939811  0.91098853 -0.11310783  0.89179424]
 [ 0.07220829 -0.08461694 -0.27107829 -0.25072956 -0.00035112  0.17853677
   0.12227857  0.0546564   0.78740995 -0.87092435  0.16057011  0.47660028]
 [ 0.4909243   0.11099936 -0.04357837 -0.39518149 -0.0826694   0.99964133
   0.27710416  0.76494358 -0.12952282 -0.01909835  0.64512242 -0.82775554]
 [-0.34231543  0.09367042  0.15008704  0.47762016  0.19211265 -0.64121835
  -0.21446842  0.21254042 -0.66023621  0.45831435  0.61445548 -0.57838284]
 [ 0.04276764  0.06705695  0.12318399  0.05920476  0.00131728  0.17105708
   0.00792383  0.31620184  0.10170651 -0.1681761   0.60362811 -0.63493888]
 [ 0.37397943  0.1729356   0.67520827  0.02879679  0.30223121  0.74189807
   0.22219476  0.57976786 -0.67682921  0.79356602 -0.23616304  0.10592627]
 [ 0.26179987  0.12514874  0.34939811  0.78740995 -0.12952282 -0.66023621
   0.10170651 -0.67682921 -0.56954525 -0.43378364 -0.27376684  0.60998675]
 [ 0.15673252  0.33035364  0.91098853 -0.87092435 -0.01909835  0.45831435
  -0.1681761   0.79356602  0.41944329 -0.03472081 -0.89287639  0.77289276]
 [-0.02445997 -0.29607602 -0.11310783  0.16057011  0.64512242  0.61445548
   0.60362811 -0.23616304 -0.60873502  0.38851503  0.49838976  0.22745424]
 [ 0.93535829 -0.16837514  0.89179424  0.47660028 -0.82775554 -0.57838284
  -0.63493888  0.10592627  0.98099931  0.15484749 -0.56979182  0.07487043]]
