A: 
[[-0.41562586  0.08973168  0.08636954  0.50199746 -0.03304426  0.4446587
  -0.09127188  0.25783003  0.04276628 -0.73217334 -0.04964816  0.9915321 ]
 [ 1.41593426 -0.51783731 -0.21576239 -0.56110942 -0.69991802  0.01695304
  -0.31990309  0.36957666  0.76802131  0.86959391 -0.10898745 -0.28562991]
 [-0.02917612 -0.1251927  -0.36933626  0.62435329  0.49158752  0.58156731
  -0.40408631  0.01592936 -0.63319784  0.51654366 -0.01445187 -0.34578992]
 [-0.07499961  0.71344214  1.05791568 -0.54408266 -0.01135027  0.33845531
   0.29498705 -0.02341629  0.67812915 -0.34642603 -0.90584281  0.31103803]
 [ 1.03785571  0.34972622  0.51647505 -0.90472494  0.12527563  0.3985613
  -0.07264494 -0.22957805  0.93086765  0.37349921 -0.05039839 -0.69946273]
 [-0.72573964 -0.09522678  0.59974446 -0.11443575  0.13909254 -1.18161612
   0.49317223  0.11897738 -0.97125248  0.00745511 -0.37656789 -0.778184  ]
 [-0.05001079 -0.50456669 -0.50073606  0.45056627  1.0739613  -0.47960481
  -0.2756208  -0.25952183 -0.0198311  -0.53430013 -0.91433941 -0.0351772 ]
 [-1.13862871  0.06588213  0.22059113  0.28270379  0.23952252 -0.80110495
   0.4412966  -0.07867701  0.52864813 -0.134219   -0.97087585  0.63974421]
 [-0.1005639   0.09438915 -1.27166813 -0.10724666 -0.5847141  -0.00175126
   0.14684375 -0.70281867 -0.86207629 -0.10648886  0.48723781 -0.46272993]
 [-0.33603975  0.39672791  0.79296539 -0.07242338 -0.5083345   0.30781875
   0.22807631  0.41160079 -0.80744512 -0.5353265  -0.79696659 -0.16372342]] 
x segnato:[[-0.79180057]
 [ 0.62252932]
 [-0.56317995]
 [-0.66931971]
 [-0.18864179]
 [ 0.46593745]
 [-0.23524723]
 [-0.09315917]
 [ 0.        ]
 [ 0.        ]
 [ 0.        ]
 [ 0.        ]]
Matrici Hi 

[[-0.47705104  0.2125184   0.13356154  0.26137338  0.03306558  0.21163168
   0.07342691  0.03046506  0.14605032  0.99401127  0.54834252 -0.80552145]
 [ 0.01558633  0.31710859 -0.09794205 -0.21633705  0.08135851  0.22041637
   0.07484236 -0.38187641 -0.92546851 -0.36489412  0.72028966  0.42957166]
 [-0.03031408  0.18717475  0.05832053 -0.32390001 -0.87660217 -0.01325907
   0.2668214   0.1032275  -0.20685491 -0.77602055  0.54031192 -0.80611404]
 [ 0.5771232  -0.57989998  0.304913   -0.15542652  0.53097755 -0.68582742
  -0.18582365  0.27344121 -0.99907144 -0.03574071  0.82560618 -0.32822873]
 [ 0.21571035  0.04658499  0.06501769  0.0551539   0.88437115  0.22172232
  -0.23522321 -0.26757722 -0.86008644 -0.34005954 -0.27375548  0.22961507]
 [ 0.30669635 -0.09201646  0.42743157 -0.32405232  0.77962173 -0.45723598
  -0.01479049 -0.1546517  -0.13104335 -0.89780876  0.23694553 -0.11818795]
 [-0.1144433   0.19871366 -0.25964416 -0.02631648 -0.44670293  0.26426476
   0.08669154 -0.11271843 -0.81886978  0.23141818 -0.59548669 -0.03579446]
 [ 0.14638886 -0.37635563  0.2872009  -0.17003867 -0.61694591 -0.60406158
   0.13153273  0.542803   -0.74437398 -0.67500727 -0.57970479  0.78445702]
 [ 0.14605032 -0.92546851 -0.20685491 -0.99907144 -0.86008644 -0.13104335
  -0.81886978 -0.74437398 -0.46639105 -0.73305406  0.70539294 -0.11932529]
 [ 0.99401127 -0.36489412 -0.77602055 -0.03574071 -0.34005954 -0.89780876
   0.23141818 -0.67500727 -0.30945908  0.23103531  0.62865735  0.55483738]
 [ 0.54834252  0.72028966  0.54031192  0.82560618 -0.27375548  0.23694553
  -0.59548669 -0.57970479 -0.66924762 -0.14901186 -0.558943   -0.13522933]
 [-0.80552145  0.42957166 -0.80611404 -0.32822873  0.22961507 -0.11818795
  -0.03579446  0.78445702 -0.29572478  0.961245   -0.87250799  0.73773441]]

[[ 0.3188387  -0.23014833  0.01724894  0.25307751 -0.17268192  0.38183328
  -0.29416143  0.43333535 -0.8500732  -0.87864195 -0.99550253  0.55070374]
 [ 0.53924411 -0.18985936  0.60819649 -0.52368771 -0.06225074 -0.48254012
   0.06343892  0.28834716  0.70502146 -0.781359    0.87080104  0.51541979]
 [ 0.10199333 -0.02854515  0.34564529 -0.50151163 -1.11286426 -0.44848114
   0.35713464  0.40192622  0.10667305  0.99010213 -0.08030724  0.84440311]
 [-0.55278798  0.05668963 -0.45460184  0.31028721  0.45737352 -0.16401121
   0.06819195 -0.4399407  -0.66784927  0.66264409  0.05780388 -0.30472351]
 [-0.03224742  0.03935968  0.29191138 -0.16966711  0.26809008 -0.27715524
   0.10117797 -0.0645858  -0.07739162  0.67735901  0.77097595  0.5655179 ]
 [ 0.46714445 -0.51097222  0.32542036 -0.11754177  0.31641453 -0.58961068
  -0.13972887  0.34437077 -0.04748688 -0.40951851  0.4382546   0.24069712]
 [ 0.09455711  0.11891337  0.16987674 -0.25568006 -0.21471345 -0.0251426
   0.10999677 -0.00031209 -0.96856502  0.88652566  0.00062525  0.24224069]
 [-0.45652092  0.03465172 -0.47813761  0.25764481 -0.53767949  0.03758111
   0.13027731 -0.03363611  0.53878119  0.82182049 -0.23847243 -0.95436311]
 [-0.8500732   0.70502146  0.10667305 -0.66784927 -0.07739162 -0.04748688
  -0.96856502  0.53878119 -0.85230358 -0.83484429  0.98714687 -0.9074777 ]
 [-0.87864195 -0.781359    0.99010213  0.66264409  0.67735901 -0.40951851
   0.88652566  0.82182049 -0.43649551  0.33952941 -0.45337539  0.68469987]
 [-0.99550253  0.87080104 -0.08030724  0.05780388  0.77097595  0.4382546
   0.00062525 -0.23847243  0.85131457 -0.78325578  0.3090457  -0.43246573]
 [ 0.55070374  0.51541979  0.84440311 -0.30472351  0.5655179   0.24069712
   0.24224069 -0.95436311  0.24388302  0.59264293 -0.71233924 -0.77321391]]

[[-0.1351195  -0.08928053 -0.03518506  0.46907464  0.72639967  0.24397613
  -0.26654658 -0.01415972 -0.83951103 -0.99734993 -0.8729683  -0.15948221]
 [ 0.04732073 -0.33572667  0.04040592  0.2975417  -0.20855153 -0.03301893
  -0.14960505  0.47614399 -0.4561003   0.39562288  0.08249554 -0.33157565]
 [-1.07730184  0.2366411   0.31547639  0.31473661 -0.27244232 -0.28093402
   0.40375062  0.15640377  0.67136399 -0.06498841  0.85093483 -0.90871723]
 [ 0.44471893 -0.05982377 -0.15680229 -0.4937314   0.00458718 -0.34251101
   0.06681466 -0.29216463  0.21361636  0.01446622 -0.82661646  0.33450733]
 [ 0.66211596  0.54000764  0.96243437 -0.62951084  0.48234142  0.64231102
  -0.08564156 -0.09333562  0.101248   -0.13097902 -0.04870505 -0.42565031]
 [ 0.44583629 -0.88007579 -0.40543769  0.43812926  0.36707979 -0.43249068
  -0.43722376  0.38578299 -0.98651486  0.3416346  -0.13328456  0.73125645]
 [-0.27543257  0.09573549  0.03860164  0.05700109 -0.42722675  0.02849569
   0.14152865  0.13330627 -0.28747398 -0.39324237  0.22395522 -0.16862211]
 [-0.73217142  0.01613778 -0.33718519  0.11957748 -0.10547881 -0.60362588
   0.34347431 -0.27539539 -0.79639212 -0.52265449 -0.3884811   0.7160263 ]
 [-0.83951103 -0.4561003   0.67136399  0.21361636  0.101248   -0.98651486
  -0.28747398 -0.79639212 -0.72456945  0.34670362 -0.4049736  -0.94642986]
 [-0.99734993  0.39562288 -0.06498841  0.01446622 -0.13097902  0.3416346
  -0.39324237 -0.52265449 -0.35515837  0.02106459 -0.48440103 -0.66859155]
 [-0.8729683   0.08249554  0.85093483 -0.82661646 -0.04870505 -0.13328456
   0.22395522 -0.3884811  -0.31773627 -0.36399511  0.61770325  0.0547405 ]
 [-0.15948221 -0.33157565 -0.90871723  0.33450733 -0.42565031  0.73125645
  -0.16862211  0.7160263  -0.67468133 -0.91754753  0.61074448  0.21632816]]

[[ 0.55975562  0.07692018 -0.52203829 -0.14375649  0.08400344  0.5281845
  -0.2499179  -0.36503362 -0.93938149  0.52862622  0.70240271 -0.13283478]
 [-0.33287556  0.00416393  0.14651693  0.11753823  0.22345421 -0.23932991
   0.0974483  -0.00584309 -0.12683807 -0.05035774 -0.96815618  0.60074868]
 [ 0.60973763 -0.48121834  0.82402492 -0.0794783   0.90688878 -0.43922601
  -0.29229345  0.45783732 -0.55887661  0.50413152  0.11844809 -0.47788563]
 [-0.30336259  0.17215186 -0.12856429 -0.26433823 -0.46275507 -0.34818037
   0.35124269 -0.21151598  0.6367297  -0.94594026 -0.1855038   0.93497353]
 [ 0.53820621  0.16338523  0.32526872 -0.80760059 -0.07635979 -0.30191622
   0.19130668 -0.23630183 -0.42076748 -0.82338804  0.09026477 -0.19038741]
 [-0.50112501  0.3136463  -0.59307752 -0.18811459 -0.19005067 -0.27644164
   0.36849532 -0.68702918 -0.63785755  0.94052074 -0.28391605  0.875712  ]
 [-0.11567951 -0.17111488  0.33841535  0.29676904  0.22778072 -0.02473647
  -0.11276807  0.365749    0.13096399  0.8228011   0.41407841 -0.03624346]
 [ 0.2499242  -0.24745288  0.11133589  0.02985038  0.22533954 -0.14406902
  -0.14237754  0.16925089  0.16497594  0.88898472  0.87865351  0.58444337]
 [-0.93938149 -0.12683807 -0.55887661  0.6367297  -0.42076748 -0.63785755
   0.13096399  0.16497594 -0.44161831 -0.43028788  0.55054432 -0.33834005]
 [ 0.52862622 -0.05035774  0.50413152 -0.94594026 -0.82338804  0.94052074
   0.8228011   0.88898472 -0.31790299 -0.03387289  0.03446494  0.07432955]
 [ 0.70240271 -0.96815618  0.11844809 -0.1855038   0.09026477 -0.28391605
   0.41407841  0.87865351 -0.77857077  0.32452805  0.54339896  0.38579765]
 [-0.13283478  0.60074868 -0.47788563  0.93497353 -0.19038741  0.875712
  -0.03624346  0.58444337  0.96595983 -0.55575218  0.44323057 -0.67882127]]

[[ 0.38791645 -0.44472279  0.81895036  0.06040667  0.48044401 -0.32806588
  -0.22565511  0.65753284 -0.55395746  0.96934603  0.47586392 -0.85800173]
 [ 0.23318954 -0.07014995  0.0903477  -0.06193803  0.08157718  0.03431752
  -0.08892096  0.07076686 -0.03433001  0.62396953 -0.89635499 -0.66128345]
 [ 0.01806272  0.30213725 -0.14671484  0.31288246 -0.14237044  1.03852376
  -0.24203985  0.0370849  -0.05120255 -0.17633462  0.26032964  0.37524686]
 [ 0.05709524  0.22302303 -0.61852678 -0.22472962  0.0446236   0.09566149
   0.06826463 -0.65124108  0.40046354 -0.66880284  0.13738536 -0.07154298]
 [ 0.46482484  0.08044047 -0.41539955 -0.10666141 -0.29323744  0.56285138
  -0.1884523  -0.13665968 -0.06680327  0.06970092 -0.26398336  0.46929036]
 [ 0.82880108 -0.30396435  0.24126306 -0.34991641  0.81225707 -0.27766226
  -0.2689211  -0.08141799 -0.08993036  0.47620341 -0.792504   -0.50073744]
 [-0.32782852  0.1179702  -0.05449784  0.12855289 -0.29078207  0.08511597
   0.11085715  0.03998928 -0.29977464 -0.67154347 -0.77132957 -0.51396463]
 [-0.16290551  0.23113817 -0.16878339  0.14081738  0.1404952   0.39317074
  -0.04298233 -0.22085775 -0.46760135 -0.52977865  0.26217984  0.47065982]
 [-0.55395746 -0.03433001 -0.05120255  0.40046354 -0.06680327 -0.08993036
  -0.29977464 -0.46760135 -0.74441356  0.98798474 -0.65440699  0.28825816]
 [ 0.96934603  0.62396953 -0.17633462 -0.66880284  0.06970092  0.47620341
  -0.67154347 -0.52977865  0.07581041 -0.65181969 -0.01082428 -0.96227451]
 [ 0.47586392 -0.89635499  0.26032964  0.13738536 -0.26398336 -0.792504
  -0.77132957  0.26217984 -0.03774374 -0.67818838 -0.36102876  0.34788538]
 [-0.85800173 -0.66128345  0.37524686 -0.07154298  0.46929036 -0.50073744
  -0.51396463  0.47065982 -0.40590488  0.72786053 -0.77807123 -0.56302896]]

[[ 0.09950306 -0.17051646  0.62234088  0.16248852  0.14240673  0.03936348
  -0.14053444  0.54670574  0.11897238 -0.81037922  0.31618574  0.34128962]
 [-0.22513648  0.20161783 -0.5005611  -0.1167757  -0.27544167 -0.03041039
   0.19039245 -0.42681591 -0.81936684  0.6740396  -0.9258665  -0.79127295]
 [-1.12978932  0.16140078  0.09751107  0.43146975  0.4601979  -0.45113226
   0.30920708 -0.19534658 -0.52748511 -0.8000246   0.88132524  0.73801249]
 [-0.20035811 -0.19626636 -0.24144787  0.09770722  0.10059767 -0.44163684
   0.06997199 -0.09043135  0.65995681 -0.03004    -0.2604881  -0.032093  ]
 [-0.11462389 -0.34016761 -0.09692071  0.57869534  0.46432276  0.05472066
  -0.29074422  0.2503917   0.212124    0.29575547 -0.89855237  0.25536889]
 [-0.56217225 -0.06774426 -0.49692627  0.01218784 -0.2548403  -0.68655655
   0.33759173 -0.30511235  0.68342312  0.52636095  0.28280881  0.02143988]
 [ 0.10161828  0.22114162 -0.11965474 -0.18014689 -0.13809772  0.25316278
   0.0344371  -0.2138373  -0.14572207 -0.17747309 -0.60916913  0.1830593 ]
 [-0.67747001 -0.01520072  0.32527885  0.18711955  0.32436921 -0.57827715
   0.24555716  0.03752509  0.01105679  0.51820795 -0.3560113   0.34073758]
 [ 0.11897238 -0.81936684 -0.52748511  0.65995681  0.212124    0.68342312
  -0.14572207  0.01105679 -0.89803451 -0.96236741  0.86431657  0.10077876]
 [-0.81037922  0.6740396  -0.8000246  -0.03004     0.29575547  0.52636095
  -0.17747309  0.51820795  0.01134906  0.92650989  0.80728541 -0.74967807]
 [ 0.31618574 -0.9258665   0.88132524 -0.2604881  -0.89855237  0.28280881
  -0.60916913 -0.3560113  -0.18914183 -0.44671247 -0.55445022  0.38707189]
 [ 0.34128962 -0.79127295  0.73801249 -0.032093    0.25536889  0.02143988
   0.1830593   0.34073758 -0.97864246  0.42287266  0.375973    0.039965  ]]

[[ 0.07745639  0.16248004 -0.01925214  0.08927847  0.69278588  0.35519388
  -0.18030571 -0.30432755  0.26282703  0.82702424 -0.00340027  0.29380876]
 [ 0.00395415 -0.15954025 -0.44519469  0.20726151 -0.2806757   0.09590951
  -0.09195123  0.0452949   0.70166932 -0.55977544  0.02163172  0.15765383]
 [ 0.89960103 -0.6863446   0.1872033   0.47470431  0.62484707  0.42147083
  -0.76164501  0.69871842 -0.49285266 -0.61899755  0.65889389  0.90097387]
 [-0.03630317  0.13523351  0.29035727 -0.46386782 -0.57042614 -0.38176308
   0.34381891  0.05212709  0.42663594  0.45323394  0.64184531  0.58626768]
 [ 0.37463904 -0.37156087 -0.63816962 -0.01116518 -0.59125831 -0.11306018
  -0.11030459  0.09717365 -0.72044296 -0.15987049  0.01898166 -0.25033196]
 [-0.03007861  0.18426099 -0.21564774 -0.23154562 -0.42330585  0.02245141
   0.16936552 -0.20241275  0.22272598 -0.75190115  0.7121006  -0.66984589]
 [-0.04347842 -0.13133775 -0.05525425  0.21850659  0.06185115  0.0391809
  -0.10024546  0.1321008  -0.13186741  0.94845509  0.49454432 -0.6398857 ]
 [ 0.40894937 -0.07954648  0.7823051  -0.0706624   0.57175239  0.10771739
  -0.21511083  0.34575184  0.02533286  0.62381435  0.76118928 -0.89714193]
 [ 0.26282703  0.70166932 -0.49285266  0.42663594 -0.72044296  0.22272598
  -0.13186741  0.02533286  0.15803661 -0.20366782 -0.19664051  0.71573493]
 [ 0.82702424 -0.55977544 -0.61899755  0.45323394 -0.15987049 -0.75190115
   0.94845509  0.62381435 -0.0093027   0.60829812  0.83302508  0.55878906]
 [-0.00340027  0.02163172  0.65889389  0.64184531  0.01898166  0.7121006
   0.49454432  0.76118928  0.06525622  0.9082647   0.64308344 -0.09511525]
 [ 0.29380876  0.15765383  0.90097387  0.58626768 -0.25033196 -0.66984589
  -0.6398857  -0.89714193  0.47013378 -0.8794041   0.25205045 -0.88580248]]

[[ 0.06315128 -0.49349563 -0.30508484  0.02216693  0.46061041 -0.84422573
  -0.01869364 -0.13324591  0.77403532  0.92314478  0.72735177 -0.47998697]
 [ 0.36633064 -0.13093752  0.27307755 -0.00104718  0.53193613  0.07892485
  -0.2291067   0.09630271  0.2050161   0.52252971 -0.47688161 -0.96997747]
 [-0.11200791  0.09515849  0.02154047 -0.36583288 -0.717277   -0.36103332
   0.33989904  0.00735329 -0.1796665   0.60611739 -0.14268025 -0.59827132]
 [-0.23778258  0.56240916  0.43135659 -0.09132288 -0.7679828   0.72705071
   0.17785351  0.22540004  0.06318205 -0.05339873 -0.89189691  0.88260968]
 [ 0.20028007  0.22888918  0.08045975 -0.42948985  0.27656776 -0.08138666
   0.1035344  -0.40570101 -0.90219146  0.37669077 -0.68578951 -0.92671855]
 [ 0.30162749  0.0123231   0.75480623 -0.02683146  0.21918777  0.28395084
  -0.16689783  0.43856167  0.16963192 -0.25365178  0.90365057 -0.20502477]
 [ 0.0445221  -0.07447572 -0.14565565  0.07672165  0.11870511  0.0110614
  -0.07411051 -0.04809799  0.60723394 -0.50283887 -0.92241038  0.79914868]
 [-0.46676876  0.27501998  0.06368702 -0.10564784 -1.21544565  0.04226667
   0.39140239  0.24865642 -0.71303365 -0.64853102 -0.70273535 -0.23182212]
 [ 0.77403532  0.2050161  -0.1796665   0.06318205 -0.90219146  0.16963192
   0.60723394 -0.71303365 -0.98399923 -0.26128951  0.88369154 -0.26278723]
 [ 0.92314478  0.52252971  0.60611739 -0.05339873  0.37669077 -0.25365178
  -0.50283887 -0.64853102 -0.40345797 -0.32236727 -0.49570355  0.48757877]
 [ 0.72735177 -0.47688161 -0.14268025 -0.89189691 -0.68578951  0.90365057
  -0.92241038 -0.70273535 -0.72057747  0.9075959   0.0950777   0.40276447]
 [-0.47998697 -0.96997747 -0.59827132  0.88260968 -0.92671855 -0.20502477
   0.79914868 -0.23182212  0.56689836  0.48196745  0.46085865  0.52245392]]

[[-0.61483275 -0.20894615 -0.24340175  0.70477758 -0.07669569  0.01538243
  -0.06287134  0.28875349 -0.89020978  0.32265241 -0.44474618  0.4342196 ]
 [ 0.47221933 -0.03923686  0.10061007 -0.31024638 -0.15760282  0.03617926
  -0.05250817  0.05892253 -0.69977267  0.17065271 -0.94570051  0.01286463]
 [-0.3793004   0.86937417  0.33903755 -0.24077602  0.45122684  0.61267192
   0.2091049  -0.62528264  0.09395804 -0.94075102  0.79208991  0.03516069]
 [ 0.08592096  0.07912613  0.37698425 -0.17806169 -0.09733191 -0.00958878
   0.06393054  0.14951503  0.68951881 -0.21802232  0.7138276   0.0810472 ]
 [-0.11085663  0.06320228 -0.47496132 -0.46649255 -0.92386432 -0.5271136
   0.41969702 -0.27342957  0.77508348 -0.71997733 -0.10826992  0.53424515]
 [ 0.26425091 -0.19039966  0.56648487  0.09366066 -0.30513697  0.18231094
  -0.15202405  0.70459676  0.45162914 -0.74192718  0.04277154  0.07631187]
 [ 0.23218465  0.07734854 -0.07342911 -0.20746772  0.20700869  0.04047656
  -0.02916129 -0.25112123  0.35907175 -0.41056486  0.62252979 -0.19046001]
 [-0.50446069  0.54892542  0.56127998  0.23956309  0.67130558  0.59630533
   0.00655739 -0.14332154 -0.45785121  0.95455152 -0.85316912  0.46927043]
 [-0.89020978 -0.69977267  0.09395804  0.68951881  0.77508348  0.45162914
   0.35907175 -0.45785121 -0.02679893 -0.40865283  0.75653466 -0.91341315]
 [ 0.32265241  0.17065271 -0.94075102 -0.21802232 -0.71997733 -0.74192718
  -0.41056486  0.95455152 -0.47301749  0.02966529  0.07700488  0.81603929]
 [-0.44474618 -0.94570051  0.79208991  0.7138276  -0.10826992  0.04277154
   0.62252979 -0.85316912  0.36617939  0.62945835 -0.7556556  -0.63723858]
 [ 0.4342196   0.01286463  0.03516069  0.0810472   0.53424515  0.07631187
  -0.19046001  0.46927043  0.7974665  -0.12050546 -0.14301684  0.30562003]]

[[-0.36491093 -0.27211184  0.72982222  0.31204069  0.21944404 -0.45248315
   0.03817447  0.61636358  0.6240995  -0.60356548  0.62620788 -0.63547054]
 [-0.3464949   0.10402916  0.56986455  0.26197215 -0.00199993  0.18548052
   0.02144715  0.40610244  0.72969108 -0.64621468 -0.95974822 -0.95200362]
 [ 0.41954067  0.27686079  0.50444801 -0.09566928 -0.02699327  0.81882715
  -0.21099873  0.24406368  0.37224281  0.1048462   0.53065583 -0.69684697]
 [ 0.51558315 -0.35186383 -0.62144167 -0.40276868  0.3090507  -0.69677903
  -0.01784421 -0.50702833 -0.05481411 -0.67682563  0.81580684  0.29400283]
 [-0.92125768 -0.07878135  0.45890884  0.38350195  0.42041502 -0.68812185
   0.26239595  0.1819916  -0.01084216 -0.72084514 -0.38333376 -0.67876844]
 [-0.03761033 -0.63830164  0.78300686  0.11806452  0.62033728 -1.08667518
  -0.00395892  0.60021562  0.47057203 -0.68092154  0.78366268  0.23934205]
 [ 0.00934367  0.37151896 -0.13595268  0.00799309 -0.35450537  0.73515244
  -0.03669789 -0.10030198 -0.08233478 -0.85342043  0.73511725 -0.75860719]
 [ 1.07052711 -0.13395476 -0.36842647 -0.53462508  0.06075022  0.16394548
  -0.25881389 -0.29378473 -0.78809903 -0.6148803   0.90731723  0.67424845]
 [ 0.6240995   0.72969108  0.37224281 -0.05481411 -0.01084216  0.47057203
  -0.08233478 -0.78809903 -0.27488023  0.43072025  0.84924013  0.38509283]
 [-0.60356548 -0.64621468  0.1048462  -0.67682563 -0.72084514 -0.68092154
  -0.85342043 -0.6148803   0.70505482 -0.83618533  0.29181699  0.44463784]
 [ 0.62620788 -0.95974822  0.53065583  0.81580684 -0.38333376  0.78366268
   0.73511725  0.90731723  0.50844975  0.65840463 -0.05844978 -0.87525623]
 [-0.63547054 -0.95200362 -0.69684697  0.29400283 -0.67876844  0.23934205
  -0.75860719  0.67424845 -0.57157486  0.18745848 -0.14993415 -0.54416647]]
