A: 
[[-0.70461558  0.99288434 -0.43515703 -0.77184148 -0.57560847  0.7777348
   0.53849085 -0.63020209 -0.11566374 -0.54798863 -0.74374805 -0.52701868]
 [ 0.33574767 -0.1822827   0.53212919  0.35588318  0.34966456 -0.76764413
   0.22434884 -0.13491206  0.76340923  0.93149585  0.34479643  0.93201964]
 [ 0.51408163  0.90993649 -0.21122001  0.1996887  -0.10339802 -0.54289811
   0.55240767  0.31901702 -0.47692045  0.77050085  0.97396066 -0.17091845]
 [ 1.00251944  0.15555447  0.49971873  0.49207802 -0.00500797 -0.35521361
   0.63626644  0.03753693 -0.55145372  0.38397007  0.21907227  0.63436836]
 [ 0.26688554 -0.19914919 -0.34053987  0.09996462 -0.8625773   1.08174801
  -0.07662997  0.07777352  0.73319111  0.36593605 -0.46443022 -0.69994088]
 [ 0.02640117  0.24734134  0.10023662 -0.02182089  0.67004959 -0.74849537
  -0.00854781  0.28564198  0.72288654 -0.45834858  0.34833708  0.32882762]
 [-0.85006096 -0.60916193  0.62073431 -0.45583048  0.29875138  0.20434692
  -0.05683589 -1.02433304  0.53201861  0.15901649  0.33100395  0.25555591]
 [-0.30479372  1.01797595 -0.57026596 -0.2076588  -0.39954334 -0.20165609
   0.37896588 -0.04195776  0.95691733  0.26199305  0.24447224 -0.34318999]
 [-0.71929788 -0.30191799  0.50244041 -0.3829567   0.51054    -0.23306252
  -0.02118135 -0.71693511 -0.31701352  0.63748252  0.09085287 -0.22605882]
 [-0.90049319 -0.17736001 -0.75726482  0.18969351 -0.9169368  -0.17087873
  -0.49602402 -0.23450671 -0.74927129  0.90392311 -0.20249732 -0.21085593]] 
x segnato:[[-0.68974607]
 [ 0.75988602]
 [-0.11252973]
 [ 0.13512208]
 [-0.49231685]
 [ 0.7354258 ]
 [ 0.23754049]
 [ 0.09566919]
 [ 0.        ]
 [ 0.        ]
 [ 0.        ]
 [ 0.        ]]
Matrici Hi 

[[ 0.17364939 -0.13058031 -0.07595725  0.49061258 -0.50481121 -0.34730925
   0.05564677 -0.07195502 -0.31739257  0.87374442  0.52151943 -0.4133965 ]
 [ 0.01127851 -0.39568271  0.27620627  0.05447838  0.26106235 -0.08347866
  -0.1488292  -0.05470827 -0.84686081 -0.32487444 -0.94000175  0.54852024]
 [ 0.39571362 -0.09879872  0.52611539 -0.04814359  0.0105893   0.42393416
   0.43181305 -0.36215703  0.50763127 -0.72102293 -0.81356782  0.70602129]
 [-0.32931161 -0.01180516 -0.341784    0.20203484 -0.40971107 -0.32089672
  -0.17131763 -0.06202608  0.79277463  0.65769568 -0.48898829 -0.57165924]
 [ 0.3160447   0.15508774  0.4810072  -0.46675972  0.82612758  0.37251142
   0.2291759   0.11175515  0.87565085  0.59890889 -0.56080552 -0.09944033]
 [ 0.50800295  0.13216182 -0.13869261  0.42848104 -0.54794553 -0.02941452
   0.23213189  0.1343761   0.25299483 -0.41411141  0.25550919 -0.39501216]
 [ 0.2513753  -0.45686033  0.48051022  0.22427064 -0.17804948  0.14987558
   0.19449997 -0.42471895 -0.97798093 -0.78024246  0.35047124  0.86395062]
 [-0.18353278  0.24514916 -0.47613008  0.07254457  0.11817082 -0.5119641
  -0.31927939  0.49568935 -0.13379659  0.11195108  0.15302396 -0.7102242 ]
 [-0.31739257 -0.84686081  0.50763127  0.79277463  0.87565085  0.25299483
  -0.97798093 -0.13379659 -0.15151017  0.8051571   0.35938393  0.67869375]
 [ 0.87374442 -0.32487444 -0.72102293  0.65769568  0.59890889 -0.41411141
  -0.78024246  0.11195108  0.85673599 -0.90997212 -0.19770192  0.37699688]
 [ 0.52151943 -0.94000175 -0.81356782 -0.48898829 -0.56080552  0.25550919
   0.35047124  0.15302396  0.02089829 -0.56134221 -0.85983157 -0.25593632]
 [-0.4133965   0.54852024  0.70602129 -0.57165924 -0.09944033 -0.39501216
   0.86395062 -0.7102242  -0.82854998  0.85296268 -0.07836523  0.05851008]]

[[ 0.42345852  0.19922801  0.36089552 -0.45728868  0.40779484  0.82502336
   0.33610146  0.0385068   0.71645014  0.52555998 -0.89007745  0.04622658]
 [ 0.68123257  0.66003733 -0.11882679  0.12819441 -0.66385846  0.46117795
   0.70265145 -0.00605651  0.10336413  0.2871909  -0.64516848 -0.91827545]
 [-0.02787425 -0.21884357  0.41028201 -0.09888499  0.11512616  0.14857933
   0.16561251 -0.40548097 -0.99070143  0.46746861 -0.06359864  0.75459785]
 [-0.3138314   0.42678299  0.09688734 -0.61299721  0.52098467  0.19853298
   0.16719455 -0.12365326 -0.194172   -0.28018415  0.86233891 -0.58431045]
 [-0.03100802 -0.34857544  0.03181034  0.28998089  0.2147895  -0.57692185
  -0.32362438  0.19289842 -0.56061878  0.37392632  0.89784027  0.36225502]
 [ 0.59124637 -0.95030667  0.09915355  0.57136312 -0.39260975  0.46256257
  -0.40965115  0.28992831  0.99127529 -0.17760585  0.43472711  0.63174638]
 [ 0.51984402  0.44324081  0.29814896 -0.14387937 -0.45336804  0.773337
   0.82823675 -0.45554036 -0.59215057 -0.94364651  0.27000609 -0.97707805]
 [ 0.10856682  0.02205314 -0.21240906 -0.05502932  0.48333464 -0.12937567
  -0.37700599  0.66578283  0.73389243 -0.76713669 -0.75486889  0.34792921]
 [ 0.71645014  0.10336413 -0.99070143 -0.194172   -0.56061878  0.99127529
  -0.59215057  0.73389243  0.92885674  0.41413362  0.18295779  0.32486095]
 [ 0.52555998  0.2871909   0.46746861 -0.28018415  0.37392632 -0.17760585
  -0.94364651 -0.76713669 -0.01334638  0.55466607 -0.01772533 -0.33803704]
 [-0.89007745 -0.64516848 -0.06359864  0.86233891  0.89784027  0.43472711
   0.27000609 -0.75486889 -0.39360455  0.24537904 -0.62468324  0.90306461]
 [ 0.04622658 -0.91827545  0.75459785 -0.58431045  0.36225502  0.63174638
  -0.97707805  0.34792921 -0.7489544  -0.97850923  0.49321627  0.37751012]]

[[ 0.18291895 -0.46072387 -0.28571758  0.26008441 -0.6004282   0.61743761
  -0.33740204  0.20822427 -0.83039893 -0.43242984 -0.24180453  0.73713974]
 [-0.12441524  0.46173074 -0.03864809 -0.27296178  0.61437765 -0.43389396
   0.03806065  0.24989484  0.35309399 -0.77187853  0.3352164   0.32188119]
 [-0.35964621 -0.66649629 -0.2394693   0.1118525  -0.43951206  0.409466
  -0.54872305 -0.06501358  0.04256228 -0.61058598  0.12021033 -0.98403621]
 [ 0.08939595  0.09354442 -0.28638876  0.26913261 -0.63077538  0.04571066
   0.07762163 -0.02108588 -0.09209384  0.25769447 -0.76246966 -0.33134696]
 [-0.12043144 -0.62109308  0.17563821 -0.03887981  0.20863992  0.26253253
  -0.39287177  0.00035509 -0.0093162  -0.65702728 -0.41315193 -0.45922616]
 [ 0.31966844 -0.33565841  0.30614113 -0.10000686  0.22286323  0.55571364
  -0.03971895  0.06873324  0.71229585 -0.76781924 -0.2376902  -0.16372964]
 [-0.3599785  -0.03802352 -0.3391782  -0.06756948 -0.07268982 -0.01620626
  -0.33131088  0.13798018  0.59590017 -0.02470711  0.74880081 -0.55425097]
 [ 0.53390153 -0.01757106  0.22232698  0.09612602  0.09220421  0.20302233
   0.1855786   0.15817595 -0.78788948 -0.98040122 -0.54086199 -0.89020103]
 [-0.83039893  0.35309399  0.04256228 -0.09209384 -0.0093162   0.71229585
   0.59590017 -0.78788948 -0.44537924 -0.06629257 -0.18072528  0.32646086]
 [-0.43242984 -0.77187853 -0.61058598  0.25769447 -0.65702728 -0.76781924
  -0.02470711 -0.98040122 -0.49777126 -0.12869632  0.56413032  0.21212504]
 [-0.24180453  0.3352164   0.12021033 -0.76246966 -0.41315193 -0.2376902
   0.74880081 -0.54086199 -0.28550622 -0.74666276  0.60778381  0.33937407]
 [ 0.73713974  0.32188119 -0.98403621 -0.33134696 -0.45922616 -0.16372964
  -0.55425097 -0.89020103 -0.64086724  0.39944754 -0.17510563  0.72008377]]

[[ 0.17178711 -0.58568478 -0.02326456  0.40134178  0.21849095 -0.39529943
  -0.53859057  0.47204385  0.49668562 -0.43005848  0.08756913 -0.44181947]
 [ 0.11228038 -0.91326213  0.53021091  0.02549228 -0.12615008  0.78576619
  -0.12581624 -0.43749763  0.67047175 -0.95152235 -0.57864499 -0.62111143]
 [-0.3509918  -0.05140792 -0.13327709  0.13818473  0.05730862 -0.63695738
  -0.20842887 -0.01219079  0.24520319 -0.97626357 -0.94307732 -0.58810493]
 [-0.15062567  0.19396533 -0.33742469  0.123754   -0.17380252 -0.34215427
  -0.10373954  0.15875866  0.99055224  0.90497425 -0.33244972 -0.92340048]
 [-0.22777015 -0.897437    0.63349063  0.04998147  0.50385967 -0.21427628
  -0.30921877 -0.37100293  0.7732648   0.281361    0.26475844  0.66061917]
 [ 0.73154756  0.53650613 -0.2285205   0.02962984  0.27393283  0.06947772
   0.11599214  0.83831726 -0.93473915  0.27689453 -0.84004743 -0.34276749]
 [-0.13051412 -0.37840472  0.00053224  0.14924785 -0.239191    0.06293917
  -0.18651658 -0.14712187  0.63106274  0.09420812  0.61364245  0.33428503]
 [ 0.36687891 -0.70261671  0.43039595  0.13466802  0.44754256  0.16147894
  -0.29068987  0.20728794  0.78269598  0.55944477 -0.93735635 -0.97374872]
 [ 0.49668562  0.67047175  0.24520319  0.99055224  0.7732648  -0.93473915
   0.63106274  0.78269598  0.54961746  0.57281921  0.01910873 -0.00448668]
 [-0.43005848 -0.95152235 -0.97626357  0.90497425  0.281361    0.27689453
   0.09420812  0.55944477 -0.59210939 -0.70711732 -0.16224076 -0.26183011]
 [ 0.08756913 -0.57864499 -0.94307732 -0.33244972  0.26475844 -0.84004743
   0.61364245 -0.93735635 -0.04585081 -0.29206953  0.64416857 -0.16191032]
 [-0.44181947 -0.62111143 -0.58810493 -0.92340048  0.66061917 -0.34276749
   0.33428503 -0.97374872  0.21600461 -0.14338247 -0.7305676  -0.68605119]]

[[-0.46001825  0.14551525 -0.1662247  -0.54718909  0.57081997  0.18575034
  -0.313129    0.21986624 -0.13075161 -0.14071836  0.17252473 -0.17860922]
 [ 0.4277     -0.29618654  0.13822787  0.20760527  0.5296281  -0.26593595
  -0.29096037  0.5710569  -0.12343098  0.28264907 -0.80703643 -0.41855215]
 [-0.88609046  0.2075612  -0.04266433 -0.3429133  -0.05876453 -0.26832467
   0.08483977 -0.66609648  0.48967339  0.13190878 -0.3291629  -0.4789118 ]
 [-0.01710967 -0.00283074 -0.05918447 -0.31785856  0.20091628  0.54453599
  -0.14036006  0.18513254 -0.23576952 -0.53797845 -0.35822381 -0.95464813]
 [-0.3004925   0.01743981  0.22986068  0.26501785 -0.23024738 -0.80020222
   0.30046549 -0.64490291 -0.02087549  0.6740006  -0.10859638  0.70439713]
 [-0.26123163  0.33139962 -0.34422955 -0.15206981 -0.09767666 -0.02058149
  -0.04580306  0.09332884 -0.17924393  0.48300664 -0.05387547 -0.88999929]
 [-0.40025432 -0.0258092  -0.04517896 -0.30712696  0.46955019 -0.09497987
  -0.28337564  0.09604734 -0.1952765   0.4080035   0.80729472  0.45382609]
 [ 0.48344375 -0.07257241  0.05840917  0.16874616  0.17838807  0.01463442
  -0.04608734  0.40793158  0.8838253  -0.25497782  0.75686582  0.4184784 ]
 [-0.13075161 -0.12343098  0.48967339 -0.23576952 -0.02087549 -0.17924393
  -0.1952765   0.8838253  -0.61147911 -0.92473923 -0.30754158 -0.67519379]
 [-0.14071836  0.28264907  0.13190878 -0.53797845  0.6740006   0.48300664
   0.4080035  -0.25497782 -0.19404865 -0.05918746 -0.39856558 -0.94408241]
 [ 0.17252473 -0.80703643 -0.3291629  -0.35822381 -0.10859638 -0.05387547
   0.80729472  0.75686582 -0.99307019  0.7308079  -0.47146001  0.95202362]
 [-0.17860922 -0.41855215 -0.4789118  -0.95464813  0.70439713 -0.88999929
   0.45382609  0.4184784  -0.48816045  0.39095932  0.10632937  0.6443959 ]]

[[-0.6393952   0.29315902 -0.38728846 -0.16222478  0.30000407 -0.68729277
  -0.3068904   0.17123688 -0.24628006  0.66269993 -0.86004626 -0.05367889]
 [-0.16614833  0.12030643  0.20165134 -0.32249707  0.05556299  0.33258255
   0.24239237 -0.37863976  0.11349074  0.85090431  0.04401963 -0.58590402]
 [-0.3753529  -0.18755799 -0.16945468  0.09414815 -0.3843989  -0.05275234
  -0.1554414  -0.25311512 -0.16037039  0.57191721  0.59040581  0.50703785]
 [ 0.14390213  0.33437826 -0.34329358  0.21024594  0.21411272 -0.68374695
  -0.15234217  0.60200909 -0.64819695  0.7944836   0.75611952  0.12801157]
 [-0.24924039 -0.57213152 -0.13387564  0.05151844 -0.56868352  0.65482903
  -0.31958117 -0.23931496 -0.07428183 -0.44467336  0.80424957  0.4197952 ]
 [-0.50694687  0.0052497   0.36368183 -0.43690539  0.40022974 -0.01623787
   0.13888894 -0.55563747  0.43878865 -0.61515828  0.17235333  0.10084568]
 [-0.40367085  0.1757648   0.02796654 -0.18544363 -0.05286432 -0.12008191
   0.1534388  -0.40407272 -0.07891951 -0.95546849  0.44735868  0.39930398]
 [-0.08435914  0.0304392  -0.21436235 -0.0988444   0.29667927 -0.07767237
  -0.3052602   0.4033656   0.89696102  0.58388539  0.79108231 -0.31511136]
 [-0.24628006  0.11349074 -0.16037039 -0.64819695 -0.07428183  0.43878865
  -0.07891951  0.89696102  0.19222509 -0.67608086  0.97056794 -0.27147905]
 [ 0.66269993  0.85090431  0.57191721  0.7944836  -0.44467336 -0.61515828
  -0.95546849  0.58388539 -0.25632526 -0.75514376  0.48717905  0.92767328]
 [-0.86004626  0.04401963  0.59040581  0.75611952  0.80424957  0.17235333
   0.44735868  0.79108231  0.96540549  0.1428749  -0.19348785  0.03777635]
 [-0.05367889 -0.58590402  0.50703785  0.12801157  0.4197952   0.10084568
   0.39930398 -0.31511136 -0.3647667   0.1021286   0.69628946 -0.39959072]]

[[-0.50461354  0.60337238 -0.11248877 -0.31277895 -0.08118899 -0.23935673
   0.3464108  -0.43447262  0.48845084 -0.5162523  -0.08180835  0.96240115]
 [ 0.14313899  0.16770707  0.12506085 -0.28757005  0.59862302  0.09223351
  -0.00439177  0.2923044   0.52238227 -0.19886901 -0.83841691  0.01883711]
 [ 0.01127789  0.1971197  -0.49381485  0.18024915 -0.64192734  0.15190965
  -0.03609306  0.14766152 -0.45517419  0.69085216 -0.60473247  0.23368981]
 [-0.56409164 -0.24824222  0.02922948 -0.09942857 -0.2445384   0.05199323
  -0.08764309 -0.53128263  0.98106877  0.42610974  0.41500335 -0.18386897]
 [ 0.55613447  0.49610864 -0.31212332  0.21231248 -0.19830372 -0.05379958
   0.19742724  0.51944271 -0.83326546  0.93910415  0.16356511 -0.98521477]
 [ 0.13363954  0.5480697   0.14016887 -0.09562847  0.32757198 -0.44955073
   0.40309722 -0.00941804 -0.37848294 -0.57363057 -0.95297533 -0.04342508]
 [-0.14827616  0.13463609 -0.23618792 -0.15604575 -0.06709443  0.21467467
  -0.09738561  0.1068841  -0.4200213   0.39166899  0.30876159  0.99914805]
 [-0.04506339  0.44833668  0.30044837 -0.22556918  0.44823202 -0.41421489
   0.41508914 -0.23184005 -0.1859794  -0.2135835  -0.50564944 -0.13028173]
 [ 0.48845084  0.52238227 -0.45517419  0.98106877 -0.83326546 -0.37848294
  -0.4200213  -0.1859794  -0.83446678  0.71505061 -0.36820583 -0.81797509]
 [-0.5162523  -0.19886901  0.69085216  0.42610974  0.93910415 -0.57363057
   0.39166899 -0.2135835   0.39170345 -0.40361604  0.92376749  0.91186868]
 [-0.08180835 -0.83841691 -0.60473247  0.41500335  0.16356511 -0.95297533
   0.30876159 -0.50564944  0.6729901   0.93638027  0.60149059  0.45358967]
 [ 0.96240115  0.01883711  0.23368981 -0.18386897 -0.98521477 -0.04342508
   0.99914805 -0.13028173 -0.02719917 -0.48698882 -0.84764832  0.6957663 ]]

[[ 0.34652882 -0.20827024 -0.09840015 -0.13687642  0.50254429  0.44787371
  -0.43434682  0.75440532  0.52347833 -0.61907242 -0.91919066 -0.21154063]
 [-0.02148344  0.2617455  -0.09445585 -0.10706877 -0.17744747  0.17519632
   0.18124982 -0.09177919  0.43331257  0.67157842  0.72296727 -0.54119632]
 [-0.49183015 -0.06485194 -0.25681388  0.03215068  0.32929096 -0.72784201
  -0.45567307  0.23204155  0.03525283 -0.49326488  0.34984415 -0.16312911]
 [ 0.09178323 -0.32384242  0.09822557 -0.1283373   0.09191748  0.55290733
  -0.18073971  0.0804831  -0.86810385 -0.58930582  0.31776874  0.59749417]
 [-0.32263716  0.02306797 -0.45613204  0.13684421 -0.0863449  -0.43901537
  -0.38720147  0.2964032  -0.43721206 -0.90944202  0.90909571 -0.15023816]
 [ 0.61330348  0.28473011  0.23646076  0.10981415  0.43715727 -0.30904315
   0.27982119  0.35291761 -0.94304069  0.17001588  0.29092144  0.9634068 ]
 [-0.30902597  0.11298621 -0.11877744 -0.11534914  0.23988523 -0.32863868
  -0.14669213  0.06722    -0.38568344  0.2479391  -0.1225905   0.29380861]
 [ 0.64701586 -0.13071146 -0.02662846 -0.01892109 -0.07913856  0.90675462
  -0.04551408  0.45594369 -0.91171882 -0.79216629  0.7848767  -0.22440892]
 [ 0.52347833  0.43331257  0.03525283 -0.86810385 -0.43721206 -0.94304069
  -0.38568344 -0.91171882  0.98451733  0.14712668  0.44231026 -0.28853666]
 [-0.61907242  0.67157842 -0.49326488 -0.58930582 -0.90944202  0.17001588
   0.2479391  -0.79216629  0.5092628   0.33676284  0.08605206 -0.81554546]
 [-0.91919066  0.72296727  0.34984415  0.31776874  0.90909571  0.29092144
  -0.1225905   0.7848767   0.07949773  0.90512783  0.40254518  0.84728825]
 [-0.21154063 -0.54119632 -0.16312911  0.59749417 -0.15023816  0.9634068
   0.29380861 -0.22440892  0.53440166  0.39938884  0.54115664  0.60650161]]

[[-0.01718013 -0.00256391  0.12312623  0.03079362  0.05468609 -0.17242187
   0.08661698 -0.12732989 -0.81317436  0.36031573 -0.70501846  0.31606198]
 [ 0.3860702  -0.34143018  0.34548473  0.10266328 -0.10950131  0.44846034
   0.13609249 -0.1516184  -0.0138296   0.35248146 -0.94564925  0.66534226]
 [-0.19111765 -0.13686364  0.09694237  0.13353331 -0.00248522 -0.41000517
  -0.02420789 -0.21206224  0.32839517  0.22254872  0.05740733 -0.54924875]
 [-0.27089802  0.45291093 -0.21993282 -0.23428022  0.07665262 -0.1425202
   0.08394716  0.01333327 -0.32577907 -0.84266959  0.98535809 -0.51023231]
 [-0.42271607 -0.30524816  0.47516596 -0.19819047  0.73248537 -0.51846331
  -0.12557668 -0.31634205 -0.61949308  0.29882107 -0.95065388 -0.44036695]
 [ 0.68299495 -0.41552572 -0.11887482  0.59611917 -0.650939    0.33343647
  -0.09998069  0.31124577  0.36335288 -0.77781859  0.84384416 -0.15905986]
 [ 0.29008532 -0.25169967  0.1515529   0.28662053 -0.39167968  0.16467725
   0.1364044  -0.18042229 -0.52008274 -0.17372344 -0.43609247 -0.30330609]
 [-0.17652532  0.07471058  0.18607989 -0.32277648  0.57649879 -0.08209598
  -0.027747    0.00367949 -0.18551266 -0.72903152  0.00498455 -0.22691721]
 [-0.81317436 -0.0138296   0.32839517 -0.32577907 -0.61949308  0.36335288
  -0.52008274 -0.18551266  0.42404655 -0.54792841 -0.28338512  0.2926872 ]
 [ 0.36031573  0.35248146  0.22254872 -0.84266959  0.29882107 -0.77781859
  -0.17372344 -0.72903152 -0.72245265  0.48226208  0.7897974   0.73702043]
 [-0.70501846 -0.94564925  0.05740733  0.98535809 -0.95065388  0.84384416
  -0.43609247  0.00498455  0.46124001 -0.10405974 -0.22923137 -0.08235278]
 [ 0.31606198  0.66534226 -0.54924875 -0.51023231 -0.44036695 -0.15905986
  -0.30330609 -0.22691721  0.85449175 -0.86791543 -0.12805393 -0.71403157]]

[[-0.37230211  0.75174413 -0.53822269 -0.2382312   0.18690289 -0.48873959
  -0.04143883  0.34253692 -0.10467418  0.76393208  0.89388756 -0.06148048]
 [ 0.27572728  0.74216647  0.23743325 -0.28386078  0.09338404  0.12282519
   0.74590632 -0.25652109 -0.62456734  0.02340089 -0.31984298  0.77377833]
 [-0.18660674 -0.23110841 -0.24685187 -0.08958487  0.50560585 -0.14775032
  -0.62351508  0.58705408 -0.45033272 -0.7975196   0.66929509 -0.97232315]
 [-0.09679258  0.10410561 -0.23201623  0.18150968 -0.24222862 -0.31351623
  -0.04109687  0.04224273  0.72548375  0.59257736 -0.56572886 -0.49496248]
 [-0.70721424 -0.03287438 -0.02722441 -0.15071547  0.0585847  -0.4113908
  -0.11833332 -0.40918662 -0.95863462 -0.59534815  0.76587092 -0.2462612 ]
 [ 0.26157602  0.01042417 -0.14092637 -0.25031501  0.44098638  0.49158724
  -0.29044638  0.64418067  0.67694937 -0.61589407 -0.39507427 -0.29800259]
 [ 0.30957799  0.39645746 -0.07272582 -0.24439129  0.52251553  0.10102363
   0.02530437  0.54581973  0.79590703 -0.58096858  0.43180545  0.36230667]
 [-0.58285412  0.5945134  -0.15044006 -0.06958865 -0.50702558 -0.47960301
   0.47905458 -0.71764887 -0.16832179 -0.85355942 -0.13215876 -0.89271538]
 [-0.10467418 -0.62456734 -0.45033272  0.72548375 -0.95863462  0.67694937
   0.79590703 -0.16832179  0.28267038 -0.34762718 -0.47633239 -0.58033569]
 [ 0.76393208  0.02340089 -0.7975196   0.59257736 -0.59534815 -0.61589407
  -0.58096858 -0.85355942 -0.84998043  0.40453892 -0.41604775 -0.19329691]
 [ 0.89388756 -0.31984298  0.66929509 -0.56572886  0.76587092 -0.39507427
   0.43180545 -0.13215876 -0.94375346 -0.80461825 -0.26430261  0.17520873]
 [-0.06148048  0.77377833 -0.97232315 -0.49496248 -0.2462612  -0.29800259
   0.36230667 -0.89271538 -0.75846004  0.43343893  0.67477226 -0.30637087]]
