A: 
[[-0.31061233  0.13575706 -0.05126868  0.22095806  0.54213832  0.64678003
   0.04815326  0.19658127 -0.91306072 -0.25344032 -0.41123006  0.41245992]
 [ 0.28857076  0.32127026  0.07578499  0.1678505   0.23154278 -0.03282885
   0.11818586 -1.04217222  0.38825575  0.80585467  0.30095589  0.26770602]
 [-0.6542729   0.04969712  0.57781316 -0.2022121  -0.5430157   0.08551827
  -0.83184596 -1.04887878  0.7477729   0.39277655 -0.21157789  0.87305066]
 [-0.42000294  0.49243354  0.19906093  0.00823814 -0.05218183 -0.02423586
   0.1095325  -0.21283685 -0.55030261  0.68016798  0.85000826  0.13264442]
 [ 0.23967521  0.35107598  0.13848641 -0.29550238 -0.27969756 -0.15915201
   1.06059025  0.08353559 -0.87348194 -0.19542051 -0.61652393  0.35074029]
 [-0.53546813  0.27007502  0.31684386 -0.28880837 -0.87134581 -0.81232607
  -0.38651998 -0.0574639  -0.55177211 -0.51278636  0.89955519  0.70551124]
 [ 0.35957756 -0.72646097 -0.24487635  0.25512078  0.31553166  0.17693363
  -0.96576964 -0.33359664 -0.8796076  -0.01110007 -0.32930965  0.20907434]
 [-0.27946634  0.41190147  0.11893043  0.21489658  0.05676124 -0.25401758
  -0.45839337 -0.75481008 -0.72874401 -0.71374072  0.06948053 -0.83232138]
 [ 0.74752345  0.32264973 -0.37185562  0.16825211  0.01613594 -1.05381425
   0.47000684 -0.03127701 -0.14882096 -0.50533006 -0.90475227 -0.14185686]
 [ 0.61068418 -0.63764429 -0.10823487 -0.11987464 -0.17815647 -0.12604564
  -0.22071427 -0.1665664   0.26606299 -0.61873333 -0.23028587  0.17604393]] 
x segnato:[[-0.41260987]
 [ 0.37700189]
 [ 0.26276774]
 [ 0.05260151]
 [-0.7828664 ]
 [-0.31761006]
 [-0.11301505]
 [ 0.99676695]
 [ 0.        ]
 [ 0.        ]
 [ 0.        ]
 [ 0.        ]]
Matrici Hi 

[[-0.69283235 -0.1591347   0.2100336  -0.03264528 -0.01160768  0.56617532
  -0.57572878  0.14281109  0.05911434 -0.84413874  0.31284386  0.67677369]
 [ 0.50593474 -0.30841978 -0.41499745  0.13195437  0.27957301 -0.12092422
   0.17810848  0.63080962 -0.91533236  0.03862433 -0.37923823  0.01301903]
 [ 0.13518196  0.16899878 -0.00149633 -0.13293545 -0.14107478 -0.1799514
   0.5478412   0.24246112 -0.54167016  0.52279759  0.0787072  -0.84164963]
 [ 0.17898365 -0.09610266 -0.09959725  0.1513353   0.12489925 -0.13012146
  -0.32329467 -0.31137794 -0.757793   -0.92300832 -0.80188185  0.97235753]
 [ 0.05475494 -0.46664996  0.02163559  0.08852826  0.00193022  0.09829915
  -0.88530035 -0.55204073  0.03831204  0.21014641 -0.81940347  0.10636838]
 [-0.08638046 -0.34423431  0.3515866  -0.27820802 -0.49089719  0.09513157
  -0.4870745  -0.66010074  0.97982508  0.19118936 -0.50444312  0.23105112]
 [-0.39082291 -0.91596556 -0.01442079 -0.14710459  0.02133892  0.88647973
  -0.65238231  0.91899265 -0.15807022 -0.08712988 -0.53259707  0.6703565 ]
 [-0.14971465 -0.48128263  0.02996577  0.10465237  0.17277054  0.4841648
  -0.807416   -0.27078917  0.70860333 -0.73783243  0.54398957  0.25314495]
 [ 0.05911434 -0.91533236 -0.54167016 -0.757793    0.03831204  0.97982508
  -0.15807022  0.70860333 -0.0699037  -0.6066863  -0.78595994  0.50530276]
 [-0.84413874  0.03862433  0.52279759 -0.92300832  0.21014641  0.19118936
  -0.08712988 -0.73783243 -0.84125304  0.01868546 -0.07852015  0.82196467]
 [ 0.31284386 -0.37923823  0.0787072  -0.80188185 -0.81940347 -0.50444312
  -0.53259707  0.54398957 -0.17942823 -0.84958709  0.89701602 -0.0260211 ]
 [ 0.67677369  0.01301903 -0.84164963  0.97235753  0.10636838  0.23105112
   0.6703565   0.25314495  0.70024752 -0.54839041 -0.80279228 -0.6872409 ]]

[[-0.6057439   0.55850491  0.14383589  0.21790734  0.25634706  0.18416181
  -0.16281759 -0.28789877  0.23160173 -0.53685049  0.19047356 -0.13090839]
 [ 0.16229054 -0.39806748  0.25375003 -0.41606527 -0.30501663  0.528206
   0.42290046  0.00649593  0.60574877  0.14395633 -0.62171307 -0.1871029 ]
 [-0.2013105  -0.08795684 -0.05119993 -0.04320781 -0.14487637 -0.13966944
  -0.17179067  0.49489062  0.01104612 -0.52220619  0.02747448 -0.93844153]
 [ 0.35574879 -0.12862006  0.09652512 -0.12693001 -0.05799491  0.14511501
   0.26622553 -0.43910596  0.18873499 -0.47771303  0.50664006 -0.87713923]
 [-0.01512037 -0.06713102  0.30011099 -0.1045786   0.05577291  0.62526799
   0.05751775 -0.75084446 -0.55855311  0.16692352  0.68818113  0.39146232]
 [-0.70940396  0.01510943  0.17701946  0.1127147   0.12929268  0.47095794
  -0.6774176  -0.09712529 -0.79288365  0.61933954 -0.31149048  0.08017063]
 [-1.1600178   0.21349296  0.48052124 -0.04529248  0.18316672  1.19958015
  -0.27697529 -0.07107097 -0.77479604  0.53064837  0.91562103  0.59307479]
 [ 0.31006977 -0.02994208 -0.0792451   0.19455441  0.42352499  0.30806998
   0.04665925 -0.49895177  0.98099593 -0.1110377  -0.29234246  0.07834567]
 [ 0.23160173  0.60574877  0.01104612  0.18873499 -0.55855311 -0.79288365
  -0.77479604  0.98099593 -0.9496232   0.6756024  -0.02349749 -0.38983095]
 [-0.53685049  0.14395633 -0.52220619 -0.47771303  0.16692352  0.61933954
   0.53064837 -0.1110377  -0.07460127  0.54139932  0.4261111  -0.89114855]
 [ 0.19047356 -0.62171307  0.02747448  0.50664006  0.68818113 -0.31149048
   0.91562103 -0.29234246 -0.83394682 -0.75155709 -0.09811441 -0.86253549]
 [-0.13090839 -0.1871029  -0.93844153 -0.87713923  0.39146232  0.08017063
   0.59307479  0.07834567  0.9179506  -0.9232821  -0.0745736  -0.79515372]]

[[ 0.2332278   0.33705615 -0.18267133  0.31503328  0.60580396  0.18438183
   0.37892063 -0.23764036  0.83191526  0.93422929 -0.72588092 -0.87764446]
 [-0.63465996 -0.04689213  0.39006467 -0.30165778 -0.46467786  0.25904591
  -0.25814489  0.04211801 -0.48965938 -0.30222501 -0.42316175  0.83049721]
 [ 0.16151597 -0.21289869 -0.0346897   0.00590831 -0.08322593 -0.1493241
  -0.29525734 -0.18601573 -0.29547649  0.4543738   0.46299736 -0.23351869]
 [-0.49513405  0.43672993  0.11034902  0.0679312   0.0166623  -0.02807697
  -0.01384286  0.05110514 -0.55331196  0.55870068  0.94851136  0.81633512]
 [-0.57957537  0.64571133  0.07253554  0.16093236  0.11932914 -0.10685739
   0.04514915  0.08249232 -0.28734481  0.13750632  0.54410776  0.53734713]
 [ 0.14330273  0.18705391 -0.22266436  0.24576715  0.14784942 -0.50458748
  -0.18354831 -0.05533011  0.78270996  0.35986102  0.7182585   0.29093169]
 [ 0.17064317 -0.40215901  0.1275717  -0.27048441 -0.12742441  0.49319294
   0.26909612  0.08747825 -0.7248377   0.6202479   0.30517719  0.87751136]
 [ 0.32832652 -0.72760358  0.09583239 -0.61217593 -0.51134882  0.42182577
   0.69694552  0.9057389   0.30304891  0.05880826 -0.96379033 -0.86042664]
 [ 0.83191526 -0.48965938 -0.29547649 -0.55331196 -0.28734481  0.78270996
  -0.7248377   0.30304891 -0.99721362  0.17290102 -0.67346302  0.99982587]
 [ 0.93422929 -0.30222501  0.4543738   0.55870068  0.13750632  0.35986102
   0.6202479   0.05880826 -0.01934598 -0.36685394  0.37685184  0.11001542]
 [-0.72588092 -0.42316175  0.46299736  0.94851136  0.54410776  0.7182585
   0.30517719 -0.96379033 -0.88855571  0.18991772  0.22800208  0.88517927]
 [-0.87764446  0.83049721 -0.23351869  0.81633512  0.53734713  0.29093169
   0.87751136 -0.86042664 -0.32795262  0.27550209  0.09947075 -0.79481603]]

[[-0.10964402 -0.39423353  0.39157898 -0.62133787 -0.87099048  0.02517072
   0.13444323  0.16781166 -0.82477673 -0.13926704 -0.01089791  0.48240459]
 [-0.22302113  0.0221373  -0.14732276  0.415151    0.67984268  0.51264292
  -0.47539989 -0.15908543  0.32412919 -0.85157692  0.96685351  0.046333  ]
 [-0.08370221 -0.2408824   0.05961209 -0.02364311  0.08622365  0.41868892
  -0.17410542 -0.02839133  0.88191585 -0.33642705 -0.78062377  0.26041254]
 [ 0.01786184  0.27205732 -0.10920656  0.11861553  0.00649249 -0.44583411
   0.01903236  0.03551369  0.00027646  0.88991791  0.85871758  0.48148419]
 [-0.07499799  0.48558468 -0.13258348  0.13140102 -0.15010323 -0.86898295
  -0.00528965  0.13397084  0.23458809  0.22964438  0.98137101 -0.10639515]
 [-0.10400369  0.34959417 -0.06726647  0.02563616 -0.26287389 -0.75888412
  -0.01692919  0.19180421  0.94715743  0.89356159  0.43750093 -0.98408415]
 [-0.39056623 -0.18481733  0.12593054  0.03123419  0.15080328  0.59257184
  -0.40734561 -0.03738198 -0.24883716  0.05005355 -0.15295084  0.03386075]
 [ 0.30991366  0.79940304 -0.45719864  0.62453012  0.77357607 -0.56212679
   0.34677106 -0.16880734  0.97212721  0.94170018  0.95579275 -0.27159301]
 [-0.82477673  0.32412919  0.88191585  0.00027646  0.23458809  0.94715743
  -0.24883716  0.97212721  0.20244758  0.47820556  0.24170174 -0.61213899]
 [-0.13926704 -0.85157692 -0.33642705  0.88991791  0.22964438  0.89356159
   0.05005355  0.94170018 -0.31730017 -0.13276912 -0.16469531  0.50488261]
 [-0.01089791  0.96685351 -0.78062377  0.85871758  0.98137101  0.43750093
  -0.15295084  0.95579275  0.35630677 -0.21822318 -0.45178457  0.30107437]
 [ 0.48240459  0.046333    0.26041254  0.48148419 -0.10639515 -0.98408415
   0.03386075 -0.27159301  0.48642505 -0.29337025 -0.59591021 -0.95537356]]

[[-0.83872633  0.68011729  0.23518497  0.14150045  0.17672647  0.27081006
  -0.03428063 -0.10660311  0.22635183  0.02946435 -0.36656181  0.91173292]
 [-0.3569762  -0.11360384  0.00638093  0.03799855 -0.25486522 -0.36283464
  -0.78049478  0.10318046  0.92593613  0.51993775  0.93361883  0.47548087]
 [ 0.23818035 -0.15216814 -0.08557782 -0.07289301 -0.06829029 -0.09609234
   0.1744877   0.21466209 -0.30742246  0.55151392 -0.33506991  0.2295512 ]
 [-0.06132706 -0.07985568  0.00734432  0.06009144  0.0182584   0.00291111
  -0.32351416 -0.16616698  0.56369234  0.91146662  0.74906418 -0.42995153]
 [-0.18842832 -0.07733645 -0.003111    0.04078739  0.08117713  0.18811866
  -0.19701669  0.14662492 -0.85821669 -0.91438821 -0.82396513 -0.18750288]
 [ 0.45823318 -0.34125724 -0.18893475 -0.16583386  0.12676621  0.35281562
   0.76444435  0.76103097 -0.91926291 -0.16221355 -0.00797842  0.15298365]
 [-1.0421897   0.47365471  0.15775316  0.01288053 -0.11630547  0.02884916
  -0.21358291  0.67506463  0.78851923 -0.01807522  0.97856308  0.52796872]
 [ 0.16618103 -0.06219605  0.00674665 -0.07541239 -0.01685339  0.07734993
   0.23735471  0.00733798  0.6933133   0.87388799  0.95204687  0.40516846]
 [ 0.22635183  0.92593613 -0.30742246  0.56369234 -0.85821669 -0.91926291
   0.78851923  0.6933133   0.77587202  0.55965511  0.25573441  0.6588337 ]
 [ 0.02946435  0.51993775  0.55151392  0.91146662 -0.91438821 -0.16221355
  -0.01807522  0.87388799 -0.09572567 -0.95307984 -0.70366351  0.20658433]
 [-0.36656181  0.93361883 -0.33506991  0.74906418 -0.82396513 -0.00797842
   0.97856308  0.95204687 -0.3104418   0.77409333  0.57352448  0.29440388]
 [ 0.91173292  0.47548087  0.2295512  -0.42995153 -0.18750288  0.15298365
   0.52796872  0.40516846  0.4622478   0.0749027  -0.44615825 -0.89030273]]

[[ 0.43326787 -0.09159563 -0.36200618  0.16502185  0.36783998 -0.04253761
   0.35491309  0.49887547 -0.97526333  0.45678079  0.02636358  0.65300982]
 [-0.60175001  0.02666025  0.30937977 -0.16146376 -0.1420946   0.50718111
  -0.13344539  0.04522276 -0.06035209 -0.65378386 -0.57166627 -0.37619482]
 [-0.07066959 -0.09190869  0.26034559 -0.24476937 -0.35876411  0.06304801
  -0.01813859 -0.30971092 -0.49459542  0.61993522  0.85089392  0.00025965]
 [-0.13642912  0.0050649  -0.02067162  0.08919913  0.10290809  0.06911838
  -0.20847212  0.00687968 -0.39880368 -0.39437975  0.00753226 -0.4367033 ]
 [ 0.14545109 -0.08312524 -0.17458197  0.19224544  0.30483776  0.07402022
  -0.13655578 -0.00034722  0.42476567 -0.10645499 -0.8713444  -0.61279156]
 [ 0.60105561 -0.24183999 -0.07272814 -0.00281188 -0.00543851 -0.1610279
   0.02112672 -0.51908856 -0.7656064  -0.94185837  0.82062797  0.16297175]
 [ 0.23388611 -0.0406344  -0.21929848  0.07525011  0.40709515  0.37058213
   0.57448122  0.55157368 -0.1330101   0.56167982 -0.13548838  0.41531731]
 [ 0.19367731  0.40483261 -0.53729298  0.52312643  0.73823092 -0.29297346
   0.24300815  0.55292866 -0.25826854 -0.6278204  -0.32874005 -0.7695044 ]
 [-0.97526333 -0.06035209 -0.49459542 -0.39880368  0.42476567 -0.7656064
  -0.1330101  -0.25826854 -0.82960771 -0.86639633 -0.73170136  0.99927924]
 [ 0.45678079 -0.65378386  0.61993522 -0.39437975 -0.10645499 -0.94185837
   0.56167982 -0.6278204  -0.12306935  0.3829922  -0.47467167 -0.56319454]
 [ 0.02636358 -0.57166627  0.85089392  0.00753226 -0.8713444   0.82062797
  -0.13548838 -0.32874005 -0.91145103 -0.12072492 -0.4670496  -0.53606346]
 [ 0.65300982 -0.37619482  0.00025965 -0.4367033  -0.61279156  0.16297175
   0.41531731 -0.7695044  -0.47016831 -0.28242323 -0.38038896 -0.4490134 ]]

[[ 0.22527829  0.5447037   0.14424092 -0.02629949 -0.24771688 -0.64470503
   0.32790834 -0.81758695  0.75284994 -0.20439892  0.30975237  0.98425055]
 [ 0.3501515  -0.40000888 -0.48983407  0.20535304  0.20401027 -0.36362003
  -0.28917047  0.79191845  0.40606822 -0.12097144  0.52429384 -0.96926312]
 [ 0.20024151 -0.21717131 -0.1467156   0.12866098  0.38113161  0.40634035
   0.03788785  0.07330538  0.92800776 -0.01825631  0.6668593   0.50751737]
 [-0.23374913 -0.08052214  0.11459958 -0.16623836 -0.29566699 -0.04535922
  -0.11142728  0.22918019 -0.9232128  -0.27650613  0.25110932  0.99061715]
 [-0.50685893 -0.07739855  0.24629585 -0.28377019 -0.37926359  0.21933507
  -0.03640968  0.42600453 -0.57432419 -0.18799471 -0.33390709  0.42300171]
 [-0.63077531 -0.21001131  0.3333199  -0.22860228  0.13914475  1.31558319
   0.19416545  0.37073849 -0.36678492  0.29831769 -0.81111133 -0.28964926]
 [ 0.43687211  0.15222691 -0.44811432  0.31089499  0.29749319 -0.63876254
   0.10004848  0.30981029  0.04110542  0.29383401 -0.64725454 -0.28251738]
 [-0.50832382  0.31171666  0.05418002 -0.02823801 -0.33265468 -0.51946005
  -0.24620443  0.37109595  0.87829474  0.1358024  -0.95255956  0.90514826]
 [ 0.75284994  0.40606822  0.92800776 -0.9232128  -0.57432419 -0.36678492
   0.04110542  0.87829474  0.87381038  0.10846917 -0.55420117 -0.56016171]
 [-0.20439892 -0.12097144 -0.01825631 -0.27650613 -0.18799471  0.29831769
   0.29383401  0.1358024   0.7782758   0.67480841  0.34982607 -0.60098921]
 [ 0.30975237  0.52429384  0.6668593   0.25110932 -0.33390709 -0.81111133
  -0.64725454 -0.95255956 -0.80079614  0.74211274 -0.45201932  0.80918875]
 [ 0.98425055 -0.96926312  0.50751737  0.99061715  0.42300171 -0.28964926
  -0.28251738  0.90514826  0.66361802  0.01346706 -0.75202029 -0.84388935]]

[[-0.29181794 -0.33434839  0.13387455 -0.23103816 -0.28196619  0.26195013
  -0.19801631  0.42005088  0.13611866 -0.53670077  0.31710909 -0.72320964]
 [-0.09684964  0.60246043 -0.06526416  0.22264432  0.47677797  0.18884613
   0.60344041  0.01600562  0.94187407  0.64163405  0.9392076   0.43427981]
 [ 0.32500461 -0.093976    0.05388175 -0.14388445 -0.13662139 -0.0265169
   0.2932581  -0.22035924  0.00452876  0.61484755 -0.01327264  0.05484016]
 [-0.4992815   0.25927514 -0.0927937   0.23891635  0.25779835  0.03231013
  -0.30081294  0.36717245 -0.05037945  0.55193058 -0.88014169  0.99855434]
 [-0.72905726  0.42125816 -0.04584517  0.23897963  0.06580322 -0.29224869
  -0.51760171  0.37840565  0.95665654  0.59115134 -0.74248242 -0.67960015]
 [-0.06878731  0.07389479  0.11149234 -0.1287035  -0.59873018 -0.82867109
  -0.42914271 -0.274647   -0.3866555   0.40007183 -0.23105618  0.00556878]
 [ 0.24072018  0.32944288  0.193979   -0.21401069 -0.25290462 -0.1797365
   0.71135607 -0.40823949  0.51791892 -0.83885379 -0.42392872  0.39583687]
 [ 0.37447735  0.26230457 -0.09295552  0.20564889  0.10670705 -0.50401699
  -0.05478801 -0.72395629 -0.75833082  0.70274446 -0.19256428 -0.02249804]
 [ 0.13611866  0.94187407  0.00452876 -0.05037945  0.95665654 -0.3866555
   0.51791892 -0.75833082  0.34485618  0.74114374  0.12091675 -0.26684097]
 [-0.53670077  0.64163405  0.61484755  0.55193058  0.59115134  0.40007183
  -0.83885379  0.70274446 -0.83405658  0.22145355 -0.58028313 -0.67054884]
 [ 0.31710909  0.9392076  -0.01327264 -0.88014169 -0.74248242 -0.23105618
  -0.42392872 -0.19256428  0.9235379  -0.89766812  0.34084919 -0.3028085 ]
 [-0.72320964  0.43427981  0.05484016  0.99855434 -0.67960015  0.00556878
   0.39583687 -0.02249804 -0.28092352 -0.39306687  0.86316609 -0.93898397]]

[[ 0.87915379  0.12171066 -0.65264756  0.41087957  0.38298566 -0.98742643
   0.2028987   0.23940892 -0.85354457 -0.59762723 -0.5177531  -0.90603225]
 [-0.62854988  0.13817294  0.28655493  0.08601309  0.28175     0.8257668
  -0.30257096 -0.40630727 -0.08569318 -0.41177704  0.1848386  -0.46725288]
 [ 0.12664978 -0.0699165   0.3192636  -0.30070388 -0.377913    0.10083267
   0.20006736 -0.59955421 -0.12702658  0.26128196  0.80109098 -0.6254844 ]
 [-0.48670142  0.18155566  0.02429097  0.15367758  0.21574884  0.25006122
  -0.25860018  0.15626466  0.10213162  0.95950639 -0.55052485  0.26932752]
 [-0.37538938 -0.04243093  0.05438416  0.0167454   0.1086901   0.3857646
  -0.16038557  0.27073534  0.74676934  0.18344539  0.67571907  0.04350378]
 [ 0.25768921 -0.57323207  0.46010003 -0.71729393 -0.81627762  0.32718175
   0.41991455 -0.22124586  0.79970686  0.93760115 -0.08253184 -0.05507252]
 [ 0.71962891 -0.44620286 -0.26303305  0.03727104  0.24383414  0.12150634
   0.23159305  0.05565858  0.43611574  0.81662055  0.88957052  0.56060432]
 [-0.24929479 -0.52926899 -0.4080633   0.12834901  0.34094744  0.38531163
  -0.28072239  1.57588442  0.44780103  0.97260678 -0.3340027  -0.75471559]
 [-0.85354457 -0.08569318 -0.12702658  0.10213162  0.74676934  0.79970686
   0.43611574  0.44780103 -0.64977183  0.93013741  0.62367944  0.75353347]
 [-0.59762723 -0.41177704  0.26128196  0.95950639  0.18344539  0.93760115
   0.81662055  0.97260678  0.08761958 -0.41459489  0.33803675 -0.02138842]
 [-0.5177531   0.1848386   0.80109098 -0.55052485  0.67571907 -0.08253184
   0.88957052 -0.3340027   0.12386658 -0.82282382 -0.4955474  -0.35168244]
 [-0.90603225 -0.46725288 -0.6254844   0.26932752  0.04350378 -0.05507252
   0.56060432 -0.75471559 -0.12420794 -0.75983812  0.1561869   0.51235108]]

[[ 0.03480182 -0.30078534  0.07729981  0.09846152  0.54089411  1.08833391
  -0.02798481 -0.38851841  0.09954754  0.24610291 -0.52169926 -0.03283943]
 [ 0.16809886  0.48099549 -0.00074263  0.0347389  -0.3121346  -0.9640645
   0.06862668 -0.45291978  0.51940886  0.1977078   0.32640869  0.81891937]
 [-0.15077144  0.06849358  0.00610958  0.0453251  -0.00801359 -0.06950963
  -0.16152398  0.01439573  0.4005195  -0.58753733 -0.67685064  0.34805698]
 [ 0.26719076 -0.08879502 -0.01855623 -0.03338855 -0.06560064 -0.13368972
   0.04651741 -0.20897727 -0.68551203  0.55637965 -0.95892384  0.95311303]
 [ 0.18640195 -0.2302247  -0.01043655 -0.07368214 -0.0233232   0.12499466
   0.04722895  0.00697    -0.50252017 -0.55748322 -0.98604314 -0.91755962]
 [-0.3477696  -0.36613807 -0.00867562 -0.09077794  0.03357696  0.51984864
  -0.17665669  0.75190247  0.4492588  -0.87369775  0.86612217  0.97992398]
 [-0.34971973  0.38924301  0.07597699  0.0495906   0.05190171  0.01026812
   0.13972858  0.07963936  0.9776722   0.43811327 -0.92908605  0.30064954]
 [-0.25047461  0.36600371 -0.06321327 -0.2253924  -0.49634849 -0.73282065
   0.54204666  1.09923281  0.16942738  0.82129827  0.61038313  0.10170587]
 [ 0.09954754  0.51940886  0.4005195  -0.68551203 -0.50252017  0.4492588
   0.9776722   0.16942738  0.12281484  0.18392103 -0.43202784 -0.20558973]
 [ 0.24610291  0.1977078  -0.58753733  0.55637965 -0.55748322 -0.87369775
   0.43811327  0.82129827 -0.56043167 -0.44914619 -0.63043115  0.11562239]
 [-0.52169926  0.32640869 -0.67685064 -0.95892384 -0.98604314  0.86612217
  -0.92908605  0.61038313  0.30438575  0.51658869 -0.15651862  0.03804407]
 [-0.03283943  0.81891937  0.34805698  0.95311303 -0.91755962  0.97992398
   0.30064954  0.10170587 -0.90299253  0.86271368  0.94106365  0.84995613]]
