A: 
[[ 0.59768451 -0.17276121  0.79864005  0.15461173  0.17024514  0.34770567
  -0.03037227 -0.20642683  0.38209119 -0.81568014 -0.97920452  0.39524621]
 [ 0.0620269  -0.65458693 -0.40289973  0.22637894  1.08790017  0.1607678
  -0.74639724  0.54347862 -0.53594272  0.86731489  0.99423361 -0.1634319 ]
 [-0.0415569  -0.38190156  0.52932445  0.23067975 -0.34426742 -0.45279326
   0.05817271  0.46228699  0.05952736 -0.18519454 -0.408875   -0.63517331]
 [-0.1804497  -0.655085    0.36809844  0.18553187 -0.30541585 -0.50661715
  -0.01341251  0.76917482  0.10021098 -0.14383571 -0.64635493 -0.66791063]
 [ 0.55184646 -0.2483371   0.30486468 -0.25718533 -0.43492847 -0.02300973
  -0.05101754 -0.06285462 -0.03533576  0.88198071  0.22484769 -0.01950644]
 [-0.08390001 -0.42987427  0.1426567  -0.58317508 -0.35607523  0.79199534
   0.57677873  0.12158058  0.94777843  0.90112183 -0.60819599  0.21881089]
 [ 0.4889477   0.13478855  0.61089655 -0.24235122 -0.79629886 -0.01107219
   0.3366108  -0.37950784  0.91451346  0.81059896 -0.44066146  0.58954466]
 [-0.12864217 -0.50512244  0.97096104  0.56176301 -0.05745817 -0.3498321
   0.12405211  0.60250591 -0.76044971  0.28596767  0.10092079  0.46186035]
 [ 0.24892029  0.05770678 -0.28401705 -0.49922469 -0.75601709 -0.25114753
   0.0420447  -0.14558683 -0.58653439  0.68026971  0.31104205  0.51521986]
 [-0.16237371 -0.55570119  0.74371422  0.23241303  0.15683591  0.33603035
   0.29617153  0.45650465  0.36130425 -0.97342632  0.73620885  0.17791377]] 
x segnato:[[-0.31498333]
 [ 0.5741262 ]
 [ 0.21915177]
 [ 0.55038449]
 [ 0.83917423]
 [-0.33245199]
 [-0.94027567]
 [-0.26430421]
 [ 0.        ]
 [ 0.        ]
 [ 0.        ]
 [ 0.        ]]
Matrici Hi 

[[-0.25040589  0.29624439 -0.01152161 -0.02999852  0.62613892  0.9942689
   0.36978174 -0.39781895 -0.42651387 -0.79860384 -0.97309249  0.38406796]
 [-0.27366798  0.14387967  0.05356732  0.24918454 -0.03214152 -0.31238843
   0.05508891  0.10033045  0.67615347 -0.43564401 -0.83174524  0.95994408]
 [ 1.07254379 -0.2966164  -0.20359641  0.04519478  0.54170901 -0.25115667
  -1.10093037 -0.11920752  0.78417247  0.27837737 -0.39335284  0.44537407]
 [ 0.5546034  -0.45543339 -0.1898972   0.10650166 -0.05029877 -0.86968664
  -0.85421102  0.39507777 -0.56109897  0.06217587 -0.39730817 -0.13651645]
 [ 0.4666006  -0.57324422  0.32077099  0.30582757  0.07155366 -0.62296733
  -0.61217458  0.4744629   0.21342281 -0.50395813 -0.83955921 -0.10844211]
 [ 0.51084592 -0.13083413  0.57809714  0.28573314  0.42572404  0.2166838
  -0.23441632 -0.14528348  0.62431639 -0.50078638  0.59699047 -0.58782191]
 [ 0.430255   -0.00290569  0.08059564  0.06665943 -0.00908247 -0.26182435
  -0.33659064 -0.10834894  0.79109536  0.22890773 -0.16763143 -0.60381915]
 [ 0.23684758 -0.26248102 -0.20007038 -0.25906442 -0.37343133 -0.3095786
  -0.2075128   0.17617662  0.84104735  0.24229768 -0.85738697  0.27668103]
 [-0.42651387  0.67615347  0.78417247 -0.56109897  0.21342281  0.62431639
   0.79109536  0.84104735  0.29032763  0.17701928  0.14332952  0.55414594]
 [-0.79860384 -0.43564401  0.27837737  0.06217587 -0.50395813 -0.50078638
   0.22890773  0.24229768 -0.74836065 -0.27541347 -0.95746665  0.19337105]
 [-0.97309249 -0.83174524 -0.39335284 -0.39730817 -0.83955921  0.59699047
  -0.16763143 -0.85738697  0.88867573  0.5005386   0.90702229  0.55896387]
 [ 0.38406796  0.95994408  0.44537407 -0.13651645 -0.10844211 -0.58782191
  -0.60381915  0.27668103  0.80447455  0.86439986 -0.25538107  0.30972544]]

[[-0.33501057  0.50243914 -0.9284634  -0.33369597  0.21211054  0.32313857
   0.05155732 -0.37003384 -0.56875891 -0.86821674 -0.07627413  0.17461107]
 [-0.28974299 -0.3027372   0.49686901  0.33762178  0.23860818  0.11924128
   0.19122334  0.3731754   0.86795576  0.57298541  0.13156902 -0.32202207]
 [ 0.27688636  0.4839526   0.04546838  0.01699556 -0.0390193   0.00480665
  -0.02280316 -0.53134282  0.07545787  0.80598878  0.76153809 -0.74315356]
 [ 0.33467315  0.38642368  0.3986059   0.43369982  0.21549354 -0.24724003
  -0.21779999 -0.3703785  -0.63849151  0.56742428 -0.8982889   0.56291154]
 [ 0.81578543 -0.01865425  0.20281933 -0.1501231   0.28163027  0.45392957
  -0.30434318 -0.46909909  0.46175425 -0.50751153  0.75933711 -0.27792203]
 [ 0.60499316 -0.65245856  0.0714352  -0.76420065 -0.15932964  0.92552832
   0.10315137 -0.03165604  0.76710205  0.94009017 -0.57887496  0.04149594]
 [ 0.10362699 -0.49969825  0.55137976 -0.05068079 -0.30172977  0.07891556
   0.20479193  0.33144132  0.88390041 -0.13290566 -0.12489444  0.24884746]
 [ 0.27079648  0.23848707 -0.00091262  0.09829462 -0.22292469 -0.50048286
  -0.23900616 -0.18058873  0.3533338  -0.45833783  0.07682929 -0.70378692]
 [-0.56875891  0.86795576  0.07545787 -0.63849151  0.46175425  0.76710205
   0.88390041  0.3533338  -0.34594186 -0.37016932 -0.44361918 -0.93047353]
 [-0.86821674  0.57298541  0.80598878  0.56742428 -0.50751153  0.94009017
  -0.13290566 -0.45833783 -0.73523699  0.46797739  0.59472337 -0.19605541]
 [-0.07627413  0.13156902  0.76153809 -0.8982889   0.75933711 -0.57887496
  -0.12489444  0.07682929 -0.01956596  0.80908194 -0.27728333 -0.87880444]
 [ 0.17461107 -0.32202207 -0.74315356  0.56291154 -0.27792203  0.04149594
   0.24884746 -0.70378692 -0.87956278 -0.5118461   0.47337051  0.80065228]]

[[ 0.13979978 -0.04810039  0.44032744  0.21388449  0.15637731  0.10802476
   0.02346232 -0.036359    0.08088356  0.33720615 -0.59815097  0.3189003 ]
 [-0.03635063  0.1014325   0.07778549 -0.17978695 -0.46144246 -0.04750012
   0.27015529 -0.08758943 -0.37132964  0.66428613 -0.52551164 -0.82753713]
 [ 0.01115784 -0.02279997 -0.22235483 -0.22451883 -0.23549291 -0.05570624
   0.01202781  0.00887651 -0.91805782  0.62383309 -0.89366154 -0.15933906]
 [-0.22413528  0.25221959 -0.67257295 -0.47481013 -0.46710292 -0.06683461
   0.16700132 -0.13713782 -0.96151366  0.14885128 -0.30785043  0.07655606]
 [-0.48448104  0.39155716 -0.48557263  0.14738767  0.30266811 -0.07091155
   0.00633768 -0.07094774  0.90715161 -0.57613324  0.5914037  -0.97640496]
 [-0.17843038 -0.01749657  0.3940993   0.74658252  0.8310612  -0.06872963
  -0.23530569  0.18887723 -0.73748474 -0.40261188  0.69260517 -0.57769217]
 [ 0.07371434 -0.16548829  0.14421211  0.07612281  0.01434118 -0.08376555
  -0.07693547  0.13474007  0.83798307  0.22900136  0.30973619  0.27874169]
 [-0.01418496 -0.02717544 -0.42922605 -0.17430833  0.07139651  0.00587485
  -0.1607437   0.02454698  0.51051013  0.8165225   0.99294728 -0.79151176]
 [ 0.08088356 -0.37132964 -0.91805782 -0.96151366  0.90715161 -0.73748474
   0.83798307  0.51051013 -0.23230868 -0.24657397  0.11073212  0.96316772]
 [ 0.33720615  0.66428613  0.62383309  0.14885128 -0.57613324 -0.40261188
   0.22900136  0.8165225   0.30116214 -0.24636599 -0.55605404 -0.66163936]
 [-0.59815097 -0.52551164 -0.89366154 -0.30785043  0.5914037   0.69260517
   0.30973619  0.99294728  0.16923795 -0.86466742  0.34946474 -0.87505693]
 [ 0.3189003  -0.82753713 -0.15933906  0.07655606 -0.97640496 -0.57769217
   0.27874169 -0.79151176 -0.53707248  0.9396534   0.40619309  0.02655674]]

[[-0.0622505   0.28930974  0.09371517  0.25230725  0.40411565  0.18318753
   0.0068736  -0.23709828 -0.38764989  0.65454054  0.9948216  -0.36779665]
 [ 0.66539023 -0.33225288  0.28120645 -0.14901653 -0.17499602 -0.04168366
  -0.27563589 -0.01850184 -0.22754297 -0.63962702 -0.51101807  0.51159065]
 [ 0.53624847  0.0587051   0.05846993 -0.01773923  0.49351171  0.44494137
  -0.29075126 -0.39091433  0.14234383 -0.36117692  0.48994799 -0.73918623]
 [ 0.78502149 -0.19495043  0.38967115 -0.43032509 -0.52280421  0.21941225
   0.02138062 -0.29385647  0.52378192 -0.19177533  0.21475765  0.9243807 ]
 [ 0.12636539 -0.23310627  0.07968369 -0.33013644 -0.81768072 -0.34662306
   0.14735258  0.18388667 -0.50395715  0.97721014 -0.80779084 -0.37507565]
 [-0.64608102 -0.06628913 -0.58040491  0.29834698  0.34511    -0.50248625
  -0.25694984  0.52022591  0.4607441  -0.97174489 -0.03061208  0.982549  ]
 [-0.05806066 -0.12062839 -0.30665962  0.14062763  0.47484659 -0.04851115
  -0.3460072   0.1729945  -0.71193428  0.41635903 -0.51751104 -0.58464368]
 [-0.30259517  0.14997569 -0.08648816 -0.10955868 -0.19930607  0.09161399
   0.31308751 -0.03444411  0.16650451  0.65962902 -0.82039302 -0.64607933]
 [-0.38764989 -0.22754297  0.14234383  0.52378192 -0.50395715  0.4607441
  -0.71193428  0.16650451 -0.03194145  0.20186248  0.84802004 -0.71769962]
 [ 0.65454054 -0.63962702 -0.36117692 -0.19177533  0.97721014 -0.97174489
   0.41635903  0.65962902 -0.37506191  0.80459836  0.57046268  0.29261729]
 [ 0.9948216  -0.51101807  0.48994799  0.21475765 -0.80779084 -0.03061208
  -0.51751104 -0.82039302  0.05466346 -0.75386781 -0.41937789  0.01191477]
 [-0.36779665  0.51159065 -0.73918623  0.9243807  -0.37507565  0.982549
  -0.58464368 -0.64607933 -0.54417165  0.35782568 -0.78181555  0.1243996 ]]

[[-0.00000774 -0.28332551  0.22091696 -0.32313394 -0.12845019  0.62316685
   0.38546881  0.03409569  0.69331719  0.93614662 -0.50044464  0.73931614]
 [-0.25404421  0.10439226 -0.76462778  0.17133862  0.44068701 -0.43805806
  -0.51056183  0.18511779  0.27891729 -0.61231272  0.14712159 -0.82121633]
 [-0.70962202 -0.12147505  0.85090489  0.54373408  0.12464549  0.17547812
   0.6482729   0.39172599  0.15994639 -0.66810256 -0.62594595  0.33772597]
 [-0.26298436 -0.25553929 -0.33134395  0.19562345  0.62436841  0.03773303
  -0.29933482  0.36172465 -0.38776039 -0.84136454 -0.34160357 -0.32689656]
 [ 0.58192695 -0.52164502 -0.30158481 -0.00008614  0.50155398 -0.15750296
  -0.83905644  0.25480154 -0.73537068  0.07295739  0.35805884 -0.56382655]
 [ 0.41758145 -0.04922139  0.79728575  0.35075525 -0.33994852 -0.51918122
  -0.08269523  0.00472851 -0.83019341  0.52762768 -0.35922183 -0.92958456]
 [-0.34868497  0.3745255   0.53637257  0.54878423 -0.22612128 -0.55017307
   0.26648557  0.0110097   0.18142698  0.85596234  0.41833738 -0.5181515 ]
 [ 0.11198205  0.01331642  0.27893639 -0.09691703 -0.16058439  0.2381045
   0.22424517 -0.1436273   0.03218354  0.80254195  0.32984076  0.76811942]
 [ 0.69331719  0.27891729  0.15994639 -0.38776039 -0.73537068 -0.83019341
   0.18142698  0.03218354 -0.18959401  0.42204713  0.21911467 -0.19008325]
 [ 0.93614662 -0.61231272 -0.66810256 -0.84136454  0.07295739  0.52762768
   0.85596234  0.80254195 -0.40084356 -0.77805479  0.93735504 -0.37520447]
 [-0.50044464  0.14712159 -0.62594595 -0.34160357  0.35805884 -0.35922183
   0.41833738  0.32984076  0.09819034 -0.37482919  0.38802646 -0.71494443]
 [ 0.73931614 -0.82121633  0.33772597 -0.32689656 -0.56382655 -0.92958456
  -0.5181515   0.76811942  0.70968906  0.27215415  0.86895    -0.42442614]]

[[-0.05183642 -0.23658251 -0.07432704  0.19616469 -0.06381261 -0.60045986
  -0.30510502  0.40273143  0.58975404  0.34560751 -0.14035347  0.87970245]
 [-0.79510772  0.06382632  0.42659747  0.42061837 -0.08182126 -0.1356667
   0.55079418  0.34966854  0.23137829 -0.6938553   0.42316018 -0.87405271]
 [-0.13308504  0.39737916  0.14329889  0.0135985   0.17312699  0.51302244
   0.36024065 -0.41590459  0.75582894 -0.74126246  0.45458986 -0.77187641]
 [-0.11275236 -0.35768881  0.31662364  0.23830966  0.42623293  0.2598901
   0.0048663   0.30609947  0.37667172 -0.95017078 -0.54055119  0.56174585]
 [-0.079567   -0.51828627 -0.08823886  0.2408574   0.71056365  0.11478033
  -0.38121666  0.48489544  0.52071408  0.7773676   0.71241657 -0.0929763 ]
 [-0.24596076  0.63969479 -0.41871045 -0.13113436  0.14268376  0.34606094
   0.23024693 -0.52732524  0.34558991  0.36263466  0.39890597 -0.0896879 ]
 [-0.24691436  0.83832668  0.00301858 -0.20768746 -0.21267334  0.57246635
   0.68688136 -0.78308722  0.2715213  -0.71516049 -0.13793628  0.54973252]
 [ 0.75384151 -0.18046304 -0.19408806 -0.37828821  0.11067739  0.29348428
  -0.41621739 -0.27692141 -0.14749584 -0.19128808 -0.18096258 -0.66014262]
 [ 0.58975404  0.23137829  0.75582894  0.37667172  0.52071408  0.34558991
   0.2715213  -0.14749584  0.71352977  0.12287317  0.64082698 -0.35364219]
 [ 0.34560751 -0.6938553  -0.74126246 -0.95017078  0.7773676   0.36263466
  -0.71516049 -0.19128808 -0.92057498  0.32883003  0.52657646 -0.17942464]
 [-0.14035347  0.42316018  0.45458986 -0.54055119  0.71241657  0.39890597
  -0.13793628 -0.18096258 -0.28307153  0.22220933 -0.52984615  0.98193696]
 [ 0.87970245 -0.87405271 -0.77187641  0.56174585 -0.0929763  -0.0896879
   0.54973252 -0.66014262  0.13511419 -0.39818091 -0.21930572  0.42195575]]

[[-0.79127967  0.15804399 -0.20772289 -0.11812762 -0.796305   -0.48203872
   0.55955716  0.31066055 -0.21434557  0.28900765 -0.98713439 -0.74951274]
 [-0.11026537 -0.29609521  0.64792786  0.0473572  -0.09962256  0.37983515
   0.43829576  0.18132816 -0.82816984  0.05871567  0.09470795 -0.17366477]
 [-0.30091756 -0.14956078  0.10210808  0.3712118  -0.32540217 -0.93984729
  -0.13572457  0.53226299 -0.39442078 -0.32113916 -0.61121531 -0.14397673]
 [ 0.11893319  0.13707631  0.30376794  0.25719225 -0.21070478 -0.4696989
  -0.07362074 -0.03064022 -0.7075657   0.60775517 -0.8881625  -0.88814394]
 [ 0.00799981 -0.00455397  0.48170989  0.34105241 -0.10068872 -0.33183462
   0.02723992  0.10587185 -0.58035926  0.20831298 -0.14660327  0.6047334 ]
 [-0.20597883 -0.60288526  0.36721373  0.31765696  0.31283645 -0.02335818
  -0.05942287  0.63342583 -0.83350754  0.27360865 -0.85776682 -0.7081711 ]
 [ 0.21433319 -0.48508659  0.21028182  0.17342377  0.5228843   0.2053068
  -0.30627051  0.28738956  0.76912243  0.55360963 -0.65726996 -0.86602933]
 [ 0.50809939  0.36161786 -0.52171538 -0.05241208  0.32942344 -0.13535068
  -0.59883948 -0.47175305  0.42638487 -0.93575875 -0.81585951 -0.59169344]
 [-0.21434557 -0.82816984 -0.39442078 -0.7075657  -0.58035926 -0.83350754
   0.76912243  0.42638487  0.78325195  0.0648349   0.79168718 -0.00153851]
 [ 0.28900765  0.05871567 -0.32113916  0.60775517  0.20831298  0.27360865
   0.55360963 -0.93575875 -0.37546841  0.76153166 -0.66029168 -0.59718997]
 [-0.98713439  0.09470795 -0.61121531 -0.8881625  -0.14660327 -0.85776682
  -0.65726996 -0.81585951 -0.24939649 -0.17755589  0.59624335  0.47636442]
 [-0.74951274 -0.17366477 -0.14397673 -0.88814394  0.6047334  -0.7081711
  -0.86602933 -0.59169344  0.11353634 -0.79158654 -0.63477736  0.48534464]]

[[ 0.07739409  0.18332332 -0.12819869 -0.48510697 -0.667575    0.09907648
   0.33662236 -0.27310888 -0.67777647  0.98671027 -0.06648072 -0.8609769 ]
 [ 0.01235159 -0.03736651  0.24827812  0.40094869  0.6483704   0.1761361
  -0.17531019  0.02540958  0.78206999  0.36292818 -0.25021709 -0.60127409]
 [-0.03937038  0.54795515  0.26405882 -0.2530273  -1.2370331  -0.46539969
   0.59500203 -0.38340229 -0.69239434 -0.21514884 -0.71462377  0.68718038]
 [ 0.10780512 -0.35608591 -0.05841934 -0.07566754 -0.31882703 -0.44808524
  -0.2076882   0.36277003  0.76999246 -0.8906261   0.87356363 -0.74309693]
 [-0.23254151 -0.1724332  -0.89203147 -0.34855937 -0.18791535 -0.35461659
  -0.2587653   0.32821101 -0.73324079 -0.29782398 -0.53018087  0.4208058 ]
 [-0.55825714  0.96315221 -0.51717479 -0.14682427 -0.27776154  0.0427015
   0.49331195 -0.59506672  0.5493544  -0.41364448 -0.24063876  0.23189052]
 [-0.21212377  0.62216915  0.3879449   0.36710078  0.07018907  0.03651479
   0.33659909 -0.42091664  0.30126134  0.39578696  0.98527684 -0.63405174]
 [ 0.11151039 -0.35738305 -0.05073897 -0.10092543 -0.18971321 -0.24121363
  -0.16973713  0.30733526 -0.97902922  0.04883425 -0.40926625 -0.12906959]
 [-0.67777647  0.78206999 -0.69239434  0.76999246 -0.73324079  0.5493544
   0.30126134 -0.97902922  0.20866058  0.95966456 -0.78125787 -0.10065439]
 [ 0.98671027  0.36292818 -0.21514884 -0.8906261  -0.29782398 -0.41364448
   0.39578696  0.04883425 -0.49123436  0.91665207  0.80297207  0.92889741]
 [-0.06648072 -0.25021709 -0.71462377  0.87356363 -0.53018087 -0.24063876
   0.98527684 -0.40926625 -0.75380199  0.03512485  0.94865578  0.65300706]
 [-0.8609769  -0.60127409  0.68718038 -0.74309693  0.4208058   0.23189052
  -0.63405174 -0.12906959  0.67248381 -0.05724704 -0.18364144  0.91696007]]

[[-0.48659745  0.1454333   0.03670051  0.1725274  -0.1654572  -0.23266442
   0.27288426  0.15923094  0.20272488 -0.72827295  0.9992678   0.94129864]
 [-0.05002313 -0.56097016 -0.10747731 -0.28037882  0.28978765  0.62685841
   0.0524159   0.31292768 -0.60375549 -0.84600558  0.39255407  0.16233626]
 [ 0.08076318  0.06361055  0.73525193  0.0134139  -0.38949194  0.23289031
   0.50156826 -0.17891944  0.76619962 -0.72124108 -0.77832973  0.45456613]
 [ 0.19651479 -0.3761707  -0.03244268  0.04450885  0.41082117  0.13899769
  -0.32620883  0.21224651 -0.53168835  0.001142   -0.29519291  0.30913347]
 [ 0.14507592 -0.34602064 -0.2567475  -0.04676771  0.44767456  0.17712502
  -0.360009    0.19693917  0.51260126  0.82240186 -0.94067949  0.41320622]
 [ 0.05788305  0.15919454  0.44154464 -0.30530541 -0.51720491  0.47778813
   0.62824313 -0.34073602 -0.84157646 -0.39843238 -0.86859906  0.27727105]
 [ 0.23736409  0.08371781  0.52976101 -0.27200213 -0.4520278   0.46663051
   0.50424418 -0.34853493  0.14900178  0.48196469  0.34288911  0.6981794 ]
 [ 0.25560874  0.32560595 -0.07190902  0.24824895  0.0234462  -0.54894682
  -0.38267549 -0.21317872  0.78957248  0.07276119 -0.4811775  -0.40609358]
 [ 0.20272488 -0.60375549  0.76619962 -0.53168835  0.51260126 -0.84157646
   0.14900178  0.78957248 -0.00538618 -0.39926349  0.58315265 -0.97033366]
 [-0.72827295 -0.84600558 -0.72124108  0.001142    0.82240186 -0.39843238
   0.48196469  0.07276119 -0.14747899 -0.60196325  0.79220339  0.71713172]
 [ 0.9992678   0.39255407 -0.77832973 -0.29519291 -0.94067949 -0.86859906
   0.34288911 -0.4811775   0.08753657 -0.62199881 -0.31103674 -0.66009939]
 [ 0.94129864  0.16233626  0.45456613  0.30913347  0.41320622  0.27727105
   0.6981794  -0.40609358 -0.78512776 -0.21068822 -0.69774771  0.65722948]]

[[ 0.39791354 -0.12195231 -0.31735493 -0.21664969  0.24746188  0.1872707
  -0.36863856 -0.1234915  -0.06051931  0.12740136  0.5173602  -0.3961815 ]
 [ 0.39731428 -0.6050475   0.60280081 -0.07790261 -0.15043921  0.19134332
   0.01951731  0.26417945 -0.97607244  0.38836494 -0.58428103 -0.74482157]
 [-0.14543463 -0.48036309  0.1147443   0.00684462 -0.24767989 -0.28682712
   0.0039371   0.53850239  0.15964477  0.13253708  0.03092098  0.9936188 ]
 [ 0.34042221 -0.15767207  1.01462449  0.24595069 -0.234934    0.02784252
   0.22312169 -0.02990373  0.94181429 -0.07157745 -0.40798455  0.90363186]
 [ 0.3646936   0.01312466  1.06686192  0.62108398  0.25666932 -0.05539344
  -0.02837779 -0.11754099 -0.89660697  0.64365353 -0.03394361  0.28782415]
 [-0.44992458 -0.2948295  -0.33523257  0.30751098  0.36267052 -0.42486177
  -0.30400958  0.60368971 -0.96045554 -0.79030352 -0.21530037 -0.65477858]
 [-0.59065566 -0.34813518 -0.37482155 -0.05251079 -0.18835691 -0.33558609
   0.07033552  0.63972721 -0.5643412   0.80811996 -0.609567    0.11310672]
 [-0.34296024  0.64320146 -0.16800709  0.11432926 -0.08507457 -0.11987362
   0.24337169 -0.35297508 -0.11786371 -0.56140239 -0.58046041  0.2865521 ]
 [-0.06051931 -0.97607244  0.15964477  0.94181429 -0.89660697 -0.96045554
  -0.5643412  -0.11786371 -0.58898088  0.63122579  0.67763867  0.8685768 ]
 [ 0.12740136  0.38836494  0.13253708 -0.07157745  0.64365353 -0.79030352
   0.80811996 -0.56140239  0.30245551 -0.69006984 -0.09127882 -0.14235674]
 [ 0.5173602  -0.58428103  0.03092098 -0.40798455 -0.03394361 -0.21530037
  -0.609567   -0.58046041 -0.78850779 -0.98976866 -0.2393324   0.56911221]
 [-0.3961815  -0.74482157  0.9936188   0.90363186  0.28782415 -0.65477858
   0.11310672  0.2865521  -0.3037606   0.39536399 -0.49118117  0.8679527 ]]
