A: 
[[ 0.11132198 -0.11085237 -0.04389368  0.46973213  0.47034497  1.40911937
  -0.32590686  0.73563986 -0.83886902 -0.83561602 -0.81715359  0.83058182]
 [ 0.32428148  0.00685077  0.26800521  0.40234806  0.41036159  0.45139839
  -0.00662475  0.08184038 -0.18336586 -0.1773279  -0.71782339  0.20452051]
 [ 0.36108056 -0.33215043 -0.19121481 -0.53407685 -0.23754144  0.17255692
  -0.56724097 -0.08492406  0.50949952 -0.7354916  -0.85086657 -0.84765519]
 [ 0.31724168  0.43145628  0.5962629   0.51678876  0.38485299  0.21479471
   0.40076906 -0.68939374  0.19962869  0.51858455  0.37850551 -0.16080201]
 [-0.43279284  0.06144645 -0.45132172 -0.41023509 -0.53174288  0.52360381
  -0.34586071 -0.25545788 -0.97212933  0.54615883  0.43849431 -0.90834466]
 [-0.18775711 -0.06171662 -0.00001398  0.5144044   0.01489437 -0.32812936
  -0.01291922 -0.38639042  0.63791459 -0.11241775 -0.1196087  -0.63139774]
 [-0.38139964  0.13309968 -0.19387048 -0.27415919 -0.20904666 -0.11116111
   0.19242231  0.27874037  0.9650545   0.22956488 -0.86739466 -0.85597583]
 [ 0.00050793 -0.47261327 -0.10133955  0.41202025  0.17381514 -0.70346687
  -0.13947071  0.39407562 -0.11060342  0.64913297 -0.45044427 -0.4033913 ]
 [-0.20674132 -0.10045519 -0.0472577   0.00146602 -0.06365463 -0.97901716
   0.27173105  0.20291654  0.90687051 -0.33048079  0.16202597  0.95063614]
 [-0.24754825  0.45556137 -0.07947146 -0.17656011 -0.03123261  1.41390111
   0.03879951  0.16426635 -0.1029287  -0.25573187 -0.11474014  0.33401376]] 
x segnato:[[-0.11745403]
 [-0.40658533]
 [ 0.80665132]
 [ 0.89600781]
 [-0.06193362]
 [-0.39970146]
 [-0.26860698]
 [-0.45483096]
 [ 0.        ]
 [ 0.        ]
 [ 0.        ]
 [ 0.        ]]
Matrici Hi 

[[-0.26049929  0.54526409  0.26168209  0.16975518  0.11929798  0.07997899
   0.62982213 -0.11163311 -0.94791729  0.57687574  0.05167259 -0.93432147]
 [-0.49257999  0.23666243 -0.13233547 -0.02719759 -0.193357   -0.15338091
   0.28254071  0.0035399   0.74908809  0.31185177 -0.83669582  0.71550378]
 [-0.32380758  0.5658434   0.19641488 -0.08084571 -0.0393445  -0.13554207
   0.67281409 -0.13229405 -0.79964986  0.55514598  0.93940757 -0.11315989]
 [ 0.87424506 -0.05689833  0.4653018  -0.55640597  0.17283662 -0.61713287
   0.16042815 -0.08394004  0.67636532  0.23457882  0.67539414 -0.14622357]
 [ 0.15811034  0.40179187  0.38979992 -0.08543199  0.10886234 -0.20765709
   0.50478611 -0.30868833  0.32939091 -0.72298658 -0.0100621  -0.80309009]
 [ 0.28729333 -0.28379054  0.12817796  0.26437997  0.19381947 -0.5011479
  -0.08828655 -0.01568406  0.38922985  0.15614085  0.88080659  0.55584443]
 [-0.56075301  0.5055604  -0.03381728 -0.09333394 -0.23745441 -0.00356988
   0.47717888 -0.22165036 -0.95510193  0.2058151  -0.94914341 -0.56533902]
 [ 0.17408372  0.06009625  0.17096383  0.37246108  0.10279207  0.34473451
  -0.15218875 -0.61170809  0.65305661  0.59551631  0.48901618 -0.39716359]
 [-0.94791729  0.74908809 -0.79964986  0.67636532  0.32939091  0.38922985
  -0.95510193  0.65305661  0.12381893  0.20679307 -0.88683824 -0.63852179]
 [ 0.57687574  0.31185177  0.55514598  0.23457882 -0.72298658  0.15614085
   0.2058151   0.59551631 -0.04585109  0.52414057 -0.19298062 -0.03433021]
 [ 0.05167259 -0.83669582  0.93940757  0.67539414 -0.0100621   0.88080659
  -0.94914341  0.48901618 -0.70598561  0.57145648  0.91959527  0.15610102]
 [-0.93432147  0.71550378 -0.11315989 -0.14622357 -0.80309009  0.55584443
  -0.56533902 -0.39716359  0.83564872 -0.74513555  0.13157565  0.20395575]]

[[-0.02028256 -0.25894798 -0.08494402  0.85033458  0.31757907  0.79196688
  -0.4593265   0.03964446  0.58550928 -0.51555476 -0.92978969 -0.09172424]
 [ 0.42622875 -0.22799664  0.13991309 -0.0606494   0.10046686 -0.33500249
  -0.14048471 -0.08144808 -0.21179242 -0.55690007 -0.89313397 -0.40507238]
 [ 0.44352945 -0.21179327  0.19520062  0.4308513   0.31568883  0.31082351
  -0.30301581 -0.19763978 -0.39117247  0.60786901  0.6858706  -0.42314418]
 [ 0.75565889  0.1059846   0.48649364 -0.08014972  0.18716654  0.12893918
  -0.04216565 -0.71676626  0.05916091  0.26070196  0.80923679  0.5668521 ]
 [ 0.44490054  0.15213571  0.3419615   0.20495136  0.22216558  0.55832184
  -0.08268272 -0.54793236  0.28346534 -0.83826549 -0.13626939  0.74153512]
 [ 0.34742909 -0.2155896   0.03971856  0.13088779  0.01183762  0.2213522
  -0.43918477 -0.4825649  -0.9968618   0.38440577  0.70794145 -0.32319576]
 [ 0.46736858  0.08801195  0.32680698 -0.21323557  0.1181759  -0.18988097
   0.14218341 -0.22979463  0.98747252 -0.66587557  0.92368055  0.30678165]
 [-0.28935717  0.98987955  0.25006574 -0.62401028 -0.28412206  0.54800604
   0.7335271  -0.53826516 -0.02992914 -0.25920782  0.0733859   0.09790491]
 [ 0.58550928 -0.21179242 -0.39117247  0.05916091  0.28346534 -0.9968618
   0.98747252 -0.02992914  0.94628159 -0.81674222 -0.13550128 -0.68961661]
 [-0.51555476 -0.55690007  0.60786901  0.26070196 -0.83826549  0.38440577
  -0.66587557 -0.25920782  0.12799892  0.61049874 -0.03392616 -0.60213783]
 [-0.92978969 -0.89313397  0.6858706   0.80923679 -0.13626939  0.70794145
   0.92368055  0.0733859  -0.84916279  0.51635471  0.22799633  0.3180829 ]
 [-0.09172424 -0.40507238 -0.42314418  0.5668521   0.74153512 -0.32319576
   0.30678165  0.09790491  0.60491886  0.85744025  0.64184938 -0.42593311]]

[[ 0.71924764  0.25826047  0.49486494 -0.75053222  0.15549188 -0.23285032
   0.41537532  0.08040683  0.33629837 -0.90471413 -0.37798737 -0.57959273]
 [-0.17382176 -0.06220626 -0.10917164  0.54950264  0.08016052  0.59015959
  -0.28764949 -0.19660532  0.2763973   0.6907501   0.0815062  -0.15663722]
 [ 0.26648738 -0.14804066  0.00505297 -0.25388976  0.01564288 -0.00079422
  -0.14409985  0.16587767  0.79300532 -0.09802387  0.66033396  0.6036718 ]
 [-0.30397615 -0.66429311 -0.63953497 -0.20470275 -0.43752979 -0.61114532
  -0.62628375  0.27285471  0.21679866 -0.08350955  0.43664314 -0.58611183]
 [ 0.24754876 -0.20807226 -0.0702506  -0.55761872 -0.16276232 -0.43728733
  -0.11663292  0.1726317  -0.99015906  0.50829463  0.90861413  0.25492466]
 [ 0.03656311  0.59450494  0.43597763  0.41913516  0.08120022  0.47042259
   0.30422072 -1.14766275 -0.99743231  0.93707896  0.01477175 -0.68947777]
 [-0.11841647 -0.36132487 -0.31551237  0.16694581 -0.03950237  0.22474492
  -0.44799971  0.27539003  0.19797081 -0.58613559  0.22985198 -0.49762383]
 [ 0.20333693  0.08915778  0.10591883 -0.70664656 -0.16340414 -0.63969556
   0.28564061  0.10440144 -0.41955562 -0.39659994 -0.12397192 -0.45652524]
 [ 0.33629837  0.2763973   0.79300532  0.21679866 -0.99015906 -0.99743231
   0.19797081 -0.41955562  0.23346093  0.94478426  0.01098877 -0.93486156]
 [-0.90471413  0.6907501  -0.09802387 -0.08350955  0.50829463  0.93707896
  -0.58613559 -0.39659994 -0.35015236 -0.21908602  0.79399698  0.00639065]
 [-0.37798737  0.0815062   0.66033396  0.43664314  0.90861413  0.01477175
   0.22985198 -0.12397192 -0.32052933  0.67608114  0.84289117  0.5812307 ]
 [-0.57959273 -0.15663722  0.6036718  -0.58611183  0.25492466 -0.68947777
  -0.49762383 -0.45652524 -0.05476721 -0.02289106 -0.9395918  -0.65908698]]

[[-0.19541229  0.268233    0.0467739   0.00533281 -0.01100302  0.15766102
   0.25169417 -0.01898103  0.66621778 -0.55692736 -0.45247114  0.36477505]
 [-0.06137561 -0.21077739 -0.09490294  0.57545646  0.07743795  0.26958271
  -0.36475654 -0.28280078 -0.68275595  0.41856467 -0.14329844 -0.53130322]
 [ 0.00699529 -0.06169691 -0.03726269  0.19216917  0.03490496  0.28052342
  -0.1827498  -0.10967259 -0.90215865  0.72609652  0.91097449 -0.81966417]
 [ 0.33416635 -0.59373327 -0.23578133 -0.16684475 -0.19643288 -0.30043386
  -0.70171466 -0.2086746   0.24912106  0.65653183 -0.97013727  0.64131257]
 [-0.20893586 -0.09053495 -0.1695662   0.21208483 -0.11718034  0.06919318
  -0.20353356 -0.21151743  0.1098446  -0.82283911 -0.0754845  -0.8234994 ]
 [-0.92018283 -0.37801889 -0.51365154  1.38539225 -0.32389269 -0.37691779
  -0.59326187 -1.13387946  0.46803287  0.7297859  -0.87463518  0.46804558]
 [ 0.03589781 -0.06628324 -0.01572758  0.29054855  0.13481686  0.47381357
  -0.19943287  0.00877815  0.76673592  0.61653696 -0.89890457 -0.82222626]
 [-0.81173668  0.41821879 -0.14818034  0.30291508 -0.14614931  0.0527789
   0.44326745 -0.02677856 -0.44174661 -0.53060718  0.48435405 -0.41129624]
 [ 0.66621778 -0.68275595 -0.90215865  0.24912106  0.1098446   0.46803287
   0.76673592 -0.44174661  0.78226861  0.43950803  0.92325125  0.85795651]
 [-0.55692736  0.41856467  0.72609652  0.65653183 -0.82283911  0.7297859
   0.61653696 -0.53060718  0.95577773  0.43680245 -0.98627284  0.8757356 ]
 [-0.45247114 -0.14329844  0.91097449 -0.97013727 -0.0754845  -0.87463518
  -0.89890457  0.48435405 -0.5221258  -0.25122348 -0.41747686 -0.40519935]
 [ 0.36477505 -0.53130322 -0.81966417  0.64131257 -0.8234994   0.46804558
  -0.82222626 -0.41129624  0.29893752 -0.05069361  0.16853235 -0.47522641]]

[[-0.40971367  0.34432587  0.16272269  0.84978062  0.28389301  0.33979165
   0.36443906 -0.15840936  0.2343508  -0.90984552  0.96961015  0.78963938]
 [ 0.06344193 -0.07079386  0.03235253  0.34135845  0.01345779  0.12902231
  -0.22802223 -0.50274438  0.54947127  0.66233201 -0.92795288 -0.55809863]
 [-0.0272542   0.18314124  0.18402158  0.4793664   0.09095623  0.17846342
   0.05177449 -0.63161572 -0.9962883  -0.46396496  0.36504512 -0.3050638 ]
 [ 0.55519055  0.40425493  0.47027053 -0.69716649 -0.11464754 -0.31367474
   0.36022981 -0.71603087  0.61666419  0.7313585  -0.32079536 -0.08401207]
 [ 0.0085738   0.37008156  0.21914216 -0.07706912 -0.03431476  0.07119332
   0.2957942  -0.4371799  -0.4956976   0.05263876  0.13921695 -0.26207249]
 [-0.36099723  0.69972844  0.36383648  0.48153171  0.30930898  0.34263315
   0.8045056  -0.01989096 -0.92706114  0.43230949  0.99634832  0.98117968]
 [ 0.18055323 -0.21132232 -0.09657252 -0.0551149  -0.20640787  0.0291068
  -0.45626399 -0.5848566  -0.47354829 -0.47320242  0.36141359  0.52724588]
 [-0.24408514  0.03654371 -0.36025241 -0.96692524 -0.40000717 -0.00552429
   0.04489723  0.67249889 -0.55381595  0.37089757 -0.11437389  0.61898186]
 [ 0.2343508   0.54947127 -0.9962883   0.61666419 -0.4956976  -0.92706114
  -0.47354829 -0.55381595  0.2296764   0.711484    0.98570238 -0.93436417]
 [-0.90984552  0.66233201 -0.46396496  0.7313585   0.05263876  0.43230949
  -0.47320242  0.37089757  0.86393005  0.39759689  0.17430254  0.4457941 ]
 [ 0.96961015 -0.92795288  0.36504512 -0.32079536  0.13921695  0.99634832
   0.36141359 -0.11437389 -0.98273269  0.03692256  0.23546945  0.38155188]
 [ 0.78963938 -0.55809863 -0.3050638  -0.08401207 -0.26207249  0.98117968
   0.52724588  0.61898186  0.2152503   0.98439607  0.32645219  0.23400581]]

[[-0.48563477 -0.12349378 -0.30260909  0.75105889  0.00074173  0.60981517
  -0.36651447 -0.1423893   0.94832699  0.91515351  0.53920595 -0.1355675 ]
 [-0.04765248 -0.12143559 -0.00013418  0.07093645  0.31252481 -0.21677585
   0.26787741  1.0380638   0.87656163  0.61119266  0.24598163 -0.59289729]
 [-0.39166641 -0.24427828 -0.34668918  0.25257739  0.02069464  0.13578176
  -0.17103076  0.64034385 -0.36191419  0.67435179  0.37250399 -0.30791611]
 [-0.47068319 -0.19397691 -0.59116161 -0.6730411  -0.60675646 -0.23588442
  -0.28587331  0.24003197  0.09479427  0.47039399  0.31681789 -0.1033437 ]
 [-0.17832321 -0.32397845 -0.33084389  0.02487666 -0.137257   -0.02804277
  -0.35286503  0.2400308   0.47602466  0.4105672   0.46968006 -0.92518082]
 [-0.16625659 -0.01650853  0.06929906  0.60290706  0.34789811  0.03785885
   0.18812584  0.41326266 -0.01569535  0.17108171 -0.93749214 -0.66231179]
 [ 0.18182589 -0.30965791 -0.04144687 -0.21017427  0.21588295 -0.40415968
   0.06663209  1.00592763 -0.45707092 -0.43852403  0.40215186 -0.78386119]
 [ 1.06663256 -0.31629885  0.4458032  -0.19589766  0.1808272  -0.4917581
  -0.29878751 -0.6258081  -0.35501669  0.64307152 -0.38543862 -0.63867351]
 [ 0.94832699  0.87656163 -0.36191419  0.09479427  0.47602466 -0.01569535
  -0.45707092 -0.35501669  0.46150882  0.96513984  0.21633916 -0.55855253]
 [ 0.91515351  0.61119266  0.67435179  0.47039399  0.4105672   0.17108171
  -0.43852403  0.64307152  0.41514603  0.66257862  0.95818762 -0.87904227]
 [ 0.53920595  0.24598163  0.37250399  0.31681789  0.46968006 -0.93749214
   0.40215186 -0.38543862  0.58204603 -0.76089973  0.07660187  0.23012378]
 [-0.1355675  -0.59289729 -0.30791611 -0.1033437  -0.92518082 -0.66231179
  -0.78386119 -0.63867351 -0.10579042 -0.945433   -0.55364281 -0.95011881]]

[[ 0.22327272 -0.08002774  0.28342539  0.52690638  0.22734335 -0.51068679
   0.07444466 -0.45967962 -0.64680296  0.08002123  0.9165694  -0.87420424]
 [-0.3579003  -0.17784622 -0.37113691  0.25658147 -0.14652477  0.50575061
  -0.41837639  0.02369079 -0.91405836 -0.16392885 -0.63161789  0.48999102]
 [-0.13172972 -0.20022928  0.01101044  0.75195213  0.12342575 -0.38492207
  -0.10873021 -0.36292381 -0.88258025 -0.26552878  0.78039321 -0.83504877]
 [-0.11450529  0.05893585  0.16359601  0.33153909  0.05051074 -0.79702211
   0.32284227 -0.30157196  0.54872148 -0.42374942 -0.96087787  0.16654269]
 [ 0.11744367 -0.06972757  0.25277431  0.43788773  0.22536095 -0.75862224
   0.23850559 -0.17895528  0.75054855 -0.54916747  0.57054806 -0.52190927]
 [ 0.12787609  0.23906089 -0.15773474 -1.00342987 -0.29084699  1.00996124
  -0.15791795  0.25964581 -0.57042881 -0.63625789 -0.01773434  0.68235768]
 [-0.30547035 -0.29856936 -0.19655531  0.69608792  0.08338671 -0.18482154
  -0.21987796  0.03310198  0.94497848  0.98755409  0.78234828  0.52813871]
 [ 0.59072189  0.0677101   0.4561903  -0.48380836  0.36464685 -0.6992286
   0.57830025  0.70525008 -0.41889564 -0.42063399 -0.21041488 -0.84596796]
 [-0.64680296 -0.91405836 -0.88258025  0.54872148  0.75054855 -0.57042881
   0.94497848 -0.41889564  0.77961883 -0.17499002 -0.7596739  -0.02773309]
 [ 0.08002123 -0.16392885 -0.26552878 -0.42374942 -0.54916747 -0.63625789
   0.98755409 -0.42063399  0.63060162 -0.17765313 -0.02242523 -0.85130885]
 [ 0.9165694  -0.63161789  0.78039321 -0.96087787  0.57054806 -0.01773434
   0.78234828 -0.21041488 -0.06745238  0.1809774   0.79514534 -0.37664922]
 [-0.87420424  0.48999102 -0.83504877  0.16654269 -0.52190927  0.68235768
   0.52813871 -0.84596796 -0.9414088  -0.74722917 -0.34133362 -0.72593783]]

[[ 0.16586842 -0.12298765  0.06288633 -0.28440809 -0.05206472 -0.77938595
   0.13448191  0.09049382  0.88843046  0.58242683 -0.69418736  0.15938695]
 [ 0.08168481  0.13130687  0.05130788  0.23724979  0.03059721  0.87286998
  -0.26417972 -0.50559357 -0.53684452 -0.68701851 -0.36021209  0.77874952]
 [ 0.24756261 -0.03043054  0.14224543  0.03886896  0.09189579 -0.01461902
  -0.04321216 -0.17032911  0.62919487 -0.04637494  0.71954819 -0.11164379]
 [ 0.47008937 -0.13126558  0.26605938 -0.21239953  0.15373448 -0.70503569
   0.15825652  0.0944774  -0.21717358 -0.45590558 -0.1786082  -0.98989149]
 [ 0.36392017 -0.09230083  0.22219341 -0.07708853  0.18746681 -0.41638976
   0.12498104  0.14179784 -0.92036758 -0.84885339  0.30971367 -0.2129345 ]
 [ 0.36031624  0.05875752  0.11943719 -0.60924101 -0.24020313 -0.27218581
  -0.03813863 -0.47938546  0.0946564   0.66500194 -0.96414211 -0.43898748]
 [ 0.08907516  0.09773548  0.11268693  0.53135354  0.26690714  1.00623635
  -0.20582213 -0.21502467 -0.22283971  0.8173319   0.23834799  0.76229942]
 [ 0.00967864 -0.01712374  0.09422275  0.24986037  0.35696638  0.10113952
   0.2150596   0.69530432 -0.92487703 -0.40438601 -0.75797795  0.70148237]
 [ 0.88843046 -0.53684452  0.62919487 -0.21717358 -0.92036758  0.0946564
  -0.22283971 -0.92487703  0.4117266  -0.76932477  0.32211077  0.38393877]
 [ 0.58242683 -0.68701851 -0.04637494 -0.45590558 -0.84885339  0.66500194
   0.8173319  -0.40438601  0.40053007 -0.01377471 -0.79096955 -0.0981363 ]
 [-0.69418736 -0.36021209  0.71954819 -0.1786082   0.30971367 -0.96414211
   0.23834799 -0.75797795  0.87196283 -0.3840967   0.8044382   0.35959734]
 [ 0.15938695  0.77874952 -0.11164379 -0.98989149 -0.2129345  -0.43898748
   0.76229942  0.70148237 -0.81009438 -0.04860244 -0.97412949  0.76838561]]

[[ 0.07683078 -0.41073709 -0.32553714 -0.45915339 -0.41636146 -0.47029699
  -0.4979927  -0.21004705  0.23572613 -0.37258142  0.63082138  0.29436473]
 [-0.33492303 -0.0269696  -0.22656548  0.26307187 -0.06752795  0.40315341
  -0.18067698  0.022276    0.57409846  0.63457533 -0.8312856  -0.50844456]
 [-0.15229234 -0.04278396 -0.09834397  0.13133495 -0.06628967 -0.01888432
  -0.07725229 -0.09394402 -0.48467259  0.44652804 -0.78876997 -0.62753452]
 [-0.06679445  0.67791572  0.73201076  0.75051074  0.72315222 -0.28114221
   1.20550361  0.28149248 -0.51195395 -0.34778387 -0.48686954  0.55562733]
 [-0.18520084  0.08355392  0.03470166  0.21707492  0.10739773 -0.13759119
   0.23365867  0.18907994 -0.66603646 -0.23977805 -0.63349406 -0.30551006]
 [-0.51813402 -0.41680624 -0.62213937 -0.20516381 -0.37394326 -0.32429617
  -0.35650488  0.55366672 -0.33797865 -0.56528908 -0.85437262  0.18022631]
 [-0.31055522  0.15367458 -0.05271337  0.46756868  0.11343494  0.61748409
   0.00971725  0.00583952 -0.13360594  0.2411163   0.52308379  0.17712518]
 [-0.22061847 -0.10361096 -0.25532215 -0.06539993 -0.04065679  0.31410294
  -0.13478917  0.50396474  0.99450668 -0.06022528 -0.60264323  0.6445435 ]
 [ 0.23572613  0.57409846 -0.48467259 -0.51195395 -0.66603646 -0.33797865
  -0.13360594  0.99450668 -0.00703382 -0.52362881 -0.15099133  0.80793249]
 [-0.37258142  0.63457533  0.44652804 -0.34778387 -0.23977805 -0.56528908
   0.2411163  -0.06022528 -0.03064721 -0.99287747  0.38658674 -0.77485637]
 [ 0.63082138 -0.8312856  -0.78876997 -0.48686954 -0.63349406 -0.85437262
   0.52308379 -0.60264323  0.43575884 -0.79489577 -0.74008482 -0.66856994]
 [ 0.29436473 -0.50844456 -0.62753452  0.55562733 -0.30551006  0.18022631
   0.17712518  0.6445435   0.43163065  0.87010703  0.36041509 -0.62629565]]

[[ 0.3976046   0.25278232  0.1227824  -0.93070245 -0.15502611  0.43916725
   0.05671126  0.03445037  0.4843589  -0.43382919 -0.94286035  0.56740668]
 [-0.0229327  -0.32433102 -0.20938255  0.38218172  0.0377264   0.38941761
  -0.50240141 -0.02129848  0.70816252 -0.77170547  0.86104902  0.46093839]
 [ 0.20470223  0.09255292  0.04677654 -0.25685471 -0.04175417  0.48878613
  -0.12918417 -0.14775766  0.34582986 -0.72040443  0.6360579  -0.93462328]
 [-0.07943921  0.28960096  0.25668839  0.03264186 -0.11884531 -0.85015323
   0.46389129 -0.68663313 -0.19539256 -0.37873956  0.07157279  0.02123519]
 [ 0.0981508   0.39230999  0.17872914 -0.52044711 -0.16504449  0.06377505
   0.29436192 -0.32045595 -0.97030672 -0.50186625 -0.03554451  0.23186502]
 [ 0.01588534 -0.27353912 -0.25337497 -0.64128851 -0.48570559 -0.88130307
  -0.21685153 -0.22846665  0.60893569 -0.30891039 -0.62294212  0.46789449]
 [-0.06354257 -0.00513364 -0.05492771  0.42073894  0.14188547  0.81353515
  -0.25766281 -0.05012079 -0.29277224 -0.33529398  0.9789643   0.62446019]
 [-0.22967789  0.66612079  0.16073749 -0.53872249 -0.13017859  0.22825656
   0.65341359  0.05405681 -0.15142434 -0.21662216 -0.31256783  0.9507945 ]
 [ 0.4843589   0.70816252  0.34582986 -0.19539256 -0.97030672  0.60893569
  -0.29277224 -0.15142434  0.487433   -0.3582338  -0.22621698 -0.54531584]
 [-0.43382919 -0.77170547 -0.72040443 -0.37873956 -0.50186625 -0.30891039
  -0.33529398 -0.21662216  0.80388713  0.09503643 -0.88662804  0.53990972]
 [-0.94286035  0.86104902  0.6360579   0.07157279 -0.03554451 -0.62294212
   0.9789643  -0.31256783 -0.49543882  0.14454522  0.6279873  -0.03004114]
 [ 0.56740668  0.46093839 -0.93462328  0.02123519  0.23186502  0.46789449
   0.62446019  0.9507945  -0.87797736 -0.07819146  0.55943005 -0.32967333]]
