A: 
[[ 0.4924717   0.12936205 -0.23284259 -0.04340848  0.31330918 -0.71989975
   0.42614259 -0.62588968 -0.34603709 -0.67658706 -0.43737344 -0.20443578]
 [-0.52505883  0.53717495  0.05308249 -0.52937936 -0.40759313  0.87089267
   0.17429927  0.52413787 -0.5176695  -0.73711285 -0.60141592  0.63338955]
 [ 0.4062711   0.29822132 -0.37934808  0.99853606  0.56468452 -0.07805646
   0.00180145  0.01409288  0.87656727  0.77396172 -0.28285233  0.07702655]
 [ 0.17191049 -0.55600989 -0.0283728  -0.0350946   0.26777561 -0.87504605
  -0.11118617 -0.80950221  0.50333807 -0.10186858 -0.81636683  0.13082742]
 [-0.50961567 -0.69711726 -0.77127518 -0.42463261  0.51079624  0.02528769
  -0.26982247 -0.75305109 -0.38753272 -0.96502225  0.72264329  0.35248186]
 [-0.87583694  0.47752273  0.20678167 -0.00325103 -0.08231926  0.2494955
  -0.21426889 -0.27010258  0.67618302  0.67407899 -0.61758001  0.39539048]
 [ 0.5846185  -0.58134295 -0.18033118  0.02139256  0.23131515 -0.5875727
   0.04444761 -0.28243137  0.623067    0.55779681 -0.84651225  0.84176329]
 [ 0.49404005  0.09270732  0.68237038 -0.36633938 -0.74201462  0.0897447
   0.28775109  0.82422034 -0.16409586 -0.13626621  0.68085633  0.65648988]
 [-0.78563662 -0.15515028  0.4283515  -0.10097223 -0.39132332  0.52943523
  -0.53407298  0.31732296 -0.4686638   0.93511913  0.24660357  0.45002712]
 [-0.39184722 -0.20186561  0.05729154  0.22807658 -0.10265188  0.60603543
  -0.45105075  0.4863722  -0.84110927 -0.94105985  0.68372685  0.60556219]] 
x segnato:[[ 0.08038376]
 [-0.38070437]
 [ 0.86005635]
 [ 0.54493536]
 [-0.62196016]
 [-0.84571469]
 [ 0.94311133]
 [ 0.7635899 ]
 [ 0.        ]
 [ 0.        ]
 [ 0.        ]
 [ 0.        ]]
Matrici Hi 

[[ 0.12884468 -0.42335361 -0.24764341 -0.17910396  0.17711946 -0.22979743
  -0.01678239 -0.28115082 -0.54820392  0.18630496 -0.81525625  0.02447476]
 [ 0.35317762 -0.23228172 -0.11344862 -0.23166384 -0.24238935  0.5651811
   0.10831136  0.82172648  0.28934974  0.90258697  0.96533747 -0.99548558]
 [ 0.43006922  0.15571896  0.88416076 -0.59682574 -0.82459366 -0.30401509
   0.38615468  0.43333172  0.61815461 -0.2841096   0.31099342  0.09875866]
 [-0.11038669  0.00054085 -0.0733974  -0.21110282 -0.18927884  0.58317775
  -0.00063504  0.51255597 -0.36510902  0.44336072  0.66713766  0.23337228]
 [-0.31699557 -0.02175444 -0.34774742  0.3371215   0.33187672  0.27540435
  -0.25709469 -0.09549575  0.73987836  0.06166816  0.71513632 -0.61211408]
 [-0.17723618 -0.06385421 -0.87272544  0.20197548  0.56068988  0.55313436
  -0.07942466 -0.0161779  -0.87983525 -0.92467915  0.91671031 -0.07598178]
 [ 0.2231078  -0.34184665 -0.23612993 -0.01496306  0.14550384 -0.04749475
  -0.01963492  0.00076282 -0.68852711 -0.61483191 -0.90703209  0.97998385]
 [ 0.10145061 -0.2428983  -0.5994501  -0.25625534  0.25929987  0.25019433
   0.12325838 -0.00920254 -0.84704101  0.99495733  0.98552874  0.12201226]
 [-0.54820392  0.28934974  0.61815461 -0.36510902  0.73987836 -0.87983525
  -0.68852711 -0.84704101 -0.88875549 -0.47183987  0.51749101  0.71178075]
 [ 0.18630496  0.90258697 -0.2841096   0.44336072  0.06166816 -0.92467915
  -0.61483191  0.99495733 -0.31740338 -0.52725189 -0.20501404 -0.23044133]
 [-0.81525625  0.96533747  0.31099342  0.66713766  0.71513632  0.91671031
  -0.90703209  0.98552874  0.00210978  0.33297366 -0.04507768  0.82523065]
 [ 0.02447476 -0.99548558  0.09875866  0.23337228 -0.61211408 -0.07598178
   0.97998385  0.12201226 -0.30358723 -0.55986695  0.13016967  0.9076584 ]]

[[ 0.64373704 -0.65538947  0.11543259  0.10928385 -0.09875053 -0.20208273
  -0.09928802  0.39148597  0.58946869 -0.56720234 -0.65102407 -0.7729068 ]
 [-1.00944996  0.46247969  0.57423202 -0.15765804 -0.2722007  -0.08184594
  -0.25991074 -0.52080689  0.84137956 -0.41980128 -0.39962737 -0.57654211]
 [-0.45249164  0.22858337  0.18871786 -0.19452546 -0.08068132 -0.12870144
  -0.03049259 -0.39284162 -0.58275546  0.74120519  0.41659812 -0.7288958 ]
 [-0.67443891  0.24243153 -0.03204431 -0.2778294   0.12648775 -0.22361724
  -0.03718194 -0.80069775 -0.44690767 -0.13651661 -0.07548689  0.16447246]
 [ 0.05624772  0.10948636 -0.15740709 -0.0746604   0.10110749 -0.05328338
   0.15132767 -0.13820224 -0.78748745 -0.59500224 -0.00211468  0.05358856]
 [-0.17505062 -0.25010057 -0.03040235  0.32597064  0.04747252  0.33240031
  -0.37545201  0.2925771   0.45114128  0.78007914  0.89046201 -0.38095098]
 [ 0.15756383 -0.18294499  0.33405815  0.0934911  -0.23069758 -0.04641013
  -0.1254234   0.29677954 -0.77102736  0.87373334  0.55634909 -0.29785119]
 [ 0.04753717 -0.63842791  0.08618225  0.31817845 -0.01938133  0.14221657
  -0.47943208  0.35716873 -0.58640918 -0.1190336  -0.02308738  0.66678771]
 [ 0.58946869  0.84137956 -0.58275546 -0.44690767 -0.78748745  0.45114128
  -0.77102736 -0.58640918  0.55634837 -0.09645628 -0.92834452  0.2525182 ]
 [-0.56720234 -0.41980128  0.74120519 -0.13651661 -0.59500224  0.78007914
   0.87373334 -0.1190336  -0.68624109  0.17565975 -0.0654971   0.45736031]
 [-0.65102407 -0.39962737  0.41659812 -0.07548689 -0.00211468  0.89046201
   0.55634909 -0.02308738  0.66040672 -0.31598317 -0.97466461  0.35153362]
 [-0.7729068  -0.57654211 -0.7288958   0.16447246  0.05358856 -0.38095098
  -0.29785119  0.66678771  0.78933241 -0.44132739  0.78438332 -0.55409042]]

[[ 0.47952107 -0.10036711  0.11692473  0.10801212  0.12711441 -0.78972607
   0.17221719 -0.45428681  0.1365815   0.20219178  0.09687927 -0.13982728]
 [-0.27661623  0.33553387  0.14396389  0.45053324  0.24089851 -0.45245943
  -0.12838765 -0.61653686 -0.66920992 -0.53293136  0.21241063  0.75327229]
 [ 0.63377322 -0.87242321 -0.73818029  0.16163519  0.4545018   0.09375805
  -0.09860527  0.2225108   0.85282707 -0.3644043   0.88594067 -0.10975158]
 [ 0.52861674  0.35827248  0.02458084 -0.27480254  0.06042281 -0.77669229
   0.61570048 -0.5556386  -0.43378965  0.63098594  0.16184553 -0.70819821]
 [-0.2217306   0.8988877   0.37041542 -0.16340198 -0.20818406 -0.23008133
   0.38826653 -0.31640759 -0.92852511 -0.58624284  0.10330172 -0.50110485]
 [-0.48563919 -0.34368104  0.49994445 -0.18829018 -0.39210802  0.12603187
  -0.43480225  0.13637314  0.5905378   0.24841095 -0.40140213 -0.10967337]
 [-0.23002303  0.18317408  0.21869614  0.3888393   0.10590986 -0.30122898
  -0.18982163 -0.35377396 -0.00261576 -0.16458037 -0.77464168 -0.34230389]
 [ 0.26602324 -1.00594982  0.1711426  -0.11845482 -0.09600404 -0.36618511
  -0.35619142  0.00149328 -0.24510088  0.91750512 -0.38367817  0.87727565]
 [ 0.1365815  -0.66920992  0.85282707 -0.43378965 -0.92852511  0.5905378
  -0.00261576 -0.24510088  0.35756524  0.63081687 -0.35284448  0.53849507]
 [ 0.20219178 -0.53293136 -0.3644043   0.63098594 -0.58624284  0.24841095
  -0.16458037  0.91750512  0.33898064 -0.90643147 -0.81820861 -0.44369696]
 [ 0.09687927  0.21241063  0.88594067  0.16184553  0.10330172 -0.40140213
  -0.77464168 -0.38367817  0.50162771 -0.80188408 -0.93230029 -0.67742841]
 [-0.13982728  0.75327229 -0.10975158 -0.70819821 -0.50110485 -0.10967337
  -0.34230389  0.87727565  0.1689955  -0.55397812  0.44882597  0.49941697]]

[[ 0.81697553 -0.55992891 -0.19509434  0.118536    0.29206644 -0.76317906
   0.14053309 -0.31940908 -0.65881713  0.44750071  0.10259449  0.77850999]
 [ 0.32866683 -0.57882585 -0.67473866 -0.40221534  0.10141459  0.62462635
   0.09300616  0.55461443  0.30973401 -0.70681458  0.31979082  0.66488543]
 [ 0.22566962  0.26557616  0.34263048  0.65443044 -0.01487907 -0.19170453
  -0.08470969  0.1787319   0.6361274  -0.92687596  0.19802552  0.96155843]
 [ 0.65315837  0.22292718 -0.25681058 -0.52756277 -0.01496092 -0.23771119
   0.71462809 -0.04201673  0.73784919  0.06936966 -0.99547131 -0.09047788]
 [-0.12709098  0.00764059 -0.28944079 -0.54803142  0.02456233  0.10129749
   0.2263791  -0.2040043  -0.58359963  0.0033268   0.30666983  0.35221866]
 [ 0.09654014 -0.11356288 -0.05634059 -0.40054815 -0.20650375  0.3007105
   0.13791976  0.34950487  0.25494568  0.88804743  0.46696171 -0.75090518]
 [ 0.21702567 -0.69847304 -0.39805764 -0.02528218  0.21612962  0.08870105
  -0.18619515  0.09467098 -0.28814064 -0.96624236  0.16061274  0.10004526]
 [ 0.83715888 -0.26215979  0.07566582  0.04284335 -0.05010032 -0.41926735
   0.25277315  0.2023403  -0.70247174 -0.62100209 -0.81290038 -0.43871333]
 [-0.65881713  0.30973401  0.6361274   0.73784919 -0.58359963  0.25494568
  -0.28814064 -0.70247174  0.86079418 -0.50512277 -0.96032612 -0.97439744]
 [ 0.44750071 -0.70681458 -0.92687596  0.06936966  0.0033268   0.88804743
  -0.96624236 -0.62100209 -0.32596177 -0.6495631   0.40696819  0.14187573]
 [ 0.10259449  0.31979082  0.19802552 -0.99547131  0.30666983  0.46696171
   0.16061274 -0.81290038 -0.22259347  0.0804529   0.2388077   0.72395977]
 [ 0.77850999  0.66488543  0.96155843 -0.09047788  0.35221866 -0.75090518
   0.10004526 -0.43871333 -0.79106177  0.77920968 -0.2914955  -0.98640834]]

[[-0.71306443  0.61922971  0.21350294 -0.13732301 -0.03406079 -0.12482893
   0.025619   -0.60182763  0.90523374  0.67596433 -0.47378966  0.23519468]
 [-0.8364419  -0.64038955  0.22867688 -0.82912083 -0.36720443  0.20671014
  -0.43353297 -0.20557333 -0.20213068  0.94484705  0.18907528 -0.64746639]
 [ 0.03642266 -0.28846581  0.14920838 -0.28276168 -0.15460588 -0.1698782
  -0.02855859 -0.06072623  0.50670863 -0.17507977  0.5831969  -0.61352139]
 [-0.91980153 -0.35321185  0.49185241  0.50753474  0.00794898 -0.14797405
  -0.90777169 -0.41793294 -0.22764088  0.65297398  0.06661261 -0.63322047]
 [-0.09885916  0.04992042  0.14534728  0.46338564  0.05494189  0.01773184
  -0.24652044  0.07487937  0.09452597  0.43691888  0.81340735 -0.97056288]
 [-0.32728639 -0.18789186 -0.39511104 -0.20539388  0.19936501  0.2496043
  -0.10690614 -0.1876552   0.09895251 -0.64842855  0.4873377   0.06382104]
 [-0.35345003  0.17258727  0.01670167 -0.63951596 -0.20008933  0.12459299
   0.18509254 -0.17755852 -0.35265954 -0.71132359  0.99057651  0.34647207]
 [-0.81925347  0.09788213 -0.18704472 -0.34877836  0.15263163  0.04755184
  -0.14418102 -0.68144832 -0.44546635 -0.64253331  0.04691908 -0.54971565]
 [ 0.90523374 -0.20213068  0.50670863 -0.22764088  0.09452597  0.09895251
  -0.35265954 -0.44546635 -0.78524715  0.32382421 -0.98604178  0.84254976]
 [ 0.67596433  0.94484705 -0.17507977  0.65297398  0.43691888 -0.64842855
  -0.71132359 -0.64253331  0.88903089  0.07387106 -0.33940904  0.48980038]
 [-0.47378966  0.18907528  0.5831969   0.06661261  0.81340735  0.4873377
   0.99057651  0.04691908 -0.62381385  0.12084622 -0.26171848 -0.3512883 ]
 [ 0.23519468 -0.64746639 -0.61352139 -0.63322047 -0.97056288  0.06382104
   0.34647207 -0.54971565 -0.33274335 -0.96799689 -0.74326716 -0.68921583]]

[[ 0.16379985  0.06249822 -0.4015929  -0.59844775 -0.09062567  0.49675175
   0.39565029  0.36326632 -0.03978446  0.39015445  0.64616398  0.44694165]
 [-0.15662656 -0.04853008  0.24721713 -0.22126661 -0.41263748  0.55207357
  -0.10403827  0.64843318  0.86684931 -0.10671415 -0.57179909 -0.37822148]
 [ 0.25105622 -0.10730352  0.06923873  0.6119421   0.1093777  -0.01618184
  -0.21325908  0.26934524 -0.73797187  0.66840853 -0.98103301 -0.79378737]
 [-0.18454443 -0.88400609 -0.69232732 -0.02174889  0.32566096  0.62701003
  -0.46170087  0.25922254 -0.50764577 -0.12250847  0.74073444 -0.6775832 ]
 [-0.01955583 -0.36538411 -0.28240639 -0.47129938  0.06783036 -0.03179419
   0.05805708 -0.21825499 -0.17714676 -0.02759171 -0.53216123  0.50551637]
 [-0.77101067  0.43646318  0.22932162  0.33851483 -0.08799513  0.4958736
  -0.3603534   0.12961335 -0.84124266  0.00446634  0.79119768 -0.59936377]
 [ 0.09349479  0.35930632  0.20446044 -0.53506066 -0.41047543  0.20914463
   0.39917745  0.3323031   0.43032382 -0.3657262  -0.84034815 -0.77485493]
 [-0.59113358  0.39498498 -0.07584874  0.36355146 -0.01246736  0.87966681
  -0.28545608  0.50590554  0.76274372  0.82536012  0.54240991 -0.61537168]
 [-0.03978446  0.86684931 -0.73797187 -0.50764577 -0.17714676 -0.84124266
   0.43032382  0.76274372 -0.30743713 -0.11701954 -0.68726486  0.40963347]
 [ 0.39015445 -0.10671415  0.66840853 -0.12250847 -0.02759171  0.00446634
  -0.3657262   0.82536012 -0.64160067  0.56402212 -0.51027822  0.08203193]
 [ 0.64616398 -0.57179909 -0.98103301  0.74073444 -0.53216123  0.79119768
  -0.84034815  0.54240991 -0.66858566 -0.96449659  0.28016391  0.03599677]
 [ 0.44694165 -0.37822148 -0.79378737 -0.6775832   0.50551637 -0.59936377
  -0.77485493 -0.61537168  0.40875814 -0.48367211  0.22661443 -0.48686231]]

[[ 0.30074954  0.55637259 -0.11788402  0.3398474   0.08910416  0.18070644
   0.29291652  0.29949156 -0.47213556  0.68953538 -0.96838945  0.36984057]
 [-0.047795    1.01444879  0.77113263  0.63717529 -0.07257652 -0.83560508
   0.16590962 -0.57000731 -0.79274168 -0.7087478  -0.77362083  0.18203484]
 [ 0.19614147 -0.56642692  0.12494544  0.28463673  0.14166579 -0.53760558
  -0.30326141 -0.2895005   0.88356948  0.08136393 -0.46847879 -0.08925649]
 [-0.0075576  -0.20186695  0.49204978  1.11496559  0.03976925 -0.12340822
  -0.669366    0.28521559  0.04016035 -0.312601    0.50413694  0.64040624]
 [-0.04686208  0.25849915  0.01672928  0.22985898 -0.00135945  0.22116101
  -0.00720984  0.21247821  0.79037593 -0.69864103 -0.09828054  0.76500687]
 [-0.46269769  0.01539259  0.22842126 -0.3992469  -0.32096821  0.3054526
  -0.10871481  0.12096079 -0.29674736  0.83346685  0.65352042  0.68617109]
 [ 0.12058015  0.98579163  0.09621162 -0.00161083 -0.01224617 -0.2258739
   0.57651215 -0.23719063 -0.426083   -0.16415944 -0.27156385  0.2003745 ]
 [-0.18123606 -0.09066245  0.19439987 -0.0168175  -0.19713468  0.23526019
  -0.18432146  0.26677796  0.51032789  0.48717993 -0.17546545 -0.17540856]
 [-0.47213556 -0.79274168  0.88356948  0.04016035  0.79037593 -0.29674736
  -0.426083    0.51032789 -0.74247494  0.67230642  0.83491816 -0.92058397]
 [ 0.68953538 -0.7087478   0.08136393 -0.312601   -0.69864103  0.83346685
  -0.16415944  0.48717993 -0.37864254  0.89699839  0.94755056 -0.35847284]
 [-0.96838945 -0.77362083 -0.46847879  0.50413694 -0.09828054  0.65352042
  -0.27156385 -0.17546545 -0.67374402  0.20096468 -0.29058714 -0.40153105]
 [ 0.36984057  0.18203484 -0.08925649  0.64040624  0.76500687  0.68617109
   0.2003745  -0.17540856 -0.37662064 -0.3009934   0.29404004  0.94667543]]

[[ 0.63026159 -0.49757788 -0.11172517  0.36918245  0.2004538  -0.32930734
  -0.07599361  0.10181865  0.46747548  0.49933156 -0.10022168  0.19157534]
 [ 1.15593553 -0.12265459  0.21361137 -0.37290278 -0.26371056 -0.65779355
   0.64416927  0.18876358 -0.76745734 -0.30369768 -0.68455119 -0.49941986]
 [ 0.71868775  0.51493152 -0.2092331  -0.1094197   0.01977905 -0.06745247
   0.69532895  0.22377879  0.97009035  0.96235713  0.85904792 -0.5586129 ]
 [-0.08665202  0.01602866  0.57068301 -0.93919895 -0.57929075 -0.40891683
   0.29264168 -0.25322597 -0.69066732  0.3276455   0.59456199  0.61208489]
 [-0.54938189 -0.17235817  0.17105771 -0.25004826 -0.08798274 -0.07789686
  -0.26351727 -0.36781436  0.63946436 -0.84108533 -0.28318976  0.51622105]
 [-0.34889884 -0.35714201  0.57499533 -0.12558937 -0.45752733  0.14472248
  -0.42230676  0.30705549  0.49593713 -0.63644017 -0.40203168 -0.6998168 ]
 [ 0.82439904 -0.36873318 -0.19364471  0.40598719  0.23832988 -0.32365829
   0.08105672  0.18061101 -0.84975152  0.65146958 -0.27645561  0.18437058]
 [ 0.33736549 -0.41529351  0.46060519  0.01572928 -0.3776339  -0.06181489
  -0.15560108  0.50709932  0.52778348 -0.59489756  0.78903946 -0.72260304]
 [ 0.46747548 -0.76745734  0.97009035 -0.69066732  0.63946436  0.49593713
  -0.84975152  0.52778348 -0.04662135 -0.86674888  0.54683332 -0.5635609 ]
 [ 0.49933156 -0.30369768  0.96235713  0.3276455  -0.84108533 -0.63644017
   0.65146958 -0.59489756 -0.89229957 -0.59449195 -0.31741759  0.87470812]
 [-0.10022168 -0.68455119  0.85904792  0.59456199 -0.28318976 -0.40203168
  -0.27645561  0.78903946  0.01997141 -0.18215024  0.03836559 -0.68694458]
 [ 0.19157534 -0.49941986 -0.5586129   0.61208489  0.51622105 -0.6998168
   0.18437058 -0.72260304  0.06877728  0.33413087  0.89648011 -0.88584503]]

[[-0.23159323 -0.06674366 -0.62144073  0.10655248  0.51633413  0.06041407
  -0.06921774 -0.46023764  0.15490291 -0.69192385  0.99449307 -0.73945027]
 [-0.61271528 -0.36213197  0.28607068 -0.70780867 -0.48183772  0.42955023
  -0.2681087   0.21179193 -0.09005608  0.67249105  0.01170157  0.45690131]
 [-0.00280241  0.04533646 -0.36441261 -0.02540321  0.27836971 -0.04567626
   0.10986343 -0.28618193  0.88181675 -0.52670376 -0.27329231  0.8179512 ]
 [-0.74314814  0.06113071 -0.26503063  0.24731264  0.30771667  0.29990669
  -0.38987438 -0.33515202  0.79434668 -0.52533158 -0.74543309  0.57794223]
 [-0.29000012  0.09040195  0.10271972  0.15151846 -0.02106758  0.13610235
  -0.18316909  0.01406552  0.46806565 -0.64157517 -0.47855099 -0.12022726]
 [ 0.2593754  -0.28400403  0.57507116 -0.22376592 -0.5347558  -0.0370871
  -0.04565242  0.51233452  0.29960804  0.56633234  0.79937679 -0.49451691]
 [-0.13657056 -0.22956269 -0.00396215 -0.40240673 -0.15212705  0.13875851
  -0.02468633  0.05119109 -0.27635888  0.60493488  0.90738527  0.24882174]
 [ 0.13977305 -0.28518884 -0.07698841 -0.078121    0.02444089 -0.0563005
  -0.03203468  0.01755014  0.00672776  0.70341805  0.58457259 -0.91756839]
 [ 0.15490291 -0.09005608  0.88181675  0.79434668  0.46806565  0.29960804
  -0.27635888  0.00672776 -0.62435406 -0.77720503 -0.9593229   0.95086042]
 [-0.69192385  0.67249105 -0.52670376 -0.52533158 -0.64157517  0.56633234
   0.60493488  0.70341805  0.18496803  0.17694422  0.27224206  0.96651084]
 [ 0.99449307  0.01170157 -0.27329231 -0.74543309 -0.47855099  0.79937679
   0.90738527  0.58457259 -0.00365232  0.26298096 -0.71330725 -0.41670994]
 [-0.73945027  0.45690131  0.8179512   0.57794223 -0.12022726 -0.49451691
   0.24882174 -0.91756839 -0.73303559 -0.13824443 -0.50951825 -0.53997567]]

[[-0.18153899 -0.02855045  0.02034348 -0.49734874 -0.15004772  0.01211782
   0.10769456 -0.14198459 -0.86996055 -0.08622642 -0.64421361 -0.6467594 ]
 [ 0.68440644 -0.78865752  0.40834531  0.79447382  0.04043602 -0.62539011
  -0.4603515   0.20412942 -0.80173793 -0.58044986  0.22906892 -0.10072577]
 [ 0.32743846  0.18648733  0.16526853 -0.80929361 -0.35203156 -0.27342826
   0.58512215 -0.07090505 -0.92607978 -0.67612394 -0.83885098  0.35661795]
 [-0.36278245  0.62027615  0.31436946 -0.14062941 -0.01600349 -0.59086905
   0.2120427  -0.8167406  -0.11145149 -0.0467038   0.19273374 -0.16860146]
 [-0.18909691  0.07142613 -0.10291933  0.26597329  0.18526536  0.03427092
  -0.14512726 -0.14350498  0.17993415  0.70336068 -0.91709363 -0.82553414]
 [-0.41178242 -0.02081587  0.24501196  1.14316485  0.29264858 -0.08931506
  -0.72609407 -0.13393877 -0.70023362  0.43030993 -0.20200609 -0.09217764]
 [ 0.40413165 -0.72641764  0.03489341  0.30275646  0.00159453 -0.00973229
  -0.33093038  0.41565172 -0.07635715  0.49628906  0.19853299  0.01269753]
 [-0.50848772  0.22903775  0.36621164  0.31826964 -0.00097116 -0.23194565
  -0.29940284 -0.39292558 -0.3037433   0.27408788  0.88736994 -0.00382178]
 [-0.86996055 -0.80173793 -0.92607978 -0.11145149  0.17993415 -0.70023362
  -0.07635715 -0.3037433  -0.81339056 -0.54104395 -0.05175116  0.61598603]
 [-0.08622642 -0.58044986 -0.67612394 -0.0467038   0.70336068  0.43030993
   0.49628906  0.27408788  0.41632909 -0.60482415  0.02010468  0.12414201]
 [-0.64421361  0.22906892 -0.83885098  0.19273374 -0.91709363 -0.20200609
   0.19853299  0.88736994 -0.16452962  0.47016035 -0.22922132 -0.24009659]
 [-0.6467594  -0.10072577  0.35661795 -0.16860146 -0.82553414 -0.09217764
   0.01269753 -0.00382178  0.91379267 -0.72979016  0.71175878 -0.08663136]]
