A: 
[[ 0.37219842 -0.19950889  0.23169919  0.18328734 -0.58609668  0.14594951
   0.43022653  0.11125835 -0.94297816 -0.40217551 -0.1345324  -0.20725782]
 [-0.47748206  0.04490306 -0.36050702 -0.2442793   0.4955942  -0.17018459
  -0.42065532  0.75344333  0.34472011  0.41921558  0.03549739  0.00509726]
 [-0.60970508 -0.12549219 -0.51514748 -0.31984745  0.41080145 -0.20254116
  -0.15977881  0.77309999  0.26548675  0.73185415 -0.55247923 -0.55824452]
 [ 0.17473588  0.37269805  0.24858453  0.1062578   0.29120231  0.03084237
   0.39994341  0.11703093 -0.03068467  0.47819506 -0.28570715  0.22783757]
 [-0.33818425  0.43646048 -0.13402414 -0.15547873  0.84243476 -0.15322747
   0.0915424   0.17801685 -0.70431767  0.58780369 -0.86135416 -0.14325331]
 [-0.41598758  0.15195664 -0.28025078 -0.20792898  0.5687977  -0.15738254
  -0.49974132 -0.53780297  0.24177082  0.15718377 -0.1799799   0.72663794]
 [ 0.29372137 -0.02420039  0.22279033  0.15041581 -0.30070779  0.10441202
  -0.70031437  0.37193433 -0.26998603 -0.67727557 -0.91254271  0.87645256]
 [-0.07013468 -0.12661414 -0.09288732 -0.04165352 -0.08897697 -0.01423569
   0.79661876 -0.27171686 -0.81487712  0.48507379  0.460063   -0.64384611]
 [-0.25789891 -0.57212679 -0.37350459 -0.15778515 -0.45657187 -0.0437401
  -0.72352311 -0.74429602 -0.175146    0.08882264 -0.99151168 -0.36439161]
 [ 0.19559448 -0.01521081  0.1486314   0.10020387 -0.1991482   0.0694568
   0.90442196  0.57696585 -0.66568413  0.12106599  0.27360155  0.2860056 ]
 [-0.02560208  0.58805277  0.15623839  0.01228115  0.73779023 -0.05643833
  -0.82165352  0.78617648  0.65533244  0.9508299  -0.31791807  0.06300079]
 [ 0.11584607  0.45034294  0.22573836  0.07925461  0.43989366  0.00402743
  -0.09085077 -0.10407583  0.82603133 -0.30227757  0.89125202  0.70027486]
 [-0.52285253  0.0138717  -0.40534437 -0.26902045  0.49981917 -0.18350391
   0.25802787 -0.35372761  0.79936119 -0.17694873 -0.81549545 -0.32675975]
 [-0.00622482  0.47011002  0.13605722  0.01716241  0.57665933 -0.04015071
  -0.41193532  0.20014662 -0.52341237 -0.91171926 -0.0945066   0.10573743]
 [ 0.69593203  0.37600595  0.65778182  0.37516858 -0.18622363  0.21238059
   0.06139103 -0.64455741  0.93682265  0.45750918 -0.11818759  0.49616538]
 [ 0.58782211  0.39249703  0.57805293  0.32013372 -0.06633251  0.17333702
  -0.58316026 -0.04566825 -0.84897333 -0.04797606 -0.5319772  -0.00686547]
 [-0.16309158  0.23674546 -0.05676177 -0.07384267  0.4381597  -0.07601641
  -0.68511734  0.01487292  0.19977224  0.04875265 -0.26917695 -0.05454226]
 [-0.05428973  0.11490474 -0.00807335 -0.02301638  0.1896911  -0.02822048
  -0.00061706  0.48329247  0.51769689  0.1676001  -0.12157185 -0.26850026]
 [-0.42150256  0.08327084 -0.30516123 -0.21374944  0.49047887 -0.15375729
   0.38523296 -0.85477051 -0.85612662  0.72622591  0.70759002 -0.58876008]
 [ 0.11093418  0.24028212  0.15891797  0.06761861  0.18932961  0.01928449
   0.80368412  0.22846139  0.16246638  0.06345812 -0.52715769 -0.68945024]] 
x segnato:[[-0.8881346 ]
 [ 0.86614733]
 [-0.11743701]
 [-0.93141053]
 [-0.47695085]
 [ 0.38488569]
 [ 0.        ]
 [ 0.        ]
 [ 0.        ]
 [ 0.        ]
 [ 0.        ]
 [ 0.        ]]
Matrici Hi 

[[ 0.07260134  0.064176    0.07610112  0.04021973  0.01087255  0.02014039
  -0.86928429  0.16190566 -0.65069536  0.77223334  0.62256772  0.15589324]
 [-0.07186256 -0.32420854 -0.15347671 -0.05110737 -0.32734274  0.00112488
  -0.4449905  -0.20682176  0.35889787  0.104754    0.47039815 -0.3228569 ]
 [ 0.03531862 -0.04693005  0.01359288  0.01617917 -0.0896174   0.01611136
  -0.42426959 -0.39647311  0.84787312 -0.04826739  0.29717833  0.88716386]
 [ 0.03432445  0.01904421  0.03259242  0.01852552 -0.00857883  0.01043463
  -0.30042315  0.03102901 -0.15801855 -0.70675419 -0.31893016 -0.19384976]
 [-0.15433491 -0.45300527 -0.2566813  -0.09921769 -0.40757364 -0.01723816
  -0.233753   -0.46869662 -0.66187655 -0.26463588  0.16872333  0.32769609]
 [ 0.0311307   0.04857832  0.03894497  0.01815846  0.03023803  0.00693456
   0.96004035  0.65105064 -0.27915835  0.56324896  0.23994367  0.42958105]
 [-0.86928429 -0.4449905  -0.42426959 -0.30042315 -0.233753    0.96004035
   0.3907982  -0.06473615  0.21591599  0.06654196 -0.23946258  0.91601273]
 [ 0.16190566 -0.20682176 -0.39647311  0.03102901 -0.46869662  0.65105064
   0.10501836  0.85875419  0.09888553  0.82786981 -0.03425693  0.75017744]
 [-0.65069536  0.35889787  0.84787312 -0.15801855 -0.66187655 -0.27915835
   0.80124806  0.12725957  0.25888615 -0.31584122  0.12755703  0.16904683]
 [ 0.77223334  0.104754   -0.04826739 -0.70675419 -0.26463588  0.56324896
   0.91196037  0.6986976   0.55982264 -0.37639656  0.24199175 -0.75478188]
 [ 0.62256772  0.47039815  0.29717833 -0.31893016  0.16872333  0.23994367
   0.39795342  0.34188745 -0.77497601 -0.89123608  0.05999608  0.93858544]
 [ 0.15589324 -0.3228569   0.88716386 -0.19384976  0.32769609  0.42958105
   0.99498265 -0.13091384 -0.35603412 -0.54305148 -0.12679202  0.40522067]]

[[-0.19836566  0.32778622 -0.05709599 -0.08808732  0.58130471 -0.09567586
   0.34744013  0.85208413  0.37921678  0.3810499  -0.17901503 -0.29880976]
 [-0.20764999  0.19717925 -0.10352174 -0.09853491  0.43126967 -0.08836295
  -0.0014653  -0.50579788  0.29696834  0.06711642 -0.60928095  0.16886449]
 [-0.21761244  0.31583683 -0.07575251 -0.09853022  0.58457196 -0.10142422
   0.1445768  -0.44545633  0.2467762  -0.03316543 -0.88694218  0.78946474]
 [-0.11129065  0.17757574 -0.03392908 -0.04969441  0.3184531  -0.05316682
  -0.44830913 -0.14429329  0.48806123  0.59599197  0.04765192 -0.30585287]
 [-0.06893777 -0.06332736 -0.07297737 -0.03829375 -0.01322608 -0.01893101
  -0.16301562 -0.94292819  0.46803592  0.18240192 -0.09677297  0.54568927]
 [-0.05241893  0.09840977 -0.01155309 -0.02276647  0.16793123 -0.0262353
  -0.98901983 -0.74953389 -0.45173013 -0.91823884  0.24332197 -0.00747441]
 [ 0.34744013 -0.0014653   0.1445768  -0.44830913 -0.16301562 -0.98901983
  -0.89943132 -0.56151267  0.73468999  0.77410644  0.28473004  0.36966841]
 [ 0.85208413 -0.50579788 -0.44545633 -0.14429329 -0.94292819 -0.74953389
  -0.19747394  0.79409676  0.48933888 -0.3749272  -0.86887316 -0.87899523]
 [ 0.37921678  0.29696834  0.2467762   0.48806123  0.46803592 -0.45173013
   0.67408274  0.97499733  0.12571091  0.7383163  -0.07868064  0.99126982]
 [ 0.3810499   0.06711642 -0.03316543  0.59599197  0.18240192 -0.91823884
  -0.02796942 -0.03130525 -0.03750448  0.56838446 -0.69966862 -0.1416153 ]
 [-0.17901503 -0.60928095 -0.88694218  0.04765192 -0.09677297  0.24332197
   0.15895847  0.83926054  0.37729854 -0.06363    -0.5171884  -0.58708042]
 [-0.29880976  0.16886449  0.78946474 -0.30585287  0.54568927 -0.00747441
   0.14483839  0.76676919  0.6717166  -0.78236791 -0.26732412 -0.33295933]]

[[ 0.3639907   0.26013575  0.36306601  0.19897371 -0.02031503  0.1059526
  -0.76219883 -0.17937373 -0.55740085  0.88861261 -0.88776008 -0.74814151]
 [-0.16567842  0.17673633 -0.07677773 -0.07777716  0.36767316 -0.07207073
   0.21316662 -0.96282899  0.7022293   0.95460912 -0.01691598  0.87362147]
 [ 0.23541275  0.25672385  0.26133973  0.13252151  0.09431246  0.06137723
  -0.75881672  0.85713493  0.51996314  0.03455536 -0.48236148 -0.59856157]
 [ 0.18052089  0.14180424  0.1838966   0.09923511  0.00545732  0.05151382
   0.09414318 -0.81908083 -0.01835514 -0.0470235   0.81268409  0.91853662]
 [-0.53743071 -0.025663   -0.4286141  -0.27825129  0.46527384 -0.18539518
   0.07722871  0.10013064  0.94769126  0.27518295  0.08336402  0.27367022]
 [ 0.14035336  0.07646325  0.13284868  0.07569018 -0.03679001  0.04278122
  -0.50544773  0.94413813 -0.17891639 -0.46697413  0.94313141  0.65168387]
 [-0.76219883  0.21316662 -0.75881672  0.09414318  0.07722871 -0.50544773
  -0.73602895  0.73875927 -0.51595934 -0.45034412  0.36402384 -0.49250392]
 [-0.17937373 -0.96282899  0.85713493 -0.81908083  0.10013064  0.94413813
   0.56541579 -0.37830577 -0.92167194  0.24977756 -0.5014162   0.14663169]
 [-0.55740085  0.7022293   0.51996314 -0.01835514  0.94769126 -0.17891639
   0.77508961  0.32576041  0.0836886   0.2536095  -0.23203871 -0.82621557]
 [ 0.88861261  0.95460912  0.03455536 -0.0470235   0.27518295 -0.46697413
  -0.0664346   0.29704051 -0.82476495 -0.67494681 -0.01992564 -0.50818921]
 [-0.88776008 -0.01691598 -0.48236148  0.81268409  0.08336402  0.94313141
  -0.35248628  0.58025112 -0.0085636  -0.63596903 -0.0726511  -0.3335777 ]
 [-0.74814151  0.87362147 -0.59856157  0.91853662  0.27367022  0.65168387
   0.73500531  0.81614876 -0.96708864 -0.48906697 -0.84493712 -0.43333058]]

[[ 0.023794    0.09163726  0.04610728  0.01624109  0.08930662  0.0008967
  -0.68910517  0.41076742  0.62934979  0.33231923  0.64045761  0.86207591]
 [-0.12990439 -0.21481988 -0.16614238 -0.07629765 -0.14088454 -0.02795879
   0.86177042  0.26430858  0.22884879  0.2897873  -0.88972702  0.92795895]
 [-0.02030788  0.00737108 -0.01369557 -0.01015282  0.02771051 -0.00767936
  -0.49796137  0.34610659  0.04696163  0.22055578  0.10788258 -0.25367619]
 [ 0.0066405   0.03794567  0.01657649  0.00506872  0.03994784 -0.0007492
   0.46235139  0.90438995 -0.78217165 -0.09387293 -0.97462206  0.94964171]
 [-0.17973719 -0.34552861 -0.24435657 -0.10765945 -0.25358745 -0.03478192
  -0.63900563  0.04976858  0.75055691 -0.06923924  0.50967117 -0.60036619]
 [ 0.01879465  0.04932014  0.02950564  0.01182922  0.04253405  0.00257153
   0.73838085  0.85617114 -0.36400013  0.30610475 -0.28851121 -0.92119576]
 [-0.68910517  0.86177042 -0.49796137  0.46235139 -0.63900563  0.73838085
  -0.29341237 -0.20568101 -0.77188371  0.35882358  0.33925156 -0.61253592]
 [ 0.41076742  0.26430858  0.34610659  0.90438995  0.04976858  0.85617114
   0.4293527   0.82591077 -0.55820313  0.02299016  0.78480271 -0.48130663]
 [ 0.62934979  0.22884879  0.04696163 -0.78217165  0.75055691 -0.36400013
  -0.03179881  0.38375794  0.87530707 -0.90859313  0.0424647   0.32462067]
 [ 0.33231923  0.2897873   0.22055578 -0.09387293 -0.06923924  0.30610475
  -0.77777064 -0.87666096 -0.33456543 -0.72002139  0.10584124 -0.48547737]
 [ 0.64045761 -0.88972702  0.10788258 -0.97462206  0.50967117 -0.28851121
   0.28391874 -0.89381387  0.66843549  0.84067223  0.29579653 -0.91338588]
 [ 0.86207591  0.92795895 -0.25367619  0.94964171 -0.60036619 -0.92119576
   0.51006582 -0.66073797 -0.08013773  0.82098343  0.1386872  -0.07533656]]

[[-0.0751726  -0.26949893 -0.13966797 -0.05044341 -0.25784492 -0.00444964
  -0.17806095  0.58261274 -0.84442942  0.44510392  0.83189399 -0.07323651]
 [ 0.20794319 -0.07512918  0.14034032  0.10397519 -0.2833209   0.07860502
   0.37313092  0.54213359  0.10165788 -0.7950353  -0.36364249  0.25952694]
 [ 0.00346265 -0.23359675 -0.06731713 -0.0083374  -0.28688225  0.02007971
   0.01672813  0.10364428  0.53781282  0.51259322  0.08629571  0.98237491]
 [-0.02975328 -0.14222941 -0.06594147 -0.02150656 -0.1452418   0.00111182
   0.21572254  0.37904886 -0.70250223 -0.13218141  0.85318728 -0.7689854 ]
 [ 0.32196859  0.1577054   0.29944669  0.17286513 -0.10589115  0.09956947
  -0.76576288 -0.1266578   0.30041186  0.510962    0.45106725 -0.9172107 ]
 [-0.04302133 -0.087938   -0.06005731 -0.02599582 -0.06705338 -0.0079025
  -0.70513043  0.36944035 -0.1048886   0.81866825 -0.66739161 -0.32885632]
 [-0.17806095  0.37313092  0.01672813  0.21572254 -0.76576288 -0.70513043
  -0.06583307  0.65631637 -0.61539857 -0.96527812 -0.67374154 -0.08166248]
 [ 0.58261274  0.54213359  0.10364428  0.37904886 -0.1266578   0.36944035
  -0.83686225 -0.85385879 -0.36719184  0.60875636 -0.95232383  0.32658452]
 [-0.84442942  0.10165788  0.53781282 -0.70250223  0.30041186 -0.1048886
  -0.9805774   0.71468654  0.45696592  0.71247294  0.05040754 -0.5012945 ]
 [ 0.44510392 -0.7950353   0.51259322 -0.13218141  0.510962    0.81866825
  -0.58086706  0.61892852 -0.64486828 -0.15633365  0.94483804  0.14975209]
 [ 0.83189399 -0.36364249  0.08629571  0.85318728  0.45106725 -0.66739161
   0.39636763 -0.07961635  0.75615899 -0.71761783  0.95994521 -0.6076528 ]
 [-0.07323651  0.25952694  0.98237491 -0.7689854  -0.9172107  -0.32885632
  -0.31751314  0.70979536  0.08330165 -0.73543067  0.84998932  0.07320334]]

[[ 0.23019261  0.1701852   0.23130817  0.12607944 -0.0059595   0.06654763
   0.25302406 -0.61722758  0.85430315 -0.63630593 -0.31042725 -0.98807455]
 [-0.27489624 -0.23185261 -0.28480751 -0.15180433 -0.02763646 -0.07715931
   0.90275097  0.97524874 -0.6153636  -0.39830151  0.76221932  0.98886008]
 [ 0.09787884  0.06378437  0.09578129  0.05323772 -0.01295257  0.02898941
  -0.64679409  0.09922342  0.43431458  0.10424315 -0.1766766   0.56309163]
 [ 0.10679167  0.0777127   0.10693742  0.05843742 -0.0042708   0.03097317
   0.06518448 -0.05772307 -0.41052226 -0.03486832  0.76341328  0.370249  ]
 [-0.54647368 -0.43877032 -0.55954056 -0.30081667 -0.02805721 -0.15517538
  -0.47541317 -0.88311917  0.72017485  0.66667356 -0.49425848  0.87775142]
 [ 0.10250496  0.07809555  0.10369481  0.05624347  0.00015389  0.02944694
  -0.76722291  0.26535551  0.75095924 -0.6534827   0.4763194   0.34819158]
 [ 0.25302406  0.90275097 -0.64679409  0.06518448 -0.47541317 -0.76722291
   0.08928372 -0.64672991  0.21502478  0.13033295  0.03431489 -0.17697823]
 [-0.61722758  0.97524874  0.09922342 -0.05772307 -0.88311917  0.26535551
   0.77379508 -0.06061918 -0.60235604  0.39045441  0.48438991  0.2508141 ]
 [ 0.85430315 -0.6153636   0.43431458 -0.41052226  0.72017485  0.75095924
  -0.21020178 -0.32406285 -0.8967165   0.28407937 -0.97124989  0.80072121]
 [-0.63630593 -0.39830151  0.10424315 -0.03486832  0.66667356 -0.6534827
   0.41017033 -0.70611652  0.04460516 -0.62201364 -0.51034732 -0.43240421]
 [-0.31042725  0.76221932 -0.1766766   0.76341328 -0.49425848  0.4763194
  -0.97690455  0.51199896 -0.24021827 -0.31868221  0.35492535 -0.78107485]
 [-0.98807455  0.98886008  0.56309163  0.370249    0.87775142  0.34819158
  -0.67542592 -0.34507293 -0.24852916 -0.93232114 -0.38435892  0.43412855]]

[[ 0.444601    0.10677765  0.38022608  0.23389653 -0.28101754  0.14646089
   0.34263865  0.45784828 -0.28466338 -0.30049648  0.03067793  0.2307868 ]
 [ 0.19144359 -0.00167196  0.14943916  0.09865007 -0.17887212  0.0669151
  -0.22639461  0.87098696  0.21941651  0.25280248 -0.89695487 -0.04148039]
 [ 0.40560777  0.08312801  0.34259638  0.21276386 -0.27371895  0.13476975
  -0.70790661  0.10870093  0.82248612 -0.17685852  0.57695563 -0.30063235]
 [ 0.23756556  0.05499003  0.20254879  0.12488945 -0.152665    0.0784259
   0.51393135  0.74588744  0.02392159 -0.04437165 -0.57458713  0.30012499]
 [-0.17819784 -0.10066388 -0.16974384 -0.09625434  0.04235834 -0.05402713
  -0.8334452  -0.89482801  0.88205049  0.23751639 -0.39545834  0.22049328]
 [ 0.13962088  0.03738163  0.12055886  0.07361884 -0.08357476  0.04568305
  -0.80339393  0.05306796  0.63705955  0.07303391 -0.84210656  0.88289902]
 [ 0.34263865 -0.22639461 -0.70790661  0.51393135 -0.8334452  -0.80339393
   0.50362841  0.83233301 -0.19162309 -0.82269377  0.53165371 -0.97592022]
 [ 0.45784828  0.87098696  0.10870093  0.74588744 -0.89482801  0.05306796
  -0.10619888 -0.2729195  -0.19183215  0.85484958  0.16242984 -0.41616307]
 [-0.28466338  0.21941651  0.82248612  0.02392159  0.88205049  0.63705955
  -0.82668585  0.13677891 -0.00466786  0.0919752  -0.78907221  0.70949541]
 [-0.30049648  0.25280248 -0.17685852 -0.04437165  0.23751639  0.07303391
  -0.67739777  0.07251055  0.66706388 -0.54208954 -0.08418375 -0.4410365 ]
 [ 0.03067793 -0.89695487  0.57695563 -0.57458713 -0.39545834 -0.84210656
   0.62402901 -0.9238074  -0.89083319 -0.01986762 -0.46712852  0.08078469]
 [ 0.2307868  -0.04148039 -0.30063235  0.30012499  0.22049328  0.88289902
  -0.6462      0.8574612   0.58777274  0.06948592 -0.05560138  0.69324041]]

[[-0.08751858 -0.06703671 -0.08864205 -0.04803614 -0.00056718 -0.02511276
   0.77874435 -0.76719869 -0.89395896  0.45724094 -0.93221864  0.39143719]
 [-0.02060332 -0.23582057 -0.0868325  -0.02084398 -0.26735251  0.0118646
  -0.38275909 -0.80063827  0.04263423 -0.68653734  0.94158918 -0.19131288]
 [-0.07472195 -0.12319955 -0.09545646 -0.04387108 -0.08059285 -0.0161117
  -0.6311832  -0.96767652  0.19485283  0.85517359  0.43143516 -0.4215975 ]
 [-0.04602393 -0.04478848 -0.04947334 -0.02567428 -0.0118783  -0.01243585
   0.96344029 -0.86457926  0.7979701   0.0840648  -0.12539201  0.20717385]
 [ 0.05582228 -0.22446072 -0.02356973  0.01905902 -0.32415334  0.0376059
   0.08801299 -0.55511888  0.09903949  0.10315083 -0.09798856 -0.02495728]
 [-0.02886403 -0.00433246 -0.02390539 -0.01507218  0.02140108 -0.00971844
  -0.73199293  0.13858591 -0.28216756  0.48569555 -0.10395885 -0.91159533]
 [ 0.77874435 -0.38275909 -0.6311832   0.96344029  0.08801299 -0.73199293
  -0.23389042  0.07991115 -0.97682386  0.39369755 -0.29905541 -0.8122954 ]
 [-0.76719869 -0.80063827 -0.96767652 -0.86457926 -0.55511888  0.13858591
  -0.32311621  0.58890007  0.97560936  0.48966449 -0.34981071  0.03541247]
 [-0.89395896  0.04263423  0.19485283  0.7979701   0.09903949 -0.28216756
   0.26490653  0.68990664 -0.87270816 -0.20354891 -0.56139156  0.95632152]
 [ 0.45724094 -0.68653734  0.85517359  0.0840648   0.10315083  0.48569555
  -0.98183328 -0.44460319  0.24642707 -0.95315526 -0.52623668  0.02524134]
 [-0.93221864  0.94158918  0.43143516 -0.12539201 -0.09798856 -0.10395885
  -0.69655519 -0.18754922 -0.51073308  0.43645175  0.51124614 -0.08984695]
 [ 0.39143719 -0.19131288 -0.4215975   0.20717385 -0.02495728 -0.91159533
  -0.02476307  0.07145241  0.38126913 -0.25003228  0.18245984 -0.69302927]]

[[ 0.38391604 -0.22478215  0.23329997  0.18823459 -0.62761284  0.15207868
  -0.12329639 -0.69001129 -0.72973773  0.95536147 -0.55260624  0.43750151]
 [ 0.34430445  0.15575938  0.31635695  0.18429883 -0.12888668  0.10751796
  -0.70174256 -0.99345644 -0.72492367 -0.19524379  0.84607327  0.57850141]
 [ 0.40390435 -0.12935692  0.27756217  0.20267734 -0.53019062  0.15134183
   0.92615166 -0.14739914 -0.5736059  -0.4041905   0.50410963 -0.30035095]
 [ 0.21289617 -0.10916447  0.13401623  0.10505439 -0.32922912  0.08308239
  -0.66674817  0.78539945  0.19143084  0.32535369 -0.68502555  0.00277902]
 [ 0.06349524  0.39679414  0.16868351  0.04993808  0.42322101 -0.00990766
   0.74002517 -0.94205931  0.44054818 -0.94168814  0.99419043  0.4297259 ]
 [ 0.10610319 -0.09099281  0.0558226   0.05077147 -0.20851357  0.04436243
   0.2755803   0.43095416 -0.14617659 -0.90179878 -0.62203962  0.48723527]
 [-0.12329639 -0.70174256  0.92615166 -0.66674817  0.74002517  0.2755803
  -0.53892124 -0.38918921 -0.21324876 -0.15995674  0.75803621 -0.89320383]
 [-0.69001129 -0.99345644 -0.14739914  0.78539945 -0.94205931  0.43095416
   0.94608522  0.77051973 -0.38218143  0.51178933  0.59190479 -0.70520073]
 [-0.72973773 -0.72492367 -0.5736059   0.19143084  0.44054818 -0.14617659
  -0.96069452 -0.13910206  0.66829062 -0.74630139  0.71943435 -0.73113878]
 [ 0.95536147 -0.19524379 -0.4041905   0.32535369 -0.94168814 -0.90179878
   0.07649372 -0.60905773  0.85368524 -0.71107496 -0.63420034  0.44639273]
 [-0.55260624  0.84607327  0.50410963 -0.68502555  0.99419043 -0.62203962
   0.20350084  0.95828912 -0.21559684 -0.95594727  0.69181902  0.4898022 ]
 [ 0.43750151  0.57850141 -0.30035095  0.00277902  0.4297259   0.48723527
  -0.04090056  0.30558432  0.92168637  0.91233614 -0.68945774  0.63145169]]

[[ 0.34712967 -0.06156331  0.25341932  0.17633796 -0.39541663  0.12606057
  -0.56460963 -0.00699548 -0.71017048 -0.72643967  0.52091362 -0.34314214]
 [ 0.29147677  0.23301489  0.29814197  0.16040485  0.01373206  0.08284909
   0.99551535 -0.06180711  0.68386358 -0.55458049  0.16296341 -0.14212594]
 [ 0.35925591  0.02163773  0.28785923  0.18619669 -0.30557727  0.12356882
   0.31266512  0.62263734 -0.10360817 -0.23058404  0.40155885 -0.83025483]
 [ 0.19163708 -0.02164882  0.14360191  0.09788415 -0.20331109  0.06859648
  -0.33803302 -0.33711583 -0.25303228  0.52051252 -0.96223274  0.81415613]
 [ 0.033321    0.3398448   0.12797814  0.03191009  0.38193357 -0.0158323
  -0.32611468  0.05646748 -0.99226899 -0.63365853  0.71268003  0.51713159]
 [ 0.0975391  -0.04029958  0.06431226  0.048552   -0.13903999  0.03727966
   0.90034343 -0.60148052  0.50683528  0.46424471  0.73570011 -0.06613475]
 [-0.56460963  0.99551535  0.31266512 -0.33803302 -0.32611468  0.90034343
   0.89899839 -0.56878907  0.84184043  0.33039618  0.44941652 -0.7644748 ]
 [-0.00699548 -0.06180711  0.62263734 -0.33711583  0.05646748 -0.60148052
  -0.75797698  0.78244256 -0.81221724 -0.67297272 -0.4707297  -0.54616434]
 [-0.71017048  0.68386358 -0.10360817 -0.25303228 -0.99226899  0.50683528
   0.63787467  0.31865382 -0.56605751 -0.94684109  0.66778408 -0.01715799]
 [-0.72643967 -0.55458049 -0.23058404  0.52051252 -0.63365853  0.46424471
   0.99378861  0.87752676 -0.3272677   0.13605659 -0.63571384 -0.47735674]
 [ 0.52091362  0.16296341  0.40155885 -0.96223274  0.71268003  0.73570011
   0.87558903  0.27269386  0.6643933   0.69081464 -0.07624939  0.3912334 ]
 [-0.34314214 -0.14212594 -0.83025483  0.81415613  0.51713159 -0.06613475
   0.31672102  0.94645189  0.46161791  0.13770702  0.95138869  0.64817245]]

[[-0.21121622 -0.43328759 -0.29532019 -0.12769544 -0.33108535 -0.03867265
   0.59067416 -0.13440497  0.52099501 -0.37173778 -0.10796323  0.56557412]
 [ 0.04181311 -0.40355336 -0.08823137  0.00407381 -0.52870571  0.04718774
   0.15345111 -0.26340466 -0.19416046  0.08138008 -0.68300911  0.8114312 ]
 [-0.15289149 -0.46033461 -0.25774805 -0.09879098 -0.41780784 -0.01614254
   0.2397697  -0.07982556  0.23366692 -0.3605581  -0.61670309 -0.09572096]
 [-0.10710678 -0.24092338 -0.15611255 -0.06567271 -0.19364384 -0.01789759
  -0.42225736  0.62384906  0.09157071  0.80889157  0.98144919 -0.08607169]
 [ 0.24588471 -0.08984224  0.16564569  0.12290306 -0.3362363   0.09302855
   0.75750213 -0.60900868 -0.25467445 -0.93442418  0.44093896  0.98338933]
 [-0.07705518 -0.11853853 -0.09588656 -0.04487228 -0.07277716 -0.01730214
   0.01917707 -0.17960207  0.40634204  0.87559248 -0.60741128  0.1175141 ]
 [ 0.59067416  0.15345111  0.2397697  -0.42225736  0.75750213  0.01917707
  -0.58442095  0.22122532  0.96327233 -0.30098048  0.19369547  0.42084998]
 [-0.13440497 -0.26340466 -0.07982556  0.62384906 -0.60900868 -0.17960207
   0.38524865  0.34399397 -0.61187409 -0.20283846 -0.0280479   0.8419004 ]
 [ 0.52099501 -0.19416046  0.23366692  0.09157071 -0.25467445  0.40634204
  -0.11157386 -0.88163764 -0.80240533  0.21383257  0.82519879 -0.39088926]
 [-0.37173778  0.08138008 -0.3605581   0.80889157 -0.93442418  0.87559248
   0.52984846 -0.88427553 -0.79739704 -0.98668222  0.99654972 -0.32172414]
 [-0.10796323 -0.68300911 -0.61670309  0.98144919  0.44093896 -0.60741128
   0.64603939  0.26777038 -0.34214258  0.53362394  0.56175768  0.32124017]
 [ 0.56557412  0.8114312  -0.09572096 -0.08607169  0.98338933  0.1175141
   0.2765974  -0.6934697  -0.95474714  0.7718681   0.84875477 -0.52779994]]

[[ 0.22207644 -0.28127703  0.0896093   0.10232985 -0.54672549  0.10018934
   0.91642744  0.18593826  0.49073465 -0.84070633 -0.7036062  -0.13616547]
 [ 0.02103626 -0.44753882 -0.11769023 -0.00854641 -0.56293022  0.0434938
  -0.79501127 -0.8420187  -0.17393931  0.3093013   0.0327526   0.19490234]
 [ 0.1802387  -0.35446478  0.03490091  0.07758359 -0.59695923  0.09150806
   0.61605031 -0.78272561 -0.48728891 -0.76416585  0.29421662  0.32553846]
 [ 0.11543071 -0.16444158  0.04110906  0.05239851 -0.30632704  0.05354988
   0.91194059  0.79295186 -0.23029401  0.30941754  0.07712463  0.77931372]
 [-0.17959129 -0.28367519 -0.2256995  -0.10490377 -0.17860642 -0.03972805
  -0.81644612  0.64417169 -0.68927657 -0.19168274  0.34485173 -0.94718999]
 [ 0.07576599 -0.06196018  0.04076581  0.0363855  -0.14523257  0.03143461
  -0.95884031 -0.38749457  0.54202315 -0.79649954 -0.04175216  0.91577831]
 [ 0.91642744 -0.79501127  0.61605031  0.91194059 -0.81644612 -0.95884031
  -0.22933459 -0.71916338 -0.841532   -0.58143934 -0.79655848  0.29372507]
 [ 0.18593826 -0.8420187  -0.78272561  0.79295186  0.64417169 -0.38749457
  -0.34776738 -0.0915054   0.61860106  0.17823293 -0.22156019 -0.54221554]
 [ 0.49073465 -0.17393931 -0.48728891 -0.23029401 -0.68927657  0.54202315
  -0.15022566 -0.46467843 -0.41008969  0.20495417 -0.09962953 -0.10562574]
 [-0.84070633  0.3093013  -0.76416585  0.30941754 -0.19168274 -0.79649954
   0.9652227   0.17308503  0.2440208  -0.92056921 -0.59858412 -0.69132974]
 [-0.7036062   0.0327526   0.29421662  0.07712463  0.34485173 -0.04175216
   0.80953911  0.52395434 -0.42012028  0.93563283  0.34809856 -0.03156142]
 [-0.13616547  0.19490234  0.32553846  0.77931372 -0.94718999  0.91577831
   0.01558418  0.66468955 -0.40196061  0.60266638  0.86180409 -0.01174219]]

[[ 0.21471331 -0.24728829  0.09403179  0.10000579 -0.49864749  0.09487502
  -0.89390006  0.53307677  0.21800037 -0.48837041  0.50355593  0.68315582]
 [ 0.12842738 -0.10396513  0.06941818  0.06172132 -0.24488883  0.05319764
   0.19865372  0.39149856 -0.12395091 -0.38366796  0.18276181 -0.71950609]
 [ 0.20666622 -0.2248458   0.09445719  0.09682867 -0.46395963  0.09025492
   0.24398804 -0.87634178 -0.83666907  0.622256   -0.50841545  0.44067392]
 [ 0.11628757 -0.13202557  0.05149804  0.05424513 -0.26775201  0.05122994
  -0.50818762 -0.95925724  0.36447654 -0.59061642  0.88510586 -0.76184814]
 [-0.04237224  0.10216998 -0.00255716 -0.0174227   0.16321729 -0.02303456
   0.77980051 -0.05151226  0.29710971  0.16120962 -0.31569828  0.50738327]
 [ 0.06452163 -0.07786081  0.02719233  0.02989801 -0.15415582  0.02879689
   0.80372447 -0.92758558 -0.05024117 -0.88623079 -0.04169407  0.0012327 ]
 [-0.89390006  0.19865372  0.24398804 -0.50818762  0.77980051  0.80372447
   0.75908329  0.79234221 -0.64513768 -0.95926452  0.29048001  0.74260085]
 [ 0.53307677  0.39149856 -0.87634178 -0.95925724 -0.05151226 -0.92758558
  -0.99410404 -0.88111886 -0.90457227 -0.03034211  0.1297874  -0.28667876]
 [ 0.21800037 -0.12395091 -0.83666907  0.36447654  0.29710971 -0.05024117
   0.21653695  0.19247257 -0.37698411  0.06902664 -0.3683223  -0.67451009]
 [-0.48837041 -0.38366796  0.622256   -0.59061642  0.16120962 -0.88623079
  -0.76365603 -0.33364158 -0.69480268 -0.50248364  0.80277797 -0.17726621]
 [ 0.50355593  0.18276181 -0.50841545  0.88510586 -0.31569828 -0.04169407
   0.42897906 -0.55687218 -0.41542588 -0.44283543 -0.52997176  0.34746432]
 [ 0.68315582 -0.71950609  0.44067392 -0.76184814  0.50738327  0.0012327
   0.20318916 -0.17418609  0.74643709 -0.90458912  0.32076407  0.66552406]]

[[-0.03052052  0.01316343 -0.01995774 -0.0151682   0.04417852 -0.01170972
   0.69899738 -0.94543023  0.55528461  0.24932612  0.69489139  0.43469962]
 [ 0.34041991  0.33096079  0.36583753  0.18988808  0.08746904  0.09200873
   0.53391589 -0.46048917  0.9803217  -0.16196604 -0.54178038  0.22643325]
 [ 0.07814928  0.10952724  0.09404201  0.04504597  0.06082305  0.0184118
  -0.34047063 -0.21079686 -0.00642543 -0.60574733 -0.68488136 -0.72888809]
 [-0.00098642  0.02113035  0.00556202  0.00040702  0.02657223 -0.00205117
  -0.61455367  0.91802786  0.29015913  0.03915075 -0.50396071  0.98206981]
 [ 0.44160414  0.38976477  0.46271458  0.24461448  0.06541493  0.1225535
   0.72753848 -0.26098502 -0.66736923  0.10452462  0.80099184 -0.52072442]
 [-0.03814819 -0.02214601 -0.03651708 -0.02063174  0.00834404 -0.01151785
  -0.31642318 -0.79764309  0.93320961 -0.7570299  -0.11798421  0.48281372]
 [ 0.69899738  0.53391589 -0.34047063 -0.61455367  0.72753848 -0.31642318
  -0.88649781 -0.92480994 -0.45624746 -0.28883225 -0.62141634  0.66826315]
 [-0.94543023 -0.46048917 -0.21079686  0.91802786 -0.26098502 -0.79764309
  -0.18987609  0.05580097 -0.55127971  0.96011814 -0.68359859 -0.72056728]
 [ 0.55528461  0.9803217  -0.00642543  0.29015913 -0.66736923  0.93320961
   0.67704412  0.13890468  0.66857634  0.20452824 -0.24041356  0.48755476]
 [ 0.24932612 -0.16196604 -0.60574733  0.03915075  0.10452462 -0.7570299
  -0.41155271  0.99533083  0.09941721  0.444102    0.86312572 -0.91917014]
 [ 0.69489139 -0.54178038 -0.68488136 -0.50396071  0.80099184 -0.11798421
  -0.77215    -0.60241279 -0.33623193  0.90694336  0.8543611  -0.74762268]
 [ 0.43469962  0.22643325 -0.72888809  0.98206981 -0.52072442  0.48281372
  -0.7531781   0.34822707  0.06578901 -0.25810013 -0.68322818  0.84126073]]

[[ 0.35661944  0.2202872   0.34534672  0.19344569 -0.06189872  0.10660063
  -0.25801122  0.13932121 -0.69406229 -0.91821395  0.54735318  0.18855587]
 [ 0.23519196  0.27908599  0.26787068  0.13337673  0.12167336  0.05949362
   0.71890077 -0.15192805  0.6406134   0.36839     0.33697325  0.76503203]
 [ 0.34981497  0.25619713  0.3507827   0.19149296 -0.01200364  0.10132597
  -0.65684749  0.92570901  0.22515229 -0.30421603  0.17107516 -0.81053745]
 [ 0.19409159  0.12569073  0.18969468  0.10553489 -0.02664682  0.05754938
   0.11039663 -0.98221966  0.69168607  0.39510706  0.96017894  0.97268321]
 [-0.04379813  0.13544129  0.00630035 -0.01671617  0.20493965 -0.02621988
   0.34526236  0.81820903  0.2009179  -0.86701284 -0.14167568  0.58623637]
 [ 0.1053965   0.05429449  0.09882425  0.05670313 -0.0314215   0.03237842
   0.01021149 -0.92129986 -0.51835211 -0.12689327  0.51518027 -0.81632096]
 [-0.25801122  0.71890077 -0.65684749  0.11039663  0.34526236  0.01021149
  -0.19913097  0.94336337 -0.53929446  0.81148133 -0.37131817  0.15835411]
 [ 0.13932121 -0.15192805  0.92570901 -0.98221966  0.81820903 -0.92129986
  -0.08481743 -0.80529708  0.78586711 -0.16832735 -0.87011414  0.00643485]
 [-0.69406229  0.6406134   0.22515229  0.69168607  0.2009179  -0.51835211
  -0.26288183 -0.17368088 -0.83118451 -0.89708259 -0.63786517 -0.35447947]
 [-0.91821395  0.36839    -0.30421603  0.39510706 -0.86701284 -0.12689327
  -0.57710271  0.6001368   0.20143749 -0.24230184  0.73131785  0.05508244]
 [ 0.54735318  0.33697325  0.17107516  0.96017894 -0.14167568  0.51518027
  -0.83767794  0.67886197  0.65758537  0.62586692 -0.10702084 -0.29117552]
 [ 0.18855587  0.76503203 -0.81053745  0.97268321  0.58623637 -0.81632096
  -0.87555601 -0.50067262  0.92070772 -0.33838111 -0.47928141 -0.74008281]]

[[-0.10192176 -0.28140724 -0.16418811 -0.06475332 -0.24759764 -0.01281832
   0.56857973  0.40776761  0.11388539 -0.99241734  0.72996341  0.10141413]
 [-0.44039695 -0.18303166 -0.39979333 -0.2350331   0.18453003 -0.138834
  -0.97900749  0.27066386 -0.28860951  0.60463516 -0.01963312  0.17875628]
 [-0.21185105 -0.27527113 -0.24844621 -0.1211751  -0.13860117 -0.05165996
   0.41143442  0.74765486 -0.74926644  0.96658742 -0.20919872  0.27976169]
 [-0.07164319 -0.15304621 -0.10199277 -0.04357686 -0.11968304 -0.0126265
   0.92872783  0.85476345 -0.64522423  0.61674558  0.92498097  0.01240654]
 [-0.44067734  0.0376669  -0.33385053 -0.22561364  0.45280898 -0.15676164
   0.34130984 -0.13650039 -0.87025523  0.24853516 -0.80939278  0.14592347]
 [ 0.00002617 -0.08337465 -0.02497408 -0.00359957 -0.10127572  0.00674482
  -0.82708258  0.63525635 -0.84482812 -0.8326332  -0.75623731  0.37857146]
 [ 0.56857973 -0.97900749  0.41143442  0.92872783  0.34130984 -0.82708258
  -0.12468981 -0.89554631  0.16366108 -0.13326142 -0.65771169  0.31436281]
 [ 0.40776761  0.27066386  0.74765486  0.85476345 -0.13650039  0.63525635
   0.55771702  0.40606091 -0.96232173 -0.51696128 -0.71234869  0.00729374]
 [ 0.11388539 -0.28860951 -0.74926644 -0.64522423 -0.87025523 -0.84482812
  -0.92509897 -0.88047395  0.44699053 -0.20109765 -0.53221054 -0.08720061]
 [-0.99241734  0.60463516  0.96658742  0.61674558  0.24853516 -0.8326332
  -0.60460418 -0.05741748  0.18023962  0.34837021 -0.19771487 -0.22787316]
 [ 0.72996341 -0.01963312 -0.20919872  0.92498097 -0.80939278 -0.75623731
  -0.16885757  0.4594849  -0.82272538 -0.93813559  0.31087771 -0.30844204]
 [ 0.10141413  0.17875628  0.27976169  0.01240654  0.14592347  0.37857146
   0.70131681 -0.3337187   0.80521163 -0.24359197  0.96383653 -0.20709764]]

[[-0.1241002   0.11181779 -0.06367498 -0.05914961  0.25042809 -0.05232262
   0.59448366  0.70361545 -0.68174019  0.23310382  0.08133713  0.03754185]
 [-0.01883064  0.11375515  0.01935391 -0.00478085  0.15554049 -0.01575864
  -0.05580341  0.3035812   0.54674413 -0.689918    0.73744813  0.13534229]
 [-0.10284159  0.12167896 -0.04406879 -0.04775975  0.2427665  -0.04570379
   0.02127791 -0.14100161  0.91236976 -0.41096022 -0.91335393 -0.93297086]
 [-0.06481131  0.06259118 -0.03199684 -0.03070911  0.13587972 -0.02766433
   0.72800208  0.12411255 -0.4824592   0.77335561  0.42320224 -0.46314286]
 [ 0.0917665   0.03485697  0.08232201  0.04883216 -0.04243634  0.02919428
  -0.45843983  0.30727644 -0.91103547  0.2721914   0.93332876  0.55112057]
 [-0.04176777  0.0298146  -0.02377489 -0.02024654  0.07478936 -0.01697825
  -0.68650553 -0.30367551 -0.51096437  0.99071156 -0.59141184  0.57550677]
 [ 0.59448366 -0.05580341  0.02127791  0.72800208 -0.45843983 -0.68650553
  -0.01328139 -0.36131522  0.42146267 -0.05561909 -0.81494933  0.35709794]
 [ 0.70361545  0.3035812  -0.14100161  0.12411255  0.30727644 -0.30367551
   0.33297851 -0.95605305 -0.09081927  0.63568663 -0.74848031 -0.15008266]
 [-0.68174019  0.54674413  0.91236976 -0.4824592  -0.91103547 -0.51096437
  -0.01681712  0.26102238 -0.63486762  0.71464214 -0.16974476  0.10745243]
 [ 0.23310382 -0.689918   -0.41096022  0.77335561  0.2721914   0.99071156
   0.5895153   0.72958069  0.61287854 -0.06848885  0.43534133 -0.8022761 ]
 [ 0.08133713  0.73744813 -0.91335393  0.42320224  0.93332876 -0.59141184
   0.817894   -0.67357673  0.59463078  0.07699819  0.45433527 -0.78434929]
 [ 0.03754185  0.13534229 -0.93297086 -0.46314286  0.55112057  0.57550677
   0.86049405 -0.48859462 -0.52237645  0.53277294 -0.95567285 -0.00816047]]

[[-0.39167009  0.01023331 -0.30369182 -0.20153071  0.37422384 -0.13745045
   0.61129195  0.86237611 -0.83363005  0.47156068 -0.75491859  0.40051354]
 [ 0.00761602  0.40090834  0.12615178  0.0213009   0.47983451 -0.02973202
   0.65940736 -0.66055011  0.25439133  0.93295346 -0.27468418  0.02686125]
 [-0.30447644  0.12820166 -0.20003565 -0.15145499  0.43694339 -0.11656571
  -0.12231641  0.602279    0.19917341 -0.68728568  0.58644393  0.34277214]
 [-0.20164413  0.02265057 -0.15113921 -0.10300111  0.2137714  -0.07216811
   0.55159984 -0.8755475  -0.65889507 -0.12618233 -0.59071703 -0.43995649]
 [ 0.37104536  0.47741685  0.43372919  0.21202757  0.23703811  0.09085969
  -0.11144242 -0.52647699 -0.43760335 -0.43228862 -0.6617172   0.8320997 ]
 [-0.13723901 -0.02881904 -0.11612641 -0.0720195   0.0917731  -0.04554395
   0.77528052  0.8150805   0.87112684 -0.86041941  0.52839426 -0.26313487]
 [ 0.61129195  0.65940736 -0.12231641  0.55159984 -0.11144242  0.77528052
  -0.82031778 -0.32101995 -0.93265761 -0.56034674  0.84562666 -0.11100253]
 [ 0.86237611 -0.66055011  0.602279   -0.8755475  -0.52647699  0.8150805
  -0.95977711 -0.59485978 -0.87297869  0.70250496 -0.09922781 -0.28711329]
 [-0.83363005  0.25439133  0.19917341 -0.65889507 -0.43760335  0.87112684
   0.33866115  0.80556663 -0.33075452 -0.15623663  0.28776332  0.14990398]
 [ 0.47156068  0.93295346 -0.68728568 -0.12618233 -0.43228862 -0.86041941
  -0.73049217  0.1809304   0.22094318 -0.82400275  0.40386062  0.08941129]
 [-0.75491859 -0.27468418  0.58644393 -0.59071703 -0.6617172   0.52839426
   0.73848467  0.08362626 -0.74882923 -0.41413023 -0.71823122 -0.240751  ]
 [ 0.40051354  0.02686125  0.34277214 -0.43995649  0.8320997  -0.26313487
   0.54676513  0.1946305   0.64842619 -0.35887458 -0.7985439  -0.07570998]]

[[-0.14322758 -0.09162407 -0.13964481 -0.07782934  0.02103345 -0.042559
   0.03163408  0.09759962  0.03275879  0.80670636 -0.55158511 -0.76829108]
 [-0.12719759  0.08524461 -0.07406716 -0.06189841  0.22101833 -0.05125626
  -0.26340624  0.94880526 -0.19647939  0.67666059  0.97829409 -0.31399627]
 [-0.15030926 -0.04620565 -0.13157542 -0.07951295  0.08273187 -0.04869853
  -0.66026237  0.63775603  0.4034683  -0.17151872 -0.69062807  0.46928824]
 [-0.07937093 -0.04355407 -0.07522096 -0.04281698  0.02042432 -0.02416779
   0.12236927 -0.08263273 -0.05806599 -0.71179233  0.41191077  0.28703053]
 [-0.02216761  0.1881581   0.03904535 -0.00327736  0.2489791  -0.02293354
  -0.21298134  0.35641858  0.08115292  0.73676567 -0.88345563  0.35914579]
 [-0.03968508 -0.03884739 -0.04272763 -0.02214804 -0.01051871 -0.01070468
  -0.37939538  0.81815834  0.60789111  0.96168232 -0.8853539   0.1228083 ]
 [ 0.03163408 -0.26340624 -0.66026237  0.12236927 -0.21298134 -0.37939538
   0.84377712 -0.05603268 -0.65410704 -0.19362654  0.25756207 -0.0641985 ]
 [ 0.09759962  0.94880526  0.63775603 -0.08263273  0.35641858  0.81815834
  -0.61756085 -0.09164824 -0.26556864  0.84294821 -0.55848427 -0.16857847]
 [ 0.03275879 -0.19647939  0.4034683  -0.05806599  0.08115292  0.60789111
  -0.40863217  0.30564528  0.87731698 -0.17970605  0.34879295  0.46751684]
 [ 0.80670636  0.67666059 -0.17151872 -0.71179233  0.73676567  0.96168232
  -0.60007324 -0.30733704 -0.25169933  0.58668627  0.20881005 -0.35737872]
 [-0.55158511  0.97829409 -0.69062807  0.41191077 -0.88345563 -0.8853539
  -0.80742552  0.57895402 -0.82354914  0.63070427 -0.07437231 -0.05942026]
 [-0.76829108 -0.31399627  0.46928824  0.28703053  0.35914579  0.1228083
   0.30003761  0.52648567 -0.64341333 -0.10215427 -0.8428634  -0.55480754]]

[[-0.13597434  0.12727896 -0.06833987 -0.06460279  0.28017286 -0.05771368
  -0.25779995  0.28829934  0.50509367 -0.26837558  0.13936314 -0.87426402]
 [-0.32729145 -0.00988733 -0.25930176 -0.16920424  0.2903207  -0.11336816
  -0.81190285  0.79849599  0.84921486  0.96278755  0.8859558  -0.91863703]
 [-0.20461386  0.09672196 -0.13125954 -0.10132261  0.30646814 -0.07918811
  -0.34583667 -0.41439832 -0.9799282  -0.29864825 -0.43690116  0.97621807]
 [-0.08430176  0.06520601 -0.04647805 -0.04064652  0.15705908 -0.03467431
   0.29963964  0.6632067  -0.04903531  0.76023032  0.92382766  0.05782254]
 [-0.27186487 -0.12957838 -0.2517729  -0.14580904  0.0937669  -0.08436445
   0.67002231 -0.83039245 -0.78966624  0.2344952   0.4409305  -0.0282898 ]
 [-0.02098976  0.04519667 -0.00289003 -0.00886526  0.07427638 -0.01097308
  -0.1762915   0.79079929  0.42526166 -0.12418223 -0.87517286  0.07088669]
 [-0.25779995 -0.81190285 -0.34583667  0.29963964  0.67002231 -0.1762915
  -0.76948194 -0.84901825  0.11615434 -0.82579454 -0.47337339  0.30248687]
 [ 0.28829934  0.79849599 -0.41439832  0.6632067  -0.83039245  0.79079929
  -0.84880252 -0.68636258  0.1689415  -0.85882658  0.02725475  0.14287044]
 [ 0.50509367  0.84921486 -0.9799282  -0.04903531 -0.78966624  0.42526166
   0.18601814 -0.57072232  0.70905031 -0.11579783  0.32088804 -0.29429874]
 [-0.26837558  0.96278755 -0.29864825  0.76023032  0.2344952  -0.12418223
  -0.79919121  0.83100223  0.43579948  0.97097785 -0.76573536  0.79493229]
 [ 0.13936314  0.8859558  -0.43690116  0.92382766  0.4409305  -0.87517286
   0.83348942  0.93968726 -0.34606643 -0.37620467  0.30508736 -0.01444853]
 [-0.87426402 -0.91863703  0.97621807  0.05782254 -0.0282898   0.07088669
   0.98375609  0.44392028  0.79243664  0.90898086  0.92978711 -0.57183884]]
