A: 
[[ 0.3139402   0.22575742 -0.34848211  0.30553133 -0.021051    0.56775144
  -0.43077145 -0.37281094  0.73773355  0.35274996 -0.67145336  0.997927  ]
 [ 0.37741106 -0.07361572 -0.63804813  0.47425575  0.48134316 -0.64237451
  -0.38716809  0.86541146 -0.28248723  0.75741544 -0.5518243   0.03437548]
 [ 0.12053745  0.06211339 -0.14940131  0.12492431  0.02799263  0.09773563
  -0.61820014 -0.64278097  0.58390735 -0.58511418  0.71844112  0.99032699]
 [ 0.15291924  0.12022894 -0.16322653  0.14564173 -0.02532529  0.05744668
  -0.40210146  0.65229176 -0.84113364 -0.06717358  0.73225639  0.88795032]
 [ 0.38494167  0.69033647 -0.16467765  0.24644091 -0.63306146  0.02071091
   0.77394217  0.19418633 -0.29895628 -0.74867301  0.67034789  0.50319965]] 
x segnato:[[ 0.61020096]
 [-0.71194784]
 [-0.56777933]
 [ 0.51766107]
 [-0.43237884]
 [ 0.        ]
 [ 0.        ]
 [ 0.        ]
 [ 0.        ]
 [ 0.        ]
 [ 0.        ]
 [ 0.        ]]
Matrici Hi 

[[ 0.23267751  0.25155459 -0.20478324  0.20033302 -0.13929826  0.12861286
  -0.12930774 -0.43960252  0.1959964  -0.73728393  0.036732   -0.13741362]
 [-0.05507399  0.24019523  0.23882796 -0.14033569 -0.40718826  0.10817022
  -0.7239495   0.30381755 -0.92510806 -0.66446719  0.64325577  0.90152562]
 [-0.39951614 -0.24157237  0.4725117  -0.40298925 -0.04035509 -0.56765794
   0.46121462 -0.39203271  0.86519502  0.79581682 -0.18975363 -0.93032118]
 [ 0.2953868   0.22643395 -0.31898453  0.28312921 -0.04039281  0.92974641
   0.36906514  0.84999302 -0.76913382 -0.41802056  0.95271819  0.86291029]
 [ 0.31098108 -0.10394877 -0.55323498  0.40419958  0.46019105 -0.78111717
   0.56732589 -0.60685627  0.77713519 -0.49969556 -0.84058401  0.54343712]
 [ 0.12861286  0.10817022 -0.56765794  0.92974641 -0.78111717  0.60093597
   0.39423526  0.29113122 -0.64833201 -0.18970313 -0.0197626   0.35101692]
 [-0.12930774 -0.7239495   0.46121462  0.36906514  0.56732589 -0.26667383
  -0.19164772 -0.56018735 -0.72330075  0.82164184 -0.79108925 -0.66794638]
 [-0.43960252  0.30381755 -0.39203271  0.84999302 -0.60685627 -0.55955324
   0.77671584  0.41385233  0.85331954  0.74983097 -0.67307333 -0.69691713]
 [ 0.1959964  -0.92510806  0.86519502 -0.76913382  0.77713519  0.46951809
  -0.86604789 -0.59486832 -0.25223671 -0.13085113  0.75366152 -0.7031462 ]
 [-0.73728393 -0.66446719  0.79581682 -0.41802056 -0.49969556  0.92699417
   0.12593316 -0.60207553  0.5114405   0.5239914   0.19514686  0.38365918]
 [ 0.036732    0.64325577 -0.18975363  0.95271819 -0.84058401 -0.20349421
   0.45858327  0.76027478 -0.03808318 -0.30263183  0.48770934 -0.97623727]
 [-0.13741362  0.90152562 -0.93032118  0.86291029  0.54343712 -0.1675874
  -0.86716076  0.37761387  0.34189245 -0.88989318  0.85266588 -0.30736761]]

[[ 0.14163172  0.1490468  -0.1272406   0.12320688 -0.07880664 -0.85098138
   0.76132971  0.87300256  0.95434317  0.49302888  0.92018224  0.71650875]
 [-0.14391277 -0.00508799  0.22223936 -0.17056205 -0.1348505  -0.65321723
   0.98366208  0.5616093   0.52600749  0.79462546  0.01310481  0.73650985]
 [-0.31329263 -0.23674548  0.34048927 -0.30135048  0.03782721 -0.51396081
   0.67603426 -0.75427899  0.38946053  0.88561584  0.55143932  0.70976141]
 [ 0.21402332  0.17985758 -0.22109055  0.20024589 -0.05246031 -0.67280921
  -0.94129958  0.01092243  0.28295519 -0.0292011  -0.23621838 -0.20528015]
 [ 0.35139997  0.15487105 -0.45218932  0.37231285  0.12009028  0.5259137
   0.06920243  0.83955317  0.94761418 -0.58933391 -0.68602206  0.12899225]
 [-0.85098138 -0.65321723 -0.51396081 -0.67280921  0.5259137   0.93230524
  -0.87464157 -0.44153705  0.03561037 -0.3676406  -0.86297794 -0.01280516]
 [ 0.76132971  0.98366208  0.67603426 -0.94129958  0.06920243  0.75627225
   0.10273481 -0.03067031  0.43192006 -0.18878595  0.94344651 -0.66483452]
 [ 0.87300256  0.5616093  -0.75427899  0.01092243  0.83955317 -0.20784122
  -0.56481254 -0.87076979  0.32482438 -0.60004956  0.56528801  0.07098995]
 [ 0.95434317  0.52600749  0.38946053  0.28295519  0.94761418  0.40639554
   0.45319428 -0.53167283 -0.34186754  0.17573166  0.58268089  0.65699187]
 [ 0.49302888  0.79462546  0.88561584 -0.0292011  -0.58933391 -0.24112381
   0.06418884 -0.0446235  -0.51480991  0.52380488 -0.45809845 -0.00894799]
 [ 0.92018224  0.01310481  0.55143932 -0.23621838 -0.68602206 -0.72464142
  -0.62835476 -0.16222087  0.83288541 -0.03031716  0.71862843  0.27107213]
 [ 0.71650875  0.73650985  0.70976141 -0.20528015  0.12899225 -0.97782196
  -0.8684044  -0.63388377 -0.06950671 -0.05814165  0.70899085 -0.14580467]]

[[-0.13823878 -0.09241276  0.15789183 -0.13670481 -0.00100414 -0.61762666
  -0.17962991 -0.48377983 -0.87662652 -0.4307581  -0.06732442 -0.79034852]
 [-0.34179046 -0.03518511  0.51314377 -0.39792078 -0.28634393 -0.68443202
   0.84352991 -0.93559227 -0.16249464 -0.4596688   0.26404351  0.24340928]
 [-0.00048234  0.1224394   0.07851419 -0.03853272 -0.18027738 -0.36229081
   0.0238845   0.15445408 -0.14246466 -0.06681382 -0.94192713 -0.90569685]
 [-0.0593986  -0.09963102  0.02978741 -0.04016357  0.08756452 -0.77795231
  -0.30710318  0.14789819 -0.0322666   0.94846486 -0.09885751  0.08450834]
 [ 0.36520317 -0.03972255 -0.59739704  0.44914669  0.41949861 -0.41502427
   0.95695869  0.30154259 -0.45220033 -0.69143717  0.74980856 -0.62725459]
 [-0.61762666 -0.68443202 -0.36229081 -0.77795231 -0.41502427  0.54406601
  -0.29026459 -0.91789255 -0.02859705 -0.76979264  0.08130429 -0.31900679]
 [-0.17962991  0.84352991  0.0238845  -0.30710318  0.95695869 -0.04383455
  -0.18460099 -0.22789734 -0.83299227 -0.27991403  0.00882166  0.16403612]
 [-0.48377983 -0.93559227  0.15445408  0.14789819  0.30154259 -0.24757463
  -0.19848482  0.39856761  0.32252624 -0.47420305 -0.0022696   0.63107352]
 [-0.87662652 -0.16249464 -0.14246466 -0.0322666  -0.45220033 -0.75848212
  -0.8737995  -0.79909563  0.00391133  0.99528588 -0.18371062 -0.40020313]
 [-0.4307581  -0.4596688  -0.06681382  0.94846486 -0.69143717 -0.86807334
  -0.59169359  0.51308448  0.53540165  0.93437348  0.34834695 -0.43299381]
 [-0.06732442  0.26404351 -0.94192713 -0.09885751  0.74980856  0.27903212
   0.33827561  0.01317816  0.85600862 -0.45175626  0.57698726 -0.63086117]
 [-0.79034852  0.24340928 -0.90569685  0.08450834 -0.62725459  0.34970612
  -0.98975655 -0.54221182  0.02144462  0.43782357  0.79974813 -0.93758595]]

[[-0.2638737   0.04985285  0.44507592 -0.33108317 -0.3341653  -0.82791171
   0.09658695  0.2770842  -0.25985701 -0.20551345 -0.78206874 -0.66742385]
 [ 0.0458697   0.31339351  0.1271643  -0.04228446 -0.41485082  0.484554
  -0.18324304  0.61213334 -0.87860421  0.96704348  0.64511985  0.34968199]
 [ 0.44254632  0.12092383 -0.61654899  0.49185984  0.26008016  0.4925104
  -0.29753078  0.95857088 -0.75435305 -0.28366024 -0.20588336  0.77944094]
 [-0.32984841 -0.03752007  0.49295107 -0.38291263 -0.27110502 -0.64085205
   0.37065746 -0.9664958   0.97618685 -0.38350846 -0.05165187  0.75902543]
 [-0.32831611 -0.4109117   0.25341779 -0.2653297   0.27873019 -0.99730548
   0.51071425  0.70796001  0.38791688 -0.55774697  0.41386804  0.59539442]
 [-0.82791171  0.484554    0.4925104  -0.64085205 -0.99730548  0.0377997
   0.29923099 -0.19031928 -0.40110714  0.84322962 -0.48502545  0.10376556]
 [ 0.09658695 -0.18324304 -0.29753078  0.37065746  0.51071425 -0.44986028
   0.2645638   0.49798141  0.24214806  0.39098105  0.56242311 -0.55167486]
 [ 0.2770842   0.61213334  0.95857088 -0.9664958   0.70796001 -0.30183658
   0.4202661  -0.79692771  0.97939431 -0.76506157 -0.48974055 -0.81854855]
 [-0.25985701 -0.87860421 -0.75435305  0.97618685  0.38791688  0.26450879
   0.41850438  0.75962125 -0.79721876 -0.56482985  0.73098256 -0.69595626]
 [-0.20551345  0.96704348 -0.28366024 -0.38350846 -0.55774697 -0.92237752
  -0.88527342 -0.68119415 -0.01670447  0.50289182 -0.50008068  0.58921948]
 [-0.78206874  0.64511985 -0.20588336 -0.05165187  0.41386804  0.30326097
   0.27282441  0.321466   -0.5555514  -0.94256448 -0.35404053 -0.90182428]
 [-0.66742385  0.34968199  0.77944094  0.75902543  0.59539442 -0.45459586
   0.35684259 -0.50838067 -0.95054537 -0.45886857 -0.12609962  0.61601174]]

[[-0.25414059  0.02470699  0.41385733 -0.31164592 -0.28761347 -0.06297529
  -0.48609631 -0.66267585 -0.90840701 -0.5302519   0.12658186  0.34322944]
 [-0.16262323  0.1488205   0.34929718 -0.24065341 -0.3793664   0.04282106
  -0.86852632  0.72348303  0.71654909  0.28260144  0.88501806 -0.78099809]
 [ 0.29488812  0.05580367 -0.42656668  0.3354275   0.20968196 -0.14675655
  -0.0137      0.14443001 -0.59620371 -0.86639109  0.9261707  -0.07733254]
 [-0.25357421 -0.01658089  0.38674895 -0.29816934 -0.22642272  0.94612177
  -0.6797864  -0.29914522 -0.51752347  0.97885545 -0.86911828  0.38504035]
 [-0.01252192 -0.19410669 -0.10365447  0.04519446  0.27265916  0.81189244
  -0.18853221 -0.87856783 -0.03661642  0.09713521 -0.61000698 -0.12856684]
 [-0.06297529  0.04282106 -0.14675655  0.94612177  0.81189244  0.09057402
  -0.20826218 -0.70617058 -0.90273297  0.15654285  0.02718555 -0.19983739]
 [-0.48609631 -0.86852632 -0.0137     -0.6797864  -0.18853221  0.54659447
   0.02310497  0.36906679 -0.09611051  0.73596432 -0.97817429 -0.92182064]
 [-0.66267585  0.72348303  0.14443001 -0.29914522 -0.87856783  0.72198797
  -0.25901236 -0.22348492  0.86617973 -0.97553421  0.00013147 -0.48500883]
 [-0.90840701  0.71654909 -0.59620371 -0.51752347 -0.03661642  0.70089455
  -0.38427165  0.02397536  0.40312103  0.99694206  0.89487348  0.58092657]
 [-0.5302519   0.28260144 -0.86639109  0.97885545  0.09713521  0.08963106
  -0.19395195 -0.30958069  0.0266887  -0.43610088 -0.08150712 -0.38563472]
 [ 0.12658186  0.88501806  0.9261707  -0.86911828 -0.61000698 -0.93217162
   0.82897721  0.5228145  -0.44354628  0.59583642 -0.21099853 -0.27120792]
 [ 0.34322944 -0.78099809 -0.07733254  0.38504035 -0.12856684 -0.22275239
  -0.05658755  0.77295752  0.81852231 -0.06334876 -0.63593245 -0.11465056]]
