A: 
[[ 0.15503088  0.44127859  0.33761923  0.26899842  0.07567426  0.20947473
  -0.03334611 -0.06018352  0.83130668  0.73755553 -0.47139762 -0.23693971]
 [-0.34833477  0.11636807 -0.54352389 -0.39092642  0.65782511  0.15130232
   0.24328863 -0.77000095  0.42184134  0.4893471   0.44520847  0.41841536]
 [ 0.36352588  0.22383841  0.2970731   0.49135259 -0.42706854 -0.35113777
  -1.1048254  -0.58067413  0.63311331 -0.51732207 -0.85825218 -0.88637816]
 [-0.27605491  0.5746112  -0.19507188 -0.18294374  0.8046088   0.44568653
   0.42225172 -0.48340746 -0.02357406 -0.82918798  0.54790307 -0.28050969]
 [-1.11062782  0.24755295 -0.05877927 -0.39227359  0.19990765 -0.17509902
   0.03834188 -0.40242442 -0.5016292  -0.57317011 -0.47777145  0.08836774]
 [ 0.44862054  0.38010182 -0.07797277  0.24404747  0.30993415  0.16039577
  -0.37362144 -0.52076826 -0.76447529 -0.98025546 -0.97450373 -0.95361995]
 [-0.57638233  0.17673655  1.09172283  0.13734645 -0.58805618  0.19315934
   0.88998666  0.90907035  0.02599361 -0.00683863  0.63654711 -0.75427314]
 [ 0.38314235 -0.19776079 -0.0968908   0.11345443 -0.14321309 -0.09900701
  -0.25851647  0.55266265  0.01567959  0.63111445  0.43046154  0.50350647]
 [ 0.83639875 -0.48937273  0.13203221  0.27893279 -0.46945581  0.00033793
   0.04849373 -0.9211096   0.36703814 -0.58800831  0.57177049 -0.38510572]] 
x segnato:[[ 0.20210428]
 [-0.60058816]
 [ 0.73649573]
 [ 0.40774185]
 [-0.94712372]
 [-0.85656577]
 [-0.94471161]
 [ 0.        ]
 [ 0.        ]
 [ 0.        ]
 [ 0.        ]
 [ 0.        ]]
Matrici Hi 

[[ 0.25189428 -0.47202814 -0.46785561 -0.13887153 -0.04120946 -0.21144666
  -0.22711146  0.90114205  0.90306114  0.60554907  0.79787897  0.39646023]
 [ 0.41743423  0.19110369 -0.5854952  -0.03109894  0.63751536  0.16667008
  -0.28915207  0.78907688 -0.20709293  0.37973693 -0.12671672 -0.66409358]
 [ 0.09999037 -0.39571957 -0.02555308 -0.15706824 -0.07620786  0.16585968
   0.6989826  -0.41410648 -0.83359311  0.13451678  0.03477837 -0.40435092]
 [ 0.18774587 -0.35923544 -0.30380233 -0.13251715  0.01073351 -0.04195862
   0.09203742  0.51810783 -0.49107255 -0.73233754  0.36917957 -0.79856335]
 [ 0.29501355  0.57737059 -0.43367793  0.12560406  0.67494175  0.09428388
  -0.73276321  0.46815748  0.10617949  0.31822893  0.82718025  0.39539595]
 [ 0.2804016   0.13111656 -0.31086046 -0.0081652   0.39952496  0.16459007
  -0.06350707 -0.95722223  0.0174286  -0.32668051  0.38889415 -0.68433586]
 [ 0.0094303   0.24130111  0.26243808  0.05544903  0.14950455  0.34257951
   0.52464328  0.99646901  0.19468846  0.57230601 -0.78865704  0.04901153]
 [ 0.90114205  0.78907688 -0.41410648  0.51810783  0.46815748 -0.95722223
   0.99646901  0.59052536  0.6556887   0.36521649  0.60955073 -0.4392769 ]
 [ 0.90306114 -0.20709293 -0.83359311 -0.49107255  0.10617949  0.0174286
   0.19468846  0.77257833 -0.55438796 -0.82386147 -0.12754059  0.39177991]
 [ 0.60554907  0.37973693  0.13451678 -0.73233754  0.31822893 -0.32668051
   0.57230601  0.99565506  0.05647929  0.25741736 -0.04148731 -0.57788667]
 [ 0.79787897 -0.12671672  0.03477837  0.36917957  0.82718025  0.38889415
  -0.78865704  0.33826687  0.8106666  -0.71842588 -0.73656857  0.7106476 ]
 [ 0.39646023 -0.66409358 -0.40435092 -0.79856335  0.39539595 -0.68433586
   0.04901153  0.94860239  0.03237828  0.08750621 -0.75922986 -0.73693033]]

[[-0.82068578 -0.3851309  -0.25723846 -0.3961714  -0.2725585  -0.56183816
  -0.32435032  0.49535171 -0.74122072  0.2979915  -0.40926525 -0.04636118]
 [ 0.55093256 -0.3648337  -0.45554098 -0.20700167  0.42555409  0.44169375
   0.83343215 -0.76731567 -0.20071842  0.14086564 -0.42127211  0.77198984]
 [ 0.50182574 -0.38254407 -0.67685008 -0.23939512  0.45156237  0.22634934
   0.37009296 -0.97354856  0.50122618  0.84640393  0.86959905 -0.73033718]
 [ 0.08590072 -0.30458039 -0.35585961 -0.20849737  0.14431642  0.02787368
   0.22583279  0.78184474  0.6695184   0.09655072  0.79238186  0.46981523]
 [-0.19282842 -0.0880616   0.02836908 -0.11185898 -0.034906    0.00985277
   0.24199046  0.15019614 -0.43561836  0.54484478 -0.10740151 -0.03221057]
 [-0.24475685 -0.37752245 -0.46336518 -0.36122916  0.11460985 -0.14886802
   0.10896579  0.89635465 -0.1729219  -0.91651466  0.38141076 -0.54867685]
 [-0.44396293 -0.26891246 -0.5158865  -0.35496009  0.08375565 -0.36892291
  -0.35699919  0.40302041 -0.41012657 -0.2064707  -0.22477099  0.66580634]
 [ 0.49535171 -0.76731567 -0.97354856  0.78184474  0.15019614  0.89635465
   0.40302041 -0.87859389  0.94655183 -0.07096968 -0.74451393 -0.55359958]
 [-0.74122072 -0.20071842  0.50122618  0.6695184  -0.43561836 -0.1729219
  -0.41012657 -0.48820599 -0.62149369 -0.33380074 -0.23970665  0.56576291]
 [ 0.2979915   0.14086564  0.84640393  0.09655072  0.54484478 -0.91651466
  -0.2064707  -0.42755805  0.63930165 -0.47431835  0.8918982   0.81463246]
 [-0.40926525 -0.42127211  0.86959905  0.79238186 -0.10740151  0.38141076
  -0.22477099 -0.87615186 -0.22490571  0.14062027 -0.85155467 -0.92955431]
 [-0.04636118  0.77198984 -0.73033718  0.46981523 -0.03221057 -0.54867685
   0.66580634  0.56604622 -0.38230287  0.49910638 -0.73614707 -0.5298973 ]]

[[-0.4137892  -0.34840796  0.68247914  0.0183815  -0.79767558 -0.16727418
   0.48282764 -0.36644099 -0.93220899  0.89628747  0.99070121  0.06848065]
 [ 0.10655823 -0.17226326  0.00191225  0.09960922 -0.30178465 -0.27983886
  -0.46157223  0.96532977 -0.96271581  0.93437689  0.35449063 -0.84362068]
 [-0.60895524  0.51542997  0.0218632  -0.08936627  0.29711111 -0.04129086
  -0.25603553 -0.34713776 -0.38095249 -0.35393061  0.82411407 -0.13364545]
 [-0.36149841 -0.0811501   0.34442473 -0.00084748 -0.38937118 -0.16283464
   0.07354307  0.63086999  0.97157963  0.19748911 -0.11699648 -0.40770915]
 [ 0.55004383 -0.34904988 -0.14105599  0.13598904 -0.22854737 -0.13006148
  -0.27687382 -0.30805671 -0.36652118 -0.06363858 -0.03886131  0.99323076]
 [-0.08177241  0.15925905 -0.04503989  0.02086398  0.0845971  -0.06240529
  -0.26306673 -0.25955512  0.1877235   0.59927248  0.65713557  0.45459857]
 [-0.20911846  0.88236227 -0.50964197 -0.10114092  1.07831568  0.26101021
  -0.42509853  0.17948815 -0.62108255  0.3870896  -0.4638453   0.29555666]
 [-0.36644099  0.96532977 -0.34713776  0.63086999 -0.30805671 -0.25955512
   0.17948815  0.23149307 -0.69896377 -0.55081274  0.48776702 -0.95871647]
 [-0.93220899 -0.96271581 -0.38095249  0.97157963 -0.36652118  0.1877235
  -0.62108255 -0.44148859  0.24017902 -0.74685038  0.23671051  0.87999074]
 [ 0.89628747  0.93437689 -0.35393061  0.19748911 -0.06363858  0.59927248
   0.3870896  -0.86293633  0.29227967 -0.25767848 -0.11237362 -0.26387347]
 [ 0.99070121  0.35449063  0.82411407 -0.11699648 -0.03886131  0.65713557
  -0.4638453  -0.81499248  0.08704663 -0.0283293  -0.69486827 -0.03284935]
 [ 0.06848065 -0.84362068 -0.13364545 -0.40770915  0.99323076  0.45459857
   0.29555666  0.40660854 -0.26675268  0.89246876 -0.76842326 -0.1126825 ]]

[[ 0.14779508 -0.83228736 -0.084399   -0.20455032 -0.43821771 -0.09072668
   0.58698289 -0.55256562  0.31795413  0.33399331  0.98077363  0.34150856]
 [-0.59340229  0.1837682  -0.4880714  -0.39885973  0.56281471 -0.01389044
  -0.00442728  0.97948739  0.64706508 -0.66849799 -0.69808125 -0.39256251]
 [-0.68888816 -0.18795986 -0.46016866 -0.41440061  0.10027612 -0.38609217
  -0.31192882 -0.10259887  0.61634526 -0.94118626  0.02227578 -0.79921724]
 [-0.29628828 -0.26982706 -0.30301781 -0.29451047  0.05772539 -0.13118892
   0.10953316  0.36602762  0.5317968  -0.78959193  0.44992179 -0.67312904]
 [ 0.06106449  0.11680481 -0.00091073 -0.00920955  0.19374541  0.20026378
   0.25276777 -0.68440182  0.91821954  0.43005495 -0.83770628 -0.16659005]
 [-0.25496986 -0.34261632 -0.19834088 -0.24414426 -0.09810884 -0.17024237
   0.11192923  0.69381012  0.01781241 -0.7921575   0.83483235  0.28755982]
 [-0.18873963 -0.450873    0.02678527 -0.07626961 -0.5067512  -0.39691258
  -0.21690415  0.22441241  0.54732408  0.17562544  0.05608486  0.68516337]
 [-0.55256562  0.97948739 -0.10259887  0.36602762 -0.68440182  0.69381012
   0.22441241  0.71557405 -0.04112061  0.01067392  0.24255831  0.3868064 ]
 [ 0.31795413  0.64706508  0.61634526  0.5317968   0.91821954  0.01781241
   0.54732408  0.14764651  0.88265778  0.92269724 -0.85279787 -0.48340365]
 [ 0.33399331 -0.66849799 -0.94118626 -0.78959193  0.43005495 -0.7921575
   0.17562544 -0.78698257  0.24349383  0.95906837  0.48793949  0.96382224]
 [ 0.98077363 -0.69808125  0.02227578  0.44992179 -0.83770628  0.83483235
   0.05608486  0.07815553  0.73907593  0.85046969 -0.04430612 -0.32921772]
 [ 0.34150856 -0.39256251 -0.79921724 -0.67312904 -0.16659005  0.28755982
   0.68516337 -0.10677499 -0.63716584 -0.20540137  0.90227854 -0.64673441]]

[[ 0.07284275 -0.61607384  0.61902906  0.0741903  -0.8390676  -0.01410409
   0.7688471  -0.75995349  0.04658627  0.37623711  0.60685064  0.12411215]
 [ 0.39773838  0.28119328  0.16170735  0.30081806  0.03172127  0.1055599
  -0.27924901 -0.82352412  0.31688805  0.17072681 -0.71972727  0.00207758]
 [ 0.1914217   0.65478622  0.19997245  0.27926122  0.33712983  0.27344396
  -0.19236888 -0.7725554   0.82022923  0.758596    0.53403034 -0.03788727]
 [ 0.32283121  0.05103321  0.36955483  0.26449933 -0.23501205  0.11974935
   0.10438268  0.59434213 -0.25709238 -0.53266494 -0.46601169 -0.57412823]
 [-0.12009997 -0.29582482 -0.07210741 -0.1278769  -0.17563194 -0.14181913
   0.07507161 -0.06573069 -0.85236362 -0.37137887  0.75196144 -0.26403362]
 [-0.21999173  0.01889308  0.13109017 -0.05982887 -0.04164292  0.03698799
   0.23091316  0.01145991  0.12644726  0.27136678  0.84341954  0.02510156]
 [-0.87094467  0.31147322 -0.22331454 -0.40946459  0.49639017  0.05334734
   0.2477687   0.51484002  0.92505112  0.83808818 -0.07565693 -0.31297896]
 [-0.75995349 -0.82352412 -0.7725554   0.59434213 -0.06573069  0.01145991
   0.51484002  0.14650527 -0.97286401 -0.84900817 -0.05312834  0.77528977]
 [ 0.04658627  0.31688805  0.82022923 -0.25709238 -0.85236362  0.12644726
   0.92505112 -0.51566642  0.87024786  0.56066943 -0.53505008  0.51890521]
 [ 0.37623711  0.17072681  0.758596   -0.53266494 -0.37137887  0.27136678
   0.83808818 -0.26832423 -0.34768816 -0.54300768  0.77004941  0.4563204 ]
 [ 0.60685064 -0.71972727  0.53403034 -0.46601169  0.75196144  0.84341954
  -0.07565693  0.4016     -0.24561506  0.30882894  0.55013572 -0.31003677]
 [ 0.12411215  0.00207758 -0.03788727 -0.57412823 -0.26403362  0.02510156
  -0.31297896 -0.9872962   0.01092306 -0.43746005 -0.60767715  0.31103213]]

[[ 0.1815869  -0.38296491  0.22725536  0.06996856 -0.45046664 -0.06420256
   0.23222546  0.54881083 -0.31076001  0.06212735 -0.33935144 -0.67628759]
 [ 0.6276319  -0.10965314  0.11413239  0.15920371  0.02986699  0.37223047
   0.53724106 -0.98537631  0.21395246  0.85216539  0.47454014 -0.12940506]
 [-0.28164832 -0.38714904 -0.09015043 -0.28955225 -0.09363619 -0.01222741
   0.53613502  0.39848944  0.65947384  0.14238543 -0.23835219  0.02631982]
 [ 0.16170052 -0.41852332  0.06748451 -0.04159258 -0.28121094  0.0120169
   0.39352012  0.61650511 -0.80961382  0.06864554 -0.15294678  0.39608454]
 [ 0.56584234  0.41411933  0.1784902   0.33667057  0.23649573  0.3506626
  -0.01138127  0.39123557 -0.30226706  0.01760017  0.9716875   0.10687047]
 [ 0.05805835  0.14330767  0.10936971  0.04018313  0.11837795  0.20157204
   0.26158724  0.859176   -0.60978396  0.29271831  0.23524074 -0.42147325]
 [-0.74691461  0.53637927 -0.06189367 -0.2158901   0.46365168  0.05576264
  -0.01675386  0.38885021  0.61660321 -0.7750536   0.39577616 -0.99072078]
 [ 0.54881083 -0.98537631  0.39848944  0.61650511  0.39123557  0.859176
   0.38885021  0.89935816  0.09424958 -0.98367027 -0.40929351  0.16964167]
 [-0.31076001  0.21395246  0.65947384 -0.80961382 -0.30226706 -0.60978396
   0.61660321  0.70792649  0.14470782  0.81823383  0.82944237 -0.9651501 ]
 [ 0.06212735  0.85216539  0.14238543  0.06864554  0.01760017  0.29271831
  -0.7750536  -0.45365     0.79081559  0.6505706   0.36470572  0.16045099]
 [-0.33935144  0.47454014 -0.23835219 -0.15294678  0.9716875   0.23524074
   0.39577616 -0.32079266 -0.66048961 -0.08752971  0.94574102 -0.80314071]
 [-0.67628759 -0.12940506  0.02631982  0.39608454  0.10687047 -0.42147325
  -0.99072078  0.05389762 -0.05491212  0.85922803  0.0671918  -0.20290896]]

[[ 0.25839171 -0.51574692  0.02410847  0.03052606 -0.45000008 -0.18808344
   0.00980176 -0.40054227  0.4711005  -0.75969157  0.98357747  0.25272507]
 [-0.39989149  0.43209163  0.14756486 -0.01926595  0.21391512  0.08600081
   0.00586042 -0.27385206  0.9701822   0.98802739  0.30874424 -0.81921245]
 [ 0.54318077  0.13054833 -0.26587095  0.04880275  0.48145226  0.38266937
   0.24123835 -0.53285447 -0.42120386  0.99368528 -0.8315478  -0.03287306]
 [ 0.26319625 -0.01899734 -0.00321875  0.05596508  0.06805722  0.15616989
   0.18143011 -0.70479811  0.99289066  0.1473458  -0.16011827 -0.52697795]
 [-0.80469047  0.1298304   0.21584798 -0.10851106 -0.26427719 -0.37052271
  -0.34854594 -0.47149779 -0.9813735   0.85313425 -0.88521507  0.95836645]
 [-0.17277723 -0.07440967 -0.10341355 -0.0771896  -0.05667222 -0.17890951
  -0.21587374 -0.55238963  0.05903782  0.44245933 -0.57558234  0.50037464]
 [ 0.07110793 -0.2608098  -0.46627656 -0.14398688  0.07301498 -0.23439443
  -0.38909932 -0.66341818 -0.49643167  0.11964521 -0.1482096  -0.83925297]
 [-0.40054227 -0.27385206 -0.53285447 -0.70479811 -0.47149779 -0.55238963
  -0.66341818  0.71678645 -0.44147205  0.38340681  0.99719329 -0.59144524]
 [ 0.4711005   0.9701822  -0.42120386  0.99289066 -0.9813735   0.05903782
  -0.49643167  0.35726537  0.73448387  0.31701785  0.74091981  0.78672464]
 [-0.75969157  0.98802739  0.99368528  0.1473458   0.85313425  0.44245933
   0.11964521  0.18970494 -0.60454978 -0.70744699  0.01549591  0.78346213]
 [ 0.98357747  0.30874424 -0.8315478  -0.16011827 -0.88521507 -0.57558234
  -0.1482096  -0.11946287  0.62304159 -0.96431964 -0.08513993  0.33894421]
 [ 0.25272507 -0.81921245 -0.03287306 -0.52697795  0.95836645  0.50037464
  -0.83925297 -0.29401469 -0.83144178  0.57257122 -0.06038179  0.81163961]]

[[-0.48122383  0.4241647   0.4267145   0.17333196 -0.24176386 -0.24482249
  -0.53974036  0.02658929 -0.79080214  0.47121939 -0.13427822  0.30642702]
 [-0.1880434   0.56277773  0.40101088  0.11888441  0.23422421  0.35381211
   0.36635327  0.61761333 -0.9142394   0.29001375 -0.05419259 -0.3143297 ]
 [-0.16558477 -0.31878741 -0.28142055 -0.36357532  0.22563542  0.19076496
   0.75622533  0.76071476 -0.50924949  0.38494986  0.93251141  0.84896644]
 [-0.33787253  0.19702307  0.24546013 -0.00442461 -0.04241761  0.01762553
   0.10642193  0.78569211  0.33614699  0.94441224 -0.82955248  0.06671892]
 [ 0.0813227   0.60895122  0.33456719  0.30512853  0.14307339  0.16675374
  -0.25710114  0.12461507 -0.31427847  0.5378068  -0.56873657  0.3319425 ]
 [-0.03322515  0.16883151 -0.05878928 -0.04111984  0.24819361  0.15501694
   0.14408476 -0.84605323 -0.79290174  0.34644529 -0.45891203 -0.35282978]
 [ 0.37995574 -0.60795173 -0.89777194 -0.4271006   0.48016855  0.15021045
   0.46315633  0.62563027  0.32785694  0.87242679  0.99438363  0.14325103]
 [ 0.02658929  0.61761333  0.76071476  0.78569211  0.12461507 -0.84605323
   0.62563027 -0.06674848 -0.80517546  0.80161594 -0.5659196  -0.46021229]
 [-0.79080214 -0.9142394  -0.50924949  0.33614699 -0.31427847 -0.79290174
   0.32785694 -0.80777311 -0.17219997 -0.45365953 -0.84819883  0.77505234]
 [ 0.47121939  0.29001375  0.38494986  0.94441224  0.5378068   0.34644529
   0.87242679  0.04739371 -0.26171052 -0.69179382  0.76633744 -0.60412442]
 [-0.13427822 -0.05419259  0.93251141 -0.82955248 -0.56873657 -0.45891203
   0.99438363  0.70086142 -0.14915043  0.16653691  0.14692698 -0.42781917]
 [ 0.30642702 -0.3143297   0.84896644  0.06671892  0.3319425  -0.35282978
   0.14325103 -0.50180677  0.05227822  0.61134269  0.19583812  0.36948729]]

[[-0.01794302 -0.14863104 -0.12980377 -0.04742337 -0.07934216 -0.15858868
  -0.19741548 -0.19031448 -0.895914    0.64743863  0.58251182  0.22509213]
 [ 0.42881523 -0.58479305 -0.42088328 -0.27351158  0.20884745  0.31030891
   0.8817521   0.52249584 -0.23421994 -0.59401352 -0.5124163   0.75741737]
 [ 0.08613852 -0.07953906 -0.43483347 -0.25194321  0.4867388   0.25865542
   0.4404169   0.22308397  0.44419001  0.57757219 -0.74129545  0.64197074]
 [ 0.1239347  -0.2176395  -0.26823187 -0.15844341  0.16817587  0.10756541
   0.30066013  0.47899201  0.18913646  0.43349349 -0.53723327  0.58684057]
 [ 0.22981158 -0.35365757 -0.02609603 -0.02240772 -0.18475526  0.00662754
   0.24319409  0.30505184 -0.97271945 -0.47060565 -0.85599132  0.63641476]
 [ 0.11275836 -0.1998329  -0.26150204 -0.13523279  0.1360008   0.05501705
   0.18137249  0.41861817  0.32445513 -0.64593238  0.24445784 -0.93825075]
 [-0.18862179  0.27950058 -0.14082553 -0.03315681  0.25160709 -0.04385377
  -0.31583597  0.90485401  0.33413944 -0.74948011 -0.34444399  0.6815497 ]
 [-0.19031448  0.52249584  0.22308397  0.47899201  0.30505184  0.41861817
   0.90485401 -0.79675811 -0.31043759 -0.98836826  0.9587484   0.15792868]
 [-0.895914   -0.23421994  0.44419001  0.18913646 -0.97271945  0.32445513
   0.33413944  0.51485288 -0.96549179 -0.84593614 -0.27001245 -0.74820838]
 [ 0.64743863 -0.59401352  0.57757219  0.43349349 -0.47060565 -0.64593238
  -0.74948011 -0.08283156  0.14561561 -0.51836271  0.11475061  0.19559995]
 [ 0.58251182 -0.5124163  -0.74129545 -0.53723327 -0.85599132  0.24445784
  -0.34444399  0.2186554   0.13802362 -0.99298124 -0.4501946   0.77476224]
 [ 0.22509213  0.75741737  0.64197074  0.58684057  0.63641476 -0.93825075
   0.6815497   0.09394062 -0.2838005   0.23827691  0.76237526 -0.10760149]]
