A: 
[[ 0.35166499  0.69148302  0.27720634 -0.17699964 -0.34351606 -0.3839039
  -0.77418322  0.52278674  0.94942911  0.09517993 -0.040032    0.32317637]
 [ 0.00028884 -0.11306622  0.91010219  0.25085581  0.63756894 -0.41247654
   0.57026934 -0.04773518 -0.00450213 -0.1548356   0.55335783 -0.06127908]
 [ 0.06456023  0.56300763  0.30255529 -0.13168987  0.41377414  0.05784607
  -0.55333197  0.54371036  0.83100151 -0.91339066 -0.23388496  0.47653237]
 [-0.04294855 -0.50962553  0.20913757  0.5348764   0.61736447 -0.02595067
  -0.85621513 -0.41193149 -0.26069988 -0.19034923 -0.2963691  -0.40526255]
 [ 0.24425693 -0.23047661  0.00516672  0.47637784 -0.19508926 -0.58549056
  -0.78138504  0.35920151  0.96615425  0.96509578 -0.59017376 -0.05793487]
 [ 0.40243361  0.13202405  0.67991156  0.05258234 -0.49518738 -0.65903808
  -0.5134644  -0.65065818  0.36476916  0.1323682   0.51272468 -0.09309799]
 [-0.08430195 -0.0736983  -0.28229584  0.03428407  0.04734901  0.1308399
   0.03824648  0.25914551  0.15951444 -0.45055452  0.31799613  0.40364936]
 [-0.39202683  0.07226918 -0.71612139 -0.44668139 -0.00252667  0.6956317
   1.3206777   0.4315742   0.19427782 -0.31482574  0.38002511  0.26135905]
 [ 0.14878153  0.53981363  1.06470816 -0.1722558   0.44936546 -0.25771332
   0.02802965 -0.13928454  0.22821941  0.26268347 -0.68652448 -0.46827061]
 [ 0.0559549  -1.0424583  -0.72414905  0.70281541 -0.53917152 -0.33516756
  -0.55027435 -0.30733973  0.80676054  0.83980062 -0.13894513  0.43498717]] 
x segnato:[[-0.40256148]
 [ 0.37631546]
 [ 0.12711242]
 [ 0.77681357]
 [ 0.37431065]
 [-0.72889245]
 [-0.55951873]
 [-0.63801181]
 [ 0.        ]
 [ 0.        ]
 [ 0.        ]
 [ 0.        ]]
Matrici Hi 

[[ 0.0270669  -0.02582422 -0.11451696  0.01710148 -0.13535221 -0.03397856
  -0.07396402  0.04199485 -0.96734426  0.33771561  0.93574117 -0.35494261]
 [-0.10724804 -0.46608414 -0.87639063 -0.009157   -0.6712674   0.22200772
   0.30350781 -0.28300368  0.11982931 -0.55670451 -0.63657825 -0.31459137]
 [-0.31544509 -0.75136896 -0.65711123  0.3644825   0.39531137  0.5366949
  -0.35860084 -0.38888798 -0.06103615 -0.73948211 -0.79424218  0.6307587 ]
 [ 0.08776617  0.35451412  0.67109036 -0.06012267  0.41075656 -0.12800688
  -0.19883783 -0.00948409  0.98814195  0.7495668  -0.2766366  -0.6580302 ]
 [-0.25387809 -0.14354217  0.03754136 -0.07111181  0.55262578  0.5508938
   0.04701848 -0.57845397 -0.8827037  -0.4692164   0.06905234  0.05242211]
 [-0.10051798  0.18900969 -0.13724172 -0.2607985   0.00409555  0.28708643
   0.3072229   0.04316117 -0.3258662  -0.76180111 -0.36780665 -0.6135273 ]
 [-0.01016657 -1.07917551 -0.22657626  0.85013035  0.01740337 -0.48523089
  -0.14381126 -0.12824054 -0.5968813   0.8282387   0.07461139 -0.30312095]
 [ 0.29712617 -0.05737621  0.30604203 -0.08470737 -0.93330704 -0.6395218
   0.54165015 -0.58945803  0.79942032 -0.41004942  0.1725546   0.40462998]
 [-0.96734426  0.11982931 -0.06103615  0.98814195 -0.8827037  -0.3258662
  -0.5968813   0.79942032 -0.27020552 -0.79040644 -0.8682814  -0.86250378]
 [ 0.33771561 -0.55670451 -0.73948211  0.7495668  -0.4692164  -0.76180111
   0.8282387  -0.41004942 -0.54064533 -0.24586767 -0.73104685 -0.64737719]
 [ 0.93574117 -0.63657825 -0.79424218 -0.2766366   0.06905234 -0.36780665
   0.07461139  0.1725546  -0.20517698 -0.99218109 -0.57107545  0.53939946]
 [-0.35494261 -0.31459137  0.6307587  -0.6580302   0.05242211 -0.6135273
  -0.30312095  0.40462998  0.2508981   0.90447697  0.29676008 -0.85641938]]

[[-0.02126472 -0.26858074  0.17264903  0.18033817  0.09934971 -0.16629162
   0.28371335 -0.16900797  0.54429245 -0.71794299 -0.56869676  0.06883127]
 [ 0.31255764 -0.12638583 -0.06484139 -0.01240595 -0.97405427 -0.36720171
  -0.50442631 -0.83521849 -0.80555628  0.32484931 -0.2209405   0.69221074]
 [ 0.15458754  0.05597915  0.43787564  0.10002458  0.06531195 -0.24255262
  -0.46493269 -0.31015733  0.01135458  0.70755816  0.70116315  0.01619743]
 [-0.29030602 -0.13838015 -0.06325711  0.12042216  0.73377401  0.27850702
   0.52746115  0.54977762  0.73679625  0.80296861 -0.17293141  0.75714287]
 [ 0.06065247  0.37350273 -0.51375956 -0.19961852 -0.22384224  0.32088823
  -0.96938568  0.31912109  0.03258177 -0.88425997 -0.01706446 -0.53992671]
 [ 0.21291583  0.34433898 -0.50343879 -0.20785771 -0.6903656   0.06407572
  -0.99839354  0.09901332  0.55568873  0.46544981 -0.32175435  0.9042135 ]
 [ 0.07903742  0.92649449  0.76138564 -0.70947716  0.11139338  0.20119647
   0.30106837 -0.3342661   0.01271657 -0.76397426  0.97493919 -0.70951556]
 [-0.17727067 -0.20922663 -0.47425931 -0.2602655  -0.41503838  0.33156131
   0.88038794 -0.40779079  0.81108968 -0.4789268   0.3884262  -0.35747385]
 [ 0.54429245 -0.80555628  0.01135458  0.73679625  0.03258177  0.55568873
   0.01271657  0.81108968  0.1626323   0.70199232  0.101268    0.79050018]
 [-0.71794299  0.32484931  0.70755816  0.80296861 -0.88425997  0.46544981
  -0.76397426 -0.4789268   0.88205505 -0.48878913 -0.14094045  0.82524313]
 [-0.56869676 -0.2209405   0.70116315 -0.17293141 -0.01706446 -0.32175435
   0.97493919  0.3884262   0.7471937  -0.88934425 -0.648839   -0.07171674]
 [ 0.06883127  0.69221074  0.01619743  0.75714287 -0.53992671  0.9042135
  -0.70951556 -0.35747385 -0.56852004 -0.11934248  0.63989395  0.03160492]]

[[ 0.03053841 -0.12260678 -0.0575247   0.07457223 -0.16755411 -0.14816382
   0.1510602   0.03394755 -0.34465305 -0.04122723 -0.77056736  0.06672178]
 [ 0.19716178  0.29550837  0.6326167  -0.21574864 -0.17553679 -0.19242948
  -0.13059178 -0.70830143 -0.43326    -0.94511616  0.72484447  0.46754171]
 [ 0.18896474  0.49350534 -0.18446861 -0.4617238  -0.83239866 -0.09305428
   0.20871403  0.10861379 -0.89826843  0.28297014  0.29026866 -0.66671863]
 [-0.13524354 -0.17724003 -0.61089665  0.06505533 -0.10985518  0.12353859
   0.33880092  0.61712437 -0.36173184  0.00172458 -0.61197517 -0.58975771]
 [ 0.02157202  0.541583   -0.12599541 -0.47628951 -0.23180633  0.31070333
  -0.07126327  0.04077834  0.95097788  0.94633907  0.11585811 -0.06061141]
 [ 0.00811644  0.05515162  0.54882359  0.06944814  0.55798496  0.11468988
  -0.64482188 -0.58457326 -0.58595427 -0.36790135  0.1744534  -0.62672301]
 [ 0.04688433  0.79334545 -0.02831299 -0.64055008 -0.28654126  0.26150511
   0.2253117   0.30304067  0.66255886  0.8951821  -0.06590305  0.33080606]
 [-0.06139059  0.32323033 -0.03157624 -0.38954806 -0.15223782  0.18816197
   0.65582458  0.0913319   0.76139008  0.21176766  0.44724712 -0.46504338]
 [-0.34465305 -0.43326    -0.89826843 -0.36173184  0.95097788 -0.58595427
   0.66255886  0.76139008 -0.579137   -0.94269376  0.77997111 -0.8814212 ]
 [-0.04122723 -0.94511616  0.28297014  0.00172458  0.94633907 -0.36790135
   0.8951821   0.21176766 -0.52643732  0.00141208  0.37584907 -0.20775893]
 [-0.77056736  0.72484447  0.29026866 -0.61197517  0.11585811  0.1744534
  -0.06590305  0.44724712 -0.38733539  0.54227237  0.16111026 -0.27873637]
 [ 0.06672178  0.46754171 -0.66671863 -0.58975771 -0.06061141 -0.62672301
   0.33080606 -0.46504338 -0.12616499 -0.6430372   0.86236708  0.34854475]]

[[ 0.09968947  0.05451858  0.23950396  0.10614148  0.026167   -0.29264566
  -0.01869933  0.23040936  0.65691017  0.76487801 -0.75385306 -0.38041146]
 [ 0.02108178 -0.2571414   0.52427005  0.26027035  0.3532818  -0.21802376
  -0.04268369 -0.45250213 -0.27012301  0.36711544  0.20549199 -0.49556021]
 [-0.04936104 -0.15448025 -0.46768238  0.06765688 -0.19743306  0.05079768
   0.05324984  0.31959477 -0.45200455  0.10472762  0.84986062 -0.23592585]
 [-0.05656111  0.1176023  -0.50359987 -0.1030368  -0.15223689  0.19690703
  -0.04723566  0.52106786 -0.95463496  0.78796922  0.79892497  0.64829662]
 [-0.41246576 -0.39801608 -1.13081198 -0.08183042  0.13677593  1.01210998
  -0.21114117 -0.2518034  -0.87618236 -0.99930241  0.42075312  0.99057712]
 [-0.20950729 -0.27143659 -0.07501096  0.00011454  0.39338494  0.53859128
  -0.27153473 -0.82418322  0.68887209  0.38291739 -0.62275435  0.34726927]
 [ 0.22468295  0.3622859  -0.01675493 -0.47650836 -1.12887609 -0.40746021
   1.07948571  0.0242398   0.29108326  0.27800783  0.54653644 -0.88966722]
 [ 0.01360292  0.00327575  0.18317668 -0.00061998  0.00517666 -0.14481356
   0.35198806  0.03537367 -0.91336028  0.04233686  0.71030789  0.78760637]
 [ 0.65691017 -0.27012301 -0.45200455 -0.95463496 -0.87618236  0.68887209
   0.29108326 -0.91336028 -0.27299271 -0.18022941 -0.24956369 -0.5562325 ]
 [ 0.76487801  0.36711544  0.10472762  0.78796922 -0.99930241  0.38291739
   0.27800783  0.04233686  0.96538164 -0.92303498  0.68262808 -0.86195375]
 [-0.75385306  0.20549199  0.84986062  0.79892497  0.42075312 -0.62275435
   0.54653644  0.71030789 -0.88567543  0.86866064 -0.2939784   0.18995221]
 [-0.38041146 -0.49556021 -0.23592585  0.64829662  0.99057712  0.34726927
  -0.88966722  0.78760637 -0.60227754  0.4699216   0.82763169  0.92963238]]

[[ 0.01056851 -0.22681706  0.20449661  0.29378906  0.26317965 -0.21919023
  -0.08323517  0.0748259   0.91164099 -0.68094845  0.21307186 -0.55686075]
 [-0.00159444 -0.13081753  0.20951241  0.17676567  0.21095058 -0.1672459
   0.09293443  0.06716971  0.77432706 -0.34826405 -0.36012962 -0.05010439]
 [-0.1771688  -0.66489255  0.12379346  0.44145493  0.52386749  0.0056739
   0.16421009 -0.4040969  -0.68108274  0.63066759 -0.24971294 -0.56382681]
 [ 0.00365883  0.0345022   0.01539283 -0.0478485  -0.04763076 -0.00275792
   0.09901506 -0.01837279 -0.99607114  0.17824733 -0.68485853  0.72049768]
 [-0.18777799  0.19524337 -0.33177763 -0.49063276 -0.19545656  0.53689387
   0.69178313 -0.25741783 -0.22225166  0.53452251 -0.73667929 -0.24072375]
 [-0.11207185  0.42820466 -0.44248704 -0.52511173 -0.25675051  0.50591505
   0.30950551  0.16500415 -0.53934354  0.77465413 -0.2065137   0.91129652]
 [ 0.27607868 -0.0125979   0.00675575 -0.05163745 -0.71555466 -0.18542559
  -0.81786868 -0.88767146  0.22153186 -0.01636369 -0.37754014 -0.34508815]
 [ 0.36814178  0.52406766  0.47026192 -0.26885699 -0.6647631  -0.54145686
  -0.0272404  -0.0426344  -0.48040036  0.90691219  0.20724221  0.89402901]
 [ 0.91164099  0.77432706 -0.68108274 -0.99607114 -0.22225166 -0.53934354
   0.22153186 -0.48040036 -0.35467485 -0.50022612  0.47905875  0.14481651]
 [-0.68094845 -0.34826405  0.63066759  0.17824733  0.53452251  0.77465413
  -0.01636369  0.90691219  0.73026157  0.25092922 -0.14429563 -0.51933284]
 [ 0.21307186 -0.36012962 -0.24971294 -0.68485853 -0.73667929 -0.2065137
  -0.37754014  0.20724221  0.91226937  0.45781688 -0.21906066 -0.81386437]
 [-0.55686075 -0.05010439 -0.56382681  0.72049768 -0.24072375  0.91129652
  -0.34508815  0.89402901 -0.7637352   0.84150059  0.07507409 -0.91539746]]

[[ 0.13105976 -0.04398681  0.07958903  0.06080902 -0.29311909 -0.27766248
  -0.03644567 -0.08841523 -0.18910453  0.62173921 -0.59097855  0.20913653]
 [ 0.0336375  -0.24807334 -0.06437848  0.07209289 -0.30453666 -0.15226777
   0.23847882 -0.29535694  0.93412662  0.9299987  -0.88127745 -0.94268155]
 [ 0.36493803  0.09607563  0.53424511  0.06177921 -0.62423674 -0.81651707
   0.17162176 -0.11403775 -0.95943126 -0.72571642  0.87036161 -0.07021637]
 [ 0.03132116  0.27420533  0.02208242 -0.12157053  0.07578196  0.11258633
  -0.35542653  0.13798215  0.3916872  -0.12761652  0.24734008 -0.97655495]
 [-0.10553981  0.29437733 -0.00876827 -0.25238652  0.2600033   0.37823013
  -0.03907753  0.0377181  -0.88334264  0.06383963  0.60440098 -0.06627478]
 [-0.29645778 -0.13244053 -0.28309802 -0.06710164  0.45089778  0.54673841
   0.28933217 -0.01558091 -0.75054068 -0.4331646   0.2858729   0.76247997]
 [ 0.03920255  0.03222178  0.36977744  0.15649327  0.2859915  -0.28684235
   0.1666907   0.35185626 -0.22084078  0.18620569  0.10982674  0.93048152]
 [-0.20823227  0.1553833  -0.480645   -0.20392652  0.32183651  0.74237064
  -0.58816459 -0.0225444   0.67196978  0.83540154 -0.42940626  0.51241164]
 [-0.18910453  0.93412662 -0.95943126  0.3916872  -0.88334264 -0.75054068
  -0.22084078  0.67196978  0.40504157  0.68349581 -0.53879704 -0.82111571]
 [ 0.62173921  0.9299987  -0.72571642 -0.12761652  0.06383963 -0.4331646
   0.18620569  0.83540154  0.19076113  0.20307473  0.95310884  0.08996806]
 [-0.59097855 -0.88127745  0.87036161  0.24734008  0.60440098  0.2858729
   0.10982674 -0.42940626  0.98703718 -0.05522847 -0.33121519  0.71098516]
 [ 0.20913653 -0.94268155 -0.07021637 -0.97655495 -0.06627478  0.76247997
   0.93048152  0.51241164 -0.3654507  -0.61912641  0.39858862 -0.73176377]]

[[-0.05987922  0.12272642  0.02550545 -0.07816036  0.17936323  0.11858591
   0.11163172  0.17098694 -0.68368753 -0.91453557  0.73892419  0.85303802]
 [-0.16426669  0.14443649  0.0867629  -0.07778267  0.54845218  0.32042636
   0.06503272  0.19346014  0.60035612  0.83943947 -0.33282292  0.94137448]
 [-0.07668454  0.34234862  0.49198477 -0.3488781   0.19172101  0.02855068
   1.07146561  0.01719717  0.50870642  0.82409557  0.08132407  0.47786188]
 [ 0.08074829 -0.01004067  0.17969667  0.04090144 -0.12576924 -0.25293746
   0.19704658  0.01364111  0.68731172 -0.5346569  -0.42767473 -0.81534691]
 [ 0.01860046 -0.13828968  0.50568324  0.07690764  0.10798273 -0.28609792
   0.61310229 -0.2956378   0.77346282  0.84804983 -0.40050975 -0.72780083]
 [-0.04505061 -0.41793253 -0.23898556  0.25950653  0.02113638  0.0714246
  -0.40451602 -0.34288695  0.27740385  0.68572026 -0.10647335 -0.36645872]
 [ 0.35353525  0.49289502 -0.00854586 -0.39561361 -1.08122301 -0.37601723
  -0.04558586 -0.08685409 -0.42879962 -0.18421939 -0.5123033  -0.95169984]
 [ 0.12263     0.30381711  0.36495265  0.05736509  0.24186191 -0.24812799
  -0.31580066  0.48300037 -0.24269074 -0.70703566  0.2666587  -0.69682934]
 [-0.68368753  0.60035612  0.50870642  0.68731172  0.77346282  0.27740385
  -0.42879962 -0.24269074  0.21617789  0.08150216 -0.83885003 -0.26044157]
 [-0.91453557  0.83943947  0.82409557 -0.5346569   0.84804983  0.68572026
  -0.18421939 -0.70703566 -0.51540123 -0.14676902  0.32407352  0.74036527]
 [ 0.73892419 -0.33282292  0.08132407 -0.42767473 -0.40050975 -0.10647335
  -0.5123033   0.2666587   0.46475738  0.93503527 -0.42225264  0.35034022]
 [ 0.85303802  0.94137448  0.47786188 -0.81534691 -0.72780083 -0.36645872
  -0.95169984 -0.69682934  0.58845032 -0.55301174 -0.1150001   0.81523127]]

[[ 0.10446645  0.0374225  -0.01869501 -0.02561564 -0.27472993 -0.10673641
  -0.21016769 -0.14221411 -0.83562377 -0.36049634 -0.33142498  0.95232585]
 [-0.27086078 -0.11434773 -0.66785598 -0.1017155   0.10139419  0.50308655
   0.37954217  0.36878522 -0.26519833 -0.87381502  0.18605129 -0.51009393]
 [-0.00093132 -0.21833215 -0.60759081  0.20959322 -0.17293597  0.08297226
  -0.66317515  0.28986644  0.87120683 -0.38807925 -0.71790633 -0.43085875]
 [ 0.28592028 -0.16679635  0.26000492  0.24608426 -0.4345201  -0.56008458
  -0.49216297 -0.3644876  -0.1091516  -0.47375559 -0.26655413  0.81919536]
 [-0.16587801 -0.64893918 -0.61146596  0.44374436  0.09125511  0.03729222
   0.01887152  0.32889877  0.94496216  0.33403672 -0.96859122  0.4194206 ]
 [-0.34672939 -0.08892027 -0.13563671 -0.09486034  0.57590829  0.45540579
   0.88509605  0.27175773 -0.12233908 -0.10982027  0.58624554  0.17268821]
 [-0.15976675  0.61665441  0.25433941 -0.20679302  0.95501644  0.45860799
  -0.33772417  0.73781983  0.91669215  0.60285777  0.26935543 -0.94543334]
 [ 0.03522459 -0.32931732 -0.30192914  0.21942435 -0.30111322 -0.19095363
  -0.00513277  0.07142995  0.3321571  -0.02592651  0.34023468 -0.81971315]
 [-0.83562377 -0.26519833  0.87120683 -0.1091516   0.94496216 -0.12233908
   0.91669215  0.3321571   0.76768999 -0.5626255  -0.07481529  0.44646287]
 [-0.36049634 -0.87381502 -0.38807925 -0.47375559  0.33403672 -0.10982027
   0.60285777 -0.02592651  0.07667475  0.53378816 -0.42124827  0.04327435]
 [-0.33142498  0.18605129 -0.71790633 -0.26655413 -0.96859122  0.58624554
   0.26935543  0.34023468  0.30465494 -0.75887438 -0.08320493 -0.13488491]
 [ 0.95232585 -0.51009393 -0.43085875  0.81919536  0.4194206   0.17268821
  -0.94543334 -0.81971315  0.54708993 -0.23528039 -0.69098434 -0.58194048]]

[[ 0.01753796 -0.20895166 -0.1543722   0.22401924 -0.04182986 -0.16854373
  -0.07491971  0.26259906 -0.53040662  0.49379256  0.78442816  0.81403071]
 [ 0.05884118 -0.67758092 -0.27121025  0.55909339 -0.21566115 -0.42606889
  -0.15298088  0.07375283 -0.26833997  0.15431084 -0.21853447  0.87152002]
 [-0.15213317 -0.12030107 -0.54068309  0.14420878  0.24523498  0.28112821
  -0.30584942  0.58913034 -0.87981967  0.61327541  0.87453545  0.67911107]
 [-0.1555215   0.40540984 -0.15952879 -0.34438905  0.26855809  0.47967872
   0.1232654   0.33790722 -0.41147531  0.61073644  0.88756466 -0.73375091]
 [-0.28521948  0.36627974 -0.3751146  -0.47037313  0.34323991  0.85843787
   0.09399709  0.04218985  0.64219786  0.04586594  0.63917887  0.07966772]
 [ 0.08588667  0.01661474  0.34947781 -0.15747873 -0.23592598 -0.06383893
   0.13514973 -0.82949687 -0.11332787  0.0177687   0.42699985 -0.53223273]
 [ 0.04975856  0.42740825  0.46021187 -0.18042834  0.3192271   0.04942171
  -0.22302971  0.01137266  0.04214523  0.29479664 -0.34408722  0.88036405]
 [-0.18740821 -0.12810486 -0.45194607  0.10998657  0.26118018  0.21570699
   0.1843528   0.68367451  0.6943618   0.2347231   0.86563552  0.69652334]
 [-0.53040662 -0.26833997 -0.87981967 -0.41147531  0.64219786 -0.11332787
   0.04214523  0.6943618   0.64338011  0.86574595 -0.35320414 -0.57558465]
 [ 0.49379256  0.15431084  0.61327541  0.61073644  0.04586594  0.0177687
   0.29479664  0.2347231   0.74980066  0.45858124 -0.05758867 -0.8313104 ]
 [ 0.78442816 -0.21853447  0.87453545  0.88756466  0.63917887  0.42699985
  -0.34408722  0.86563552  0.08572219  0.3182068   0.90495385 -0.72241698]
 [ 0.81403071  0.87152002  0.67911107 -0.73375091  0.07966772 -0.53223273
   0.88036405  0.69652334  0.36784834  0.6875348   0.1942575  -0.47851409]]

[[ 0.04149275  0.13970177  0.09373434 -0.15975017 -0.18367791 -0.04337614
   0.2528078  -0.09534592 -0.04945596 -0.44914016 -0.07397538  0.82431657]
 [-0.062606    0.38173209  0.12678016 -0.17416819  0.36611221  0.17971693
   0.03439006  0.4654305   0.81338614 -0.56638022  0.39888782 -0.16841555]
 [ 0.09927994  0.71159405  0.47018881 -0.47023981 -0.08805793 -0.12215145
   0.64290486  0.37615664 -0.31688658 -0.44709091 -0.31934487  0.69053284]
 [ 0.06135519 -0.4059887   0.06823045  0.25710031 -0.19714777 -0.30263375
   0.11654468 -0.35316597 -0.90884145  0.47810923  0.28072204 -0.43374578]
 [-0.06134057 -0.28117016  0.05677943  0.39818025  0.47376039 -0.14789575
  -0.15096392  0.42519029  0.78371505  0.74131916 -0.58085541  0.44169843]
 [-0.15552892 -0.22391288 -0.51089701  0.20237474  0.29836456  0.33085068
  -0.53154481  0.30371517 -0.85001995  0.03060378 -0.38347189  0.75121136]
 [ 0.10288538  0.75731708  0.71883363 -0.31182492  0.43240398 -0.01703384
  -0.18072676  0.28137749  0.68762668  0.37927577  0.12596438  0.45380461]
 [-0.03154089 -0.60225851  0.55213334  0.75034417  0.87737812 -0.38581711
  -0.39689419 -0.0015757   0.08766376  0.13253004  0.69099042  0.34019109]
 [-0.04945596  0.81338614 -0.31688658 -0.90884145  0.78371505 -0.85001995
   0.68762668  0.08766376  0.48354745 -0.38162854 -0.90203643  0.69742506]
 [-0.44914016 -0.56638022 -0.44709091  0.47810923  0.74131916  0.03060378
   0.37927577  0.13253004  0.27270919 -0.8714686  -0.95462335  0.58065514]
 [-0.07397538  0.39888782 -0.31934487  0.28072204 -0.58085541 -0.38347189
   0.12596438  0.69099042  0.45185792 -0.36809132 -0.27448209 -0.33998181]
 [ 0.82431657 -0.16841555  0.69053284 -0.43374578  0.44169843  0.75121136
   0.45380461  0.34019109 -0.84049382  0.93967703 -0.51077012  0.54159097]]
