A: 
[[ 0.01953355  0.94373073 -0.10616212  0.29025603  0.1007644   0.80346508
  -0.99627895  0.10166199 -0.57639228  0.5776248   0.50386638  0.5259219 ]
 [ 0.15413866 -0.12765586  0.16441864 -0.36927926  1.0237346   0.01688501
  -0.33277285  0.94360305 -0.75473454 -0.60421799  0.11275926 -0.99570703]
 [ 0.15515676  0.19669391  0.12248073 -0.25753297  1.0206819   0.28846556
   0.7559408  -0.0819743  -0.10554996 -0.24713049 -0.79345524  0.80170193]
 [ 0.16541265 -0.1424303   0.17716391 -0.39819828  1.09877653  0.01358086
   0.21047956 -0.54200898 -0.00798748  0.53871303  0.20393706 -0.04704226]
 [ 0.11111197 -0.19244452  0.13180858 -0.30145923  0.7409973  -0.07166069
   0.75296784 -0.48503029 -0.46221752  0.75343203  0.61034735  0.92748942]
 [-0.09225411  0.43441256 -0.14577233  0.34672677 -0.62352411  0.28875755
  -0.56152121 -0.05326289 -0.35820536 -0.16960134  0.34040363  0.99234399]
 [ 0.09519459 -0.04761052  0.09741179 -0.21709808  0.63130636  0.03649741
   0.89915461 -0.72679844 -0.97829072 -0.24206376 -0.17834451 -0.46008111]
 [ 0.00866178 -0.72855382  0.10468    -0.27405067  0.07930012 -0.60125482
   0.61444134 -0.4938605  -0.45786737 -0.4099887   0.74102834  0.70502306]
 [ 0.17695239 -0.09478548  0.1819053  -0.40575936  1.17369301  0.06259676
   0.98713996  0.38085167  0.4574907  -0.31507708 -0.18582032 -0.13659943]
 [-0.01855615 -0.62835897  0.06537308 -0.18157654 -0.10381538 -0.53941192
  -0.58100535 -0.75729964 -0.05457839 -0.3839724  -0.62236238 -0.13992104]
 [ 0.02466526 -0.15854761  0.04458393 -0.10759035  0.16798652 -0.11259987
  -0.7319865   0.36809009  0.83763134 -0.27418053  0.07499592  0.61511512]
 [-0.00650402  0.07095141 -0.0156122   0.03860393 -0.04517617  0.05402065
   0.49283818  0.6397716  -0.83161408 -0.36328594 -0.87025007  0.34834902]
 [-0.11619044 -0.2328348  -0.0804037   0.16282035 -0.76176461 -0.2874272
   0.41143686  0.59641501 -0.70747688 -0.51260835 -0.88790295 -0.70881714]
 [ 0.05146621 -0.73163242  0.14605634 -0.36523315  0.36261504 -0.56954228
  -0.28359594  0.49431297 -0.92368996 -0.03185092 -0.70174118 -0.05349464]
 [ 0.04145899 -0.42359297  0.09572378 -0.23600613  0.287104   -0.32040777
  -0.49039947  0.09758864  0.54481219 -0.68010652 -0.95659597  0.67401524]
 [ 0.07208377 -0.23972101  0.10070865 -0.23590678  0.4841881  -0.14238492
   0.16591453  0.17165199 -0.72985117  0.83779413 -0.73683931  0.90322404]
 [ 0.15877001 -0.08936927  0.16378598 -0.36558442  1.05322307  0.05255571
   0.8161382   0.77436361 -0.89962018 -0.27688155  0.66438616 -0.7564634 ]
 [ 0.02043425  0.01427196  0.01766984 -0.03800189  0.13477558  0.02828015
  -0.22976952 -0.27201436  0.82637359 -0.70935637 -0.35786208  0.93382219]
 [-0.08391615  0.40309442 -0.13364842  0.31817895 -0.56740957  0.26929132
  -0.4437098  -0.89999054  0.02782393  0.94276124  0.91155817 -0.29219891]
 [-0.15307967  0.06515902 -0.15513655  0.34510552 -1.01484138 -0.06820882
   0.44208182  0.81180796  0.64795797 -0.72932752 -0.89183103 -0.10719179]] 
x segnato:[[-0.49278142]
 [ 0.00377232]
 [-0.62574239]
 [ 0.12500005]
 [ 0.23118911]
 [ 0.27293568]
 [ 0.        ]
 [ 0.        ]
 [ 0.        ]
 [ 0.        ]
 [ 0.        ]
 [ 0.        ]]
Matrici Hi 

[[ 0.00068844 -0.05688471  0.00818492 -0.02142313  0.00627197 -0.04693562
  -0.95369091 -0.50351578 -0.14584061 -0.62535143 -0.20738472  0.50456309]
 [ 0.10731632 -0.13452846  0.12051323 -0.27313341  0.71413485 -0.02635271
   0.89885124  0.97466794  0.12932964  0.54951702 -0.60599092  0.99955682]
 [-0.01353932 -0.03664711 -0.00811026  0.01563174 -0.08847892 -0.04143656
   0.31321173 -0.25104984 -0.33589828  0.55142696  0.18024254  0.90788817]
 [ 0.03623298  0.07250275  0.02508705 -0.05081089  0.23755281  0.08954422
  -0.77377438 -0.92438192  0.41282191 -0.82064554  0.63628902 -0.468588  ]
 [ 0.00131629 -0.3723262   0.05051961 -0.1335061   0.01994648 -0.30976132
  -0.15713908 -0.71429027 -0.63219748 -0.88548056 -0.52204235  0.74316436]
 [ 0.09013836 -0.15786309  0.10715907 -0.24516806  0.60117855 -0.05959032
  -0.3462293  -0.11566959 -0.48950192  0.74110677  0.02336892  0.87468356]
 [-0.95369091  0.89885124  0.31321173 -0.77377438 -0.15713908 -0.3462293
  -0.30687294 -0.02253311 -0.31891443 -0.48206693 -0.63765289 -0.56427119]
 [-0.50351578  0.97466794 -0.25104984 -0.92438192 -0.71429027 -0.11566959
   0.87226924  0.83168788 -0.74208388 -0.8863659   0.54387996  0.93708067]
 [-0.14584061  0.12932964 -0.33589828  0.41282191 -0.63219748 -0.48950192
   0.39811276 -0.38104449 -0.06950665  0.8643129  -0.54340886  0.11799562]
 [-0.62535143  0.54951702  0.55142696 -0.82064554 -0.88548056  0.74110677
   0.96496332 -0.40088434 -0.72994661  0.42241379 -0.0957142  -0.04314971]
 [-0.20738472 -0.60599092  0.18024254  0.63628902 -0.52204235  0.02336892
   0.54645612 -0.11532345 -0.76136476 -0.19929328  0.51738566 -0.96086114]
 [ 0.50456309  0.99955682  0.90788817 -0.468588    0.74316436  0.87468356
  -0.40413038 -0.9762061   0.27346204 -0.74805961 -0.61524759  0.05870371]]

[[-0.00507617  0.03623542 -0.00965255  0.0234085  -0.03468083  0.02618355
   0.93284548 -0.82920955  0.53668351  0.65706952  0.49389471 -0.4494055 ]
 [-0.03196443 -0.54340325  0.04129986 -0.12352208 -0.19509731 -0.47923026
  -0.63337661 -0.6467506  -0.14023512 -0.24773092  0.21155844 -0.50643129]
 [-0.00062953  0.10657541 -0.01470275  0.03874708 -0.00738187  0.08846428
   0.2353555   0.46400868  0.91755644 -0.72316491 -0.63751817  0.81901886]
 [-0.0005386  -0.26707987  0.03481988 -0.09264636  0.00449691 -0.22338795
   0.58006332  0.51705287  0.73289685  0.69416601  0.82373647  0.694218  ]
 [-0.03262252  0.2561574  -0.06511403  0.15861387 -0.22358283  0.18771085
  -0.33407927  0.92965713  0.38544634  0.23099649  0.14500651  0.55265453]
 [-0.03074926 -0.42460825  0.02674603 -0.08436733 -0.19064225 -0.3790877
  -0.63108419 -0.15480069 -0.54135098 -0.1477956   0.1281754  -0.6328859 ]
 [ 0.93284548 -0.63337661  0.2353555   0.58006332 -0.33407927 -0.63108419
  -0.16596873 -0.91034312 -0.748249   -0.95785115  0.86836883  0.67745938]
 [-0.82920955 -0.6467506   0.46400868  0.51705287  0.92965713 -0.15480069
  -0.78594845  0.99544626 -0.46466274  0.83422007  0.1996428   0.01027313]
 [ 0.53668351 -0.14023512  0.91755644  0.73289685  0.38544634 -0.54135098
  -0.52222663  0.17044331 -0.97548209 -0.98198731 -0.92052506 -0.11456136]
 [ 0.65706952 -0.24773092 -0.72316491  0.69416601  0.23099649 -0.1477956
   0.66321257  0.04168435 -0.12559321  0.49316831 -0.40974082 -0.65505643]
 [ 0.49389471  0.21155844 -0.63751817  0.82373647  0.14500651  0.1281754
   0.90247271 -0.06510994 -0.60439683 -0.72043651  0.37766567 -0.68779989]
 [-0.4494055  -0.50643129  0.81901886  0.694218    0.55265453 -0.6328859
  -0.19025164  0.48830321 -0.74505543 -0.76107651  0.44255304  0.40529554]]

[[-0.00868112 -0.02514492 -0.00498215  0.00944423 -0.05668108 -0.02794362
   0.14757972 -0.13564688  0.00070757 -0.47714667  0.37994108  0.76740655]
 [ 0.1164404  -0.02722829  0.11504998 -0.25466276  0.77126732  0.07052837
   0.67007358  0.46305734  0.76421619  0.84917515 -0.13378616 -0.71317767]
 [-0.02371427 -0.02046436 -0.01998994  0.04273184 -0.15629141 -0.03607653
   0.86488851  0.08919331  0.17461298 -0.2422496   0.15370674 -0.12219723]
 [ 0.05915925  0.04336827  0.05088485 -0.10929974  0.39012728  0.08358484
   0.94602974 -0.16023782  0.78086857  0.04545566  0.32302307 -0.98041768]
 [-0.0609542  -0.16555339 -0.03643742  0.07017502 -0.39831623 -0.1870218
   0.25722735  0.36653353  0.59623307 -0.46496934 -0.13072786 -0.95487945]
 [ 0.0902509  -0.04286884  0.09205274 -0.20502688  0.59845259  0.03649629
   0.76953112 -0.80795045 -0.29488874  0.78564868 -0.35651093 -0.3839805 ]
 [ 0.14757972  0.67007358  0.86488851  0.94602974  0.25722735  0.76953112
  -0.81695947  0.86097343 -0.78883124 -0.78443586  0.01425846 -0.08379216]
 [-0.13564688  0.46305734  0.08919331 -0.16023782  0.36653353 -0.80795045
   0.98912889 -0.22517795  0.66246705 -0.41919006  0.7435955  -0.15137228]
 [ 0.00070757  0.76421619  0.17461298  0.78086857  0.59623307 -0.29488874
  -0.26225835 -0.4031744   0.82320174 -0.93647875 -0.85981639 -0.52193974]
 [-0.47714667  0.84917515 -0.2422496   0.04545566 -0.46496934  0.78564868
  -0.09138775  0.04999683  0.72436424  0.89398232 -0.51059545 -0.13369579]
 [ 0.37994108 -0.13378616  0.15370674  0.32302307 -0.13072786 -0.35651093
  -0.83040379 -0.24958797 -0.59079392 -0.64491751 -0.76558781  0.23842161]
 [ 0.76740655 -0.71317767 -0.12219723 -0.98041768 -0.95487945 -0.3839805
   0.98098488 -0.56030273  0.10077545 -0.22401796  0.02227469 -0.78858972]]

[[ 0.00965296 -0.07259965  0.01884418 -0.04581106  0.06606135 -0.05287457
  -0.45837189 -0.47446107  0.66414774  0.34784671 -0.6965453   0.26078469]
 [-0.04717244 -0.24539572 -0.01268324  0.01312987 -0.30471742 -0.24263571
   0.28374616  0.98058975 -0.67879123 -0.8429221  -0.31994151 -0.27186696]
 [ 0.01548009 -0.03702017  0.0197142  -0.04558387  0.10354367 -0.01850603
   0.20740408  0.6202202   0.67764453  0.55206473  0.60140885 -0.4309114 ]
 [-0.03688278  0.06665305 -0.04411968  0.10104064 -0.24605212  0.02610173
   0.74397241 -0.36619915 -0.2021098   0.41682102  0.21068046  0.93023972]
 [ 0.06529394 -0.4729604   0.12506816 -0.30351212  0.44630148 -0.34252973
   0.92838469 -0.72965269 -0.39028238  0.30149864 -0.54909767  0.6304574 ]
 [-0.0316481  -0.26300063  0.00450462 -0.02572984 -0.20146693 -0.24489857
  -0.88814427 -0.02390349 -0.24897417  0.59342502  0.27460248  0.88124962]
 [-0.45837189  0.28374616  0.20740408  0.74397241  0.92838469 -0.88814427
  -0.43099371  0.27125619 -0.22753133 -0.88984104  0.52000105  0.08419297]
 [-0.47446107  0.98058975  0.6202202  -0.36619915 -0.72965269 -0.02390349
  -0.52089913  0.18175436  0.43668189  0.88004403  0.46247285 -0.89595327]
 [ 0.66414774 -0.67879123  0.67764453 -0.2021098  -0.39028238 -0.24897417
  -0.06341449  0.65266865  0.88085443 -0.75359313  0.19806239  0.67196035]
 [ 0.34784671 -0.8429221   0.55206473  0.41682102  0.30149864  0.59342502
  -0.16254448 -0.83746302 -0.03448525  0.26870796  0.16916549 -0.04378953]
 [-0.6965453  -0.31994151  0.60140885  0.21068046 -0.54909767  0.27460248
   0.76073627  0.99408669  0.76895263  0.97020883  0.31896313  0.88413167]
 [ 0.26078469 -0.27186696 -0.4309114   0.93023972  0.6304574   0.88124962
   0.4701495   0.84433782 -0.78329534  0.6579396   0.40559744  0.80278241]]

[[ 0.00643951 -0.04702672  0.01238515 -0.03006744  0.04402727 -0.03410014
  -0.6227749   0.86040288 -0.72476165 -0.43473186 -0.60585158  0.17215483]
 [-0.00789157 -0.28335072  0.02993487 -0.08288187 -0.04366409 -0.24285984
   0.00015906  0.65186175  0.53480708 -0.20596422  0.32981435  0.56454105]
 [ 0.00720747 -0.00752222  0.00789363 -0.0178127   0.04791632 -0.00050697
   0.00480045 -0.96555522  0.82570407 -0.30944151  0.03039868  0.46672572]
 [-0.01632586 -0.00050405 -0.01555915  0.03418826 -0.10800735 -0.01349634
   0.23887666  0.179678    0.0851211   0.11072982 -0.10665446  0.75938223]
 [ 0.04284615 -0.30260776  0.08104479 -0.19644434  0.29263091 -0.2182991
   0.1558126   0.01264983 -0.86515146  0.99704208 -0.91180265  0.54892514]
 [-0.00143036 -0.2742036   0.03490884 -0.09327059 -0.0011886  -0.23004903
   0.36665184  0.31388144 -0.74367773  0.1134003  -0.37820768  0.36196477]
 [-0.6227749   0.00015906  0.00480045  0.23887666  0.1558126   0.36665184
   0.69529953  0.07941364 -0.04200991  0.49339074 -0.72984869 -0.4951575 ]
 [ 0.86040288  0.65186175 -0.96555522  0.179678    0.01264983  0.31388144
  -0.56789953  0.45941976 -0.86835864  0.55067904  0.44178235 -0.29525785]
 [-0.72476165  0.53480708  0.82570407  0.0851211  -0.86515146 -0.74367773
  -0.63949263 -0.13718372 -0.46457039 -0.05765385  0.98360175  0.63609164]
 [-0.43473186 -0.20596422 -0.30944151  0.11072982  0.99704208  0.1134003
   0.83373748 -0.38804207 -0.14482894 -0.99736948 -0.62017397 -0.95663028]
 [-0.60585158  0.32981435  0.03039868 -0.10665446 -0.91180265 -0.37820768
   0.6554149  -0.50574999 -0.93841473 -0.93902273  0.83481264 -0.26778851]
 [ 0.17215483  0.56454105  0.46672572  0.75938223  0.54892514  0.36196477
  -0.45550304  0.63625605  0.63190001  0.88492705 -0.96202235 -0.88565815]]

[[ 0.00864982 -0.05797789  0.01594955 -0.03856534  0.05898262 -0.04147185
   0.51536365  0.35483629 -0.0912115  -0.81981138  0.93045986  0.71962103]
 [ 0.00101072  0.32006181 -0.04137766  0.11025618 -0.00297207  0.26799507
  -0.73988181 -0.2404597   0.56213351 -0.45817032  0.44056053  0.52035916]
 [ 0.0081452  -0.09783692  0.02074004 -0.0514989   0.05684675 -0.07515006
  -0.52746521 -0.17564929 -0.00601854 -0.18262958  0.49737844  0.69279143]
 [-0.0178526   0.23442468 -0.04810212  0.11989278 -0.12519949  0.18139791
   0.06566105 -0.4961563   0.73914078 -0.10686838  0.46830847  0.65158287]
 [ 0.05720231 -0.39327918  0.10678145 -0.25850102  0.39035717 -0.28249302
  -0.87589307 -0.08001468  0.92707712 -0.36986679 -0.87534854  0.49613078]
 [ 0.00777147  0.22075046 -0.02176764  0.06115376  0.04475875  0.19050534
   0.07391064 -0.72798947 -0.22749212 -0.20467541  0.99447689 -0.53746626]
 [ 0.51536365 -0.73988181 -0.52746521  0.06566105 -0.87589307  0.07391064
   0.32757368 -0.13435977  0.38333839  0.60273534 -0.27563162 -0.50188113]
 [ 0.35483629 -0.2404597  -0.17564929 -0.4961563  -0.08001468 -0.72798947
   0.56789816  0.63987887 -0.92143816  0.46235614 -0.14791918  0.79403547]
 [-0.0912115   0.56213351 -0.00601854  0.73914078  0.92707712 -0.22749212
  -0.89274344  0.04985121 -0.1866115  -0.50346926  0.28341266  0.62715968]
 [-0.81981138 -0.45817032 -0.18262958 -0.10686838 -0.36986679 -0.20467541
   0.81489839  0.37592103  0.53190993  0.25153295  0.01034217 -0.55693307]
 [ 0.93045986  0.44056053  0.49737844  0.46830847 -0.87534854  0.99447689
   0.60515944 -0.69333923  0.55482428 -0.77493366 -0.86432303  0.94064857]
 [ 0.71962103  0.52035916  0.69279143  0.65158287  0.49613078 -0.53746626
  -0.29406724 -0.31527209  0.20527993 -0.47187852 -0.43621519  0.36196429]]

[[ 0.01012769  0.09136064 -0.00239383  0.01076122  0.06425406  0.08437865
   0.86335429  0.12340702 -0.31273095  0.17376855 -0.39718767  0.72066506]
 [ 0.04311642 -0.13089624  0.05858557 -0.13671997  0.28923683 -0.07473896
   0.9267135   0.63219408 -0.58197997 -0.69755874 -0.11866276  0.8235992 ]
 [ 0.00398901  0.10476115 -0.01004222  0.02838822  0.02323213  0.09064879
   0.77804953 -0.99730103 -0.64526887  0.75034042 -0.19465061 -0.24990818]
 [-0.00617883 -0.23827199  0.02561014 -0.07065857 -0.03369197 -0.20385664
   0.36478953  0.5052627  -0.92142555 -0.77555969  0.17215346  0.78603035]
 [ 0.0657101   0.60845204 -0.01760729  0.07532956  0.41641742  0.56055984
   0.13532185  0.85323221 -0.1804089   0.55426421 -0.4550617   0.28872695]
 [ 0.04410468 -0.03609964  0.04698962 -0.10551419  0.29291485  0.00518817
  -0.52288354 -0.16615933  0.58621009 -0.22186892  0.15427789 -0.30441594]
 [ 0.86335429  0.9267135   0.77804953  0.36478953  0.13532185 -0.52288354
   0.12109436  0.27017408  0.53100246  0.85127713 -0.5798966  -0.67115718]
 [ 0.12340702  0.63219408 -0.99730103  0.5052627   0.85323221 -0.16615933
  -0.56207785  0.34823018 -0.8783581   0.68704804  0.36684114 -0.28431802]
 [-0.31273095 -0.58197997 -0.64526887 -0.92142555 -0.1804089   0.58621009
   0.81634517  0.72303662 -0.31591936  0.19791363 -0.89526862 -0.94792932]
 [ 0.17376855 -0.69755874  0.75034042 -0.77555969  0.55426421 -0.22186892
  -0.36578421 -0.53218632  0.35676993 -0.77010223 -0.44411113  0.35270018]
 [-0.39718767 -0.11866276 -0.19465061  0.17215346 -0.4550617   0.15427789
   0.5271147  -0.88208718  0.26685452 -0.33501803 -0.99115026  0.20931068]
 [ 0.72066506  0.8235992  -0.24990818  0.78603035  0.28872695 -0.30441594
   0.38369476  0.6232702  -0.05445001  0.81830751 -0.43254349 -0.00341927]]

[[-0.01348903 -0.03516731 -0.00825791  0.01604549 -0.08819083 -0.04016095
  -0.10620943  0.75628575  0.9688503   0.97616099 -0.28901604  0.18909443]
 [ 0.04153194 -0.45749104  0.1002784  -0.24806234  0.2886097  -0.34864725
  -0.32484299 -0.28069373  0.01096716 -0.59822112  0.54971705 -0.81047593]
 [-0.01840543  0.02686791 -0.02117092  0.0481768  -0.12259318  0.00768806
   0.00494678 -0.9819698   0.50154477 -0.50736632  0.2857907   0.3566242 ]
 [ 0.04297699 -0.08661371  0.05259343 -0.1208775   0.28697782 -0.03788385
  -0.52520914 -0.85228677 -0.95874094  0.06316105  0.32757811 -0.15260442]
 [-0.09050566 -0.21888248 -0.05766617  0.11365408 -0.59223845 -0.25520867
  -0.50758826 -0.61427565 -0.09217367  0.810742   -0.56563874  0.44231569]
 [ 0.02386709 -0.4100765   0.07709793 -0.19422987  0.17029657 -0.32321386
  -0.87418933  0.25805723  0.40913947 -0.00184007 -0.92285378 -0.44684404]
 [-0.10620943 -0.32484299  0.00494678 -0.52520914 -0.50758826 -0.87418933
  -0.64537132 -0.3219903   0.82473107 -0.89398553 -0.88767421 -0.44855182]
 [ 0.75628575 -0.28069373 -0.9819698  -0.85228677 -0.61427565  0.25805723
  -0.9248776   0.74624507  0.46759771  0.01948885 -0.82727486  0.06289129]
 [ 0.9688503   0.01096716  0.50154477 -0.95874094 -0.09217367  0.40913947
  -0.87844084 -0.59107978  0.69548519 -0.33037767 -0.42116893  0.49879414]
 [ 0.97616099 -0.59822112 -0.50736632  0.06316105  0.810742   -0.00184007
  -0.07842438  0.78034251 -0.29750909  0.62853904 -0.12456235  0.10179043]
 [-0.28901604  0.54971705  0.2857907   0.32757811 -0.56563874 -0.92285378
  -0.17322739 -0.72576102  0.62958674  0.33305914  0.48272606 -0.73960794]
 [ 0.18909443 -0.81047593  0.3566242  -0.15260442  0.44231569 -0.44684404
   0.93063454 -0.41226942  0.76283422 -0.58953588  0.53012976 -0.34301648]]

[[-0.00081729  0.11178783 -0.01557207  0.04097255 -0.00878153  0.0926652
  -0.94633738 -0.46907673 -0.38205265 -0.21281957 -0.10321337  0.06659406]
 [-0.00189455  0.07037238 -0.01112377  0.02869789 -0.01465946  0.05722905
  -0.16355671  0.36333348  0.00010255 -0.75265659 -0.88385207 -0.7225922 ]
 [-0.00053159  0.09768408 -0.01343266  0.0354189  -0.0064655   0.08112029
  -0.01700753  0.06391902 -0.75310355  0.4630823  -0.64393678 -0.8472521 ]
 [ 0.00105512 -0.21059866  0.02887265 -0.07616875  0.01333735 -0.17496137
  -0.84077826  0.63532042 -0.27828147 -0.42242948  0.74159841  0.42935074]
 [-0.00535053  0.73753724 -0.10269926  0.270235   -0.05766189  0.61140613
  -0.13879464  0.56936816 -0.35784409 -0.48378438 -0.33731142  0.21843385]
 [-0.00223613  0.1482785  -0.02175789  0.05677218 -0.01927085  0.12199101
   0.86635203 -0.2107292   0.18894912  0.21900037  0.68843402  0.23496713]
 [-0.94633738 -0.16355671 -0.01700753 -0.84077826 -0.13879464  0.86635203
   0.90527006  0.8597061   0.98477087 -0.99747644  0.55278719 -0.67630573]
 [-0.46907673  0.36333348  0.06391902  0.63532042  0.56936816 -0.2107292
   0.06069637  0.41143261 -0.12675258  0.12497395 -0.28502914  0.17915986]
 [-0.38205265  0.00010255 -0.75310355 -0.27828147 -0.35784409  0.18894912
  -0.80692675 -0.97227502  0.5479985   0.91443142 -0.78967763 -0.32717889]
 [-0.21281957 -0.75265659  0.4630823  -0.42242948 -0.48378438  0.21900037
  -0.51162842  0.27676739 -0.01683964  0.09240856 -0.40227227  0.8844234 ]
 [-0.10321337 -0.88385207 -0.64393678  0.74159841 -0.33731142  0.68843402
  -0.03152244  0.3077648  -0.51781055  0.56728278 -0.1135891   0.45526705]
 [ 0.06659406 -0.7225922  -0.8472521   0.42935074  0.21843385  0.23496713
  -0.07938805 -0.44008455 -0.06882031  0.88425593  0.15371548  0.08469046]]

[[ 0.01979556 -0.02752999  0.02258905 -0.05133544  0.13181119 -0.00712738
  -0.30900648  0.55655615  0.24687652  0.75655949  0.13201631 -0.62133041]
 [ 0.0603391   0.3017439   0.01783032 -0.02105952  0.39013599  0.30022013
  -0.63409755  0.44454087 -0.6801603  -0.98775411  0.64032863  0.87006248]
 [ 0.01096373 -0.06627107  0.01926146 -0.04634803  0.07454329 -0.0465417
  -0.3139193  -0.70335735  0.23657053 -0.28226602  0.88133784 -0.53348419]
 [-0.02048187  0.16390115 -0.0412882   0.10066426 -0.140468    0.1204195
  -0.21247982 -0.01012961 -0.5463254   0.08790396 -0.86789491  0.91224986]
 [ 0.12915926 -0.19126313  0.14892572 -0.33903317  0.86037426 -0.05622021
   0.0574018   0.17668734 -0.12508234  0.1329626   0.64404292  0.86236904]
 [ 0.06622517  0.22984484  0.03297645 -0.05869546  0.43125207  0.24491347
  -0.101979   -0.72034708  0.92623166  0.73282098  0.1874618  -0.73736993]
 [-0.30900648 -0.63409755 -0.3139193  -0.21247982  0.0574018  -0.101979
  -0.05747548  0.65365284 -0.10310926 -0.98988088  0.51057258 -0.28322413]
 [ 0.55655615  0.44454087 -0.70335735 -0.01012961  0.17668734 -0.72034708
  -0.44498503  0.12267726 -0.43354002  0.12668    -0.82139769 -0.5853251 ]
 [ 0.24687652 -0.6801603   0.23657053 -0.5463254  -0.12508234  0.92623166
  -0.80901791  0.58182078 -0.46220569 -0.77843839  0.09818458 -0.49655409]
 [ 0.75655949 -0.98775411 -0.28226602  0.08790396  0.1329626   0.73282098
  -0.30335729  0.55880748  0.51710786  0.06731307  0.60715268 -0.52336399]
 [ 0.13201631  0.64032863  0.88133784 -0.86789491  0.64404292  0.1874618
  -0.74727755 -0.36797746  0.21399533 -0.85655014  0.88953383 -0.56655548]
 [-0.62133041  0.87006248 -0.53348419  0.91224986  0.86236904 -0.73736993
  -0.53796732 -0.60001208  0.21973719  0.83923572 -0.43651439  0.41154715]]

[[-0.03005397 -0.03153509 -0.02459313  0.05218938 -0.19790494 -0.05039584
   0.1132867  -0.11280954  0.28021172  0.67397092  0.14211178  0.08238467]
 [ 0.02184046 -0.15786112  0.04178942 -0.1014032   0.14927506 -0.1142892
  -0.91200122  0.30252408 -0.76993151 -0.3838843  -0.24886506  0.26688392]
 [-0.03165486 -0.00929746 -0.02906746  0.06336749 -0.20916856 -0.03311417
  -0.05726976 -0.6906247   0.65348791 -0.73730942  0.41797891  0.36928063]
 [ 0.0709312   0.01095004  0.06644106 -0.14546224  0.46899657  0.06595059
  -0.7893918   0.46396364  0.64352906  0.59611973 -0.06125894 -0.39846365]
 [-0.19951584 -0.20389234 -0.16398539  0.34837935 -1.31397326 -0.33000242
   0.84918147  0.07868987 -0.53091533  0.04048552  0.81344486 -0.87122684]
 [-0.00583827 -0.15703825  0.01518865 -0.04285172 -0.03389032 -0.13577048
  -0.55944642 -0.03189259 -0.8510808  -0.3184738  -0.55458695 -0.40155779]
 [ 0.1132867  -0.91200122 -0.05726976 -0.7893918   0.84918147 -0.55944642
   0.78153958 -0.00555059 -0.20557306 -0.96350573  0.2030978   0.11002096]
 [-0.11280954  0.30252408 -0.6906247   0.46396364  0.07868987 -0.03189259
  -0.71716504 -0.54294229  0.32440887  0.34346246  0.05243992  0.75390253]
 [ 0.28021172 -0.76993151  0.65348791  0.64352906 -0.53091533 -0.8510808
  -0.44116539 -0.47380871  0.10942552  0.99107011  0.89829168  0.40197425]
 [ 0.67397092 -0.3838843  -0.73730942  0.59611973  0.04048552 -0.3184738
  -0.01512892 -0.33314689 -0.08881185  0.80743413  0.05779246  0.50138562]
 [ 0.14211178 -0.24886506  0.41797891 -0.06125894  0.81344486 -0.55458695
  -0.87754983 -0.88141926  0.06814622  0.56133981 -0.80935096  0.71157539]
 [ 0.08238467  0.26688392  0.36928063 -0.39846365 -0.87122684 -0.40155779
   0.99396479 -0.21279604  0.34808212  0.74276087  0.47782721 -0.48818899]]

[[-0.00842687  0.02715209 -0.01165783  0.02727214 -0.05657712  0.01591722
  -0.90954601 -0.21616213 -0.14413159  0.12644408  0.80259136  0.21333319]
 [ 0.02873684  0.25601804 -0.00636723  0.02940611  0.18241488  0.23673789
   0.07098381  0.31404184 -0.61875179  0.66446533 -0.6391588   0.74538795]
 [-0.0118675  -0.00788403 -0.01031556  0.02221225 -0.07828515 -0.01608634
   0.18882556 -0.56480905  0.98048544 -0.48514003 -0.93112602 -0.09068238]
 [ 0.0278286   0.03274195  0.0223035  -0.04708129  0.18314398  0.04962099
   0.77162127 -0.48407297 -0.50237755 -0.10337928 -0.60021387  0.22375095]
 [-0.05662495  0.17192914 -0.07694364  0.17956278 -0.37985647  0.09817383
   0.34682577  0.79068804 -0.09297633  0.32461058 -0.70081831 -0.66851236]
 [ 0.01724016  0.23546864 -0.0146522   0.04639059  0.10696557  0.21037556
  -0.07887991 -0.75570002  0.65793941 -0.51882441 -0.80675226  0.89272174]
 [-0.90954601  0.07098381  0.18882556  0.77162127  0.34682577 -0.07887991
   0.73200307 -0.7661749   0.80989856 -0.32427835 -0.10621156 -0.92997462]
 [-0.21616213  0.31404184 -0.56480905 -0.48407297  0.79068804 -0.75570002
  -0.99450653  0.98918879  0.04611566 -0.60583845  0.04288639  0.25182554]
 [-0.14413159 -0.61875179  0.98048544 -0.50237755 -0.09297633  0.65793941
   0.51094101  0.83612061 -0.22366022 -0.29480467  0.42980252  0.03922306]
 [ 0.12644408  0.66446533 -0.48514003 -0.10337928  0.32461058 -0.51882441
   0.37103867  0.47735117 -0.37258885  0.68212002 -0.38731904 -0.30633332]
 [ 0.80259136 -0.6391588  -0.93112602 -0.60021387 -0.70081831 -0.80675226
   0.63651306  0.89412003  0.45979152 -0.28235127  0.43506005  0.86229748]
 [ 0.21333319  0.74538795 -0.09068238  0.22375095 -0.66851236  0.89272174
   0.2487992  -0.19577161  0.4064706   0.84413366 -0.62535638 -0.60191868]]

[[-0.0045541  -0.11372081  0.01068674 -0.03034474 -0.02670073 -0.09858084
   0.53239249 -0.29840566 -0.02945757 -0.48076054  0.12297907  0.02429184]
 [-0.01276619 -0.02443889 -0.00898546  0.01829102 -0.08373183 -0.03062601
  -0.44001737 -0.00979139  0.67236936  0.73822594  0.87758118  0.15521916]
 [-0.00266982 -0.1056113   0.01141731 -0.03146356 -0.01447789 -0.09030193
  -0.03096337  0.78096165  0.24376157 -0.41893206  0.17458457 -0.38552103]
 [ 0.00510358  0.23079618 -0.02565021  0.07029694  0.02680303  0.1967547
  -0.25495414 -0.48089324  0.69729499  0.38504018 -0.86515171  0.40710591]
 [-0.02974759 -0.7517134   0.07098164 -0.20133264 -0.17414234 -0.65135077
   0.17318938  0.24051566 -0.05973314  0.67030788 -0.25388277 -0.82710572]
 [-0.01430456 -0.11148165  0.00105812 -0.00903421 -0.0912837  -0.10452085
  -0.97713006  0.36717556 -0.34735516 -0.94248379  0.42256235 -0.82367021]
 [ 0.53239249 -0.44001737 -0.03096337 -0.25495414  0.17318938 -0.97713006
   0.52094722  0.62137301  0.43888489 -0.10964353  0.21959181 -0.48025349]
 [-0.29840566 -0.00979139  0.78096165 -0.48089324  0.24051566  0.36717556
  -0.12245628  0.94468328  0.60583839  0.40832666 -0.45969357 -0.72112829]
 [-0.02945757  0.67236936  0.24376157  0.69729499 -0.05973314 -0.34735516
  -0.80774336  0.56738922  0.94970665 -0.53517577  0.84795616  0.82220447]
 [-0.48076054  0.73822594 -0.41893206  0.38504018  0.67030788 -0.94248379
   0.73874219 -0.49879063  0.19426844  0.24032347 -0.47917368  0.17948149]
 [ 0.12297907  0.87758118  0.17458457 -0.86515171 -0.25388277  0.42256235
  -0.36506122 -0.18595757 -0.68957076 -0.61302593  0.3132097   0.86241037]
 [ 0.02429184  0.15521916 -0.38552103  0.40710591 -0.82710572 -0.82367021
   0.91631658  0.13979953 -0.44088156  0.08166823 -0.82992373 -0.79508064]]

[[ 0.0094481  -0.01951468  0.01162482 -0.02674005  0.06310372 -0.00872365
  -0.69339703 -0.66285678  0.3592215   0.46255412  0.86346586  0.53567134]
 [ 0.00431682  0.03443696 -0.00042438  0.00300517  0.02752356  0.03220515
  -0.26421258  0.45784931  0.23664287  0.14196914  0.08676035 -0.19167886]
 [ 0.00847185 -0.02323402  0.01118251 -0.02599107  0.05675649 -0.01261042
   0.61426486  0.52080312  0.22357584  0.02852814 -0.88302877 -0.52219562]
 [-0.01837207  0.05316945 -0.02461876  0.05734187 -0.12316626  0.02967113
   0.30427188  0.23629572  0.88037944  0.02837015  0.03904659  0.40533062]
 [ 0.06238448 -0.13016114  0.07693019 -0.1770203   0.41670469 -0.0586933
   0.47524198 -0.04924288 -0.25884037 -0.1561709   0.07199388 -0.96828568]
 [ 0.01117073  0.01311824  0.00895617 -0.01890769  0.07351694  0.01989779
   0.55081624  0.73284777  0.8173943  -0.91983964 -0.65074392 -0.55198525]
 [-0.69339703 -0.26421258  0.61426486  0.30427188  0.47524198  0.55081624
   0.8791401  -0.81854517  0.04103601 -0.37098565  0.53777087  0.73103652]
 [-0.66285678  0.45784931  0.52080312  0.23629572 -0.04924288  0.73284777
   0.75649058 -0.78119822 -0.51030012  0.58414869  0.68929853  0.23341797]
 [ 0.3592215   0.23664287  0.22357584  0.88037944 -0.25884037  0.8173943
   0.85317366 -0.64872426  0.46309304  0.01485618  0.99577094  0.45835031]
 [ 0.46255412  0.14196914  0.02852814  0.02837015 -0.1561709  -0.91983964
   0.18605188  0.23618301  0.59047913 -0.44890968 -0.60115388 -0.73962538]
 [ 0.86346586  0.08676035 -0.88302877  0.03904659  0.07199388 -0.65074392
  -0.90049921  0.83821768  0.13678874 -0.76652382  0.53921888 -0.06948007]
 [ 0.53567134 -0.19167886 -0.52219562  0.40533062 -0.96828568 -0.55198525
   0.96588613 -0.33588526 -0.54498774  0.33380953  0.59310128  0.13349641]]

[[-0.00821776 -0.08061321  0.00279995 -0.01100779 -0.05194108 -0.07387709
   0.8107548   0.57853599  0.46668201 -0.16099409 -0.15462542 -0.15279377]
 [ 0.06543946 -0.31785228  0.10468622 -0.24935512  0.44258305 -0.21292991
  -0.41352371  0.09270465 -0.99196525  0.73685096  0.99268826 -0.83743131]
 [-0.01652321 -0.03510393 -0.01117037  0.02245456 -0.10826885 -0.04253815
  -0.23576606  0.54949338 -0.7909178  -0.14534381  0.60912379 -0.48419607]
 [ 0.04027586  0.0580795   0.03086482 -0.06438544  0.26473848  0.08074177
   0.44400152 -0.64396179 -0.84037727  0.58512776  0.73865891 -0.88103426]
 [-0.05634903 -0.52379658  0.01536683 -0.06530904 -0.35703342 -0.48239262
  -0.31814757 -0.34832161 -0.19599089 -0.64707042 -0.64513586 -0.85475295]
 [ 0.04804675 -0.32990506  0.08963391 -0.21697633  0.32786537 -0.23692149
  -0.23517079 -0.72537834  0.50076417  0.27825139  0.75296652 -0.0248625 ]
 [ 0.8107548  -0.41352371 -0.23576606  0.44400152 -0.31814757 -0.23517079
  -0.54194214  0.19706334 -0.05313483 -0.71672891  0.43780079  0.44191473]
 [ 0.57853599  0.09270465  0.54949338 -0.64396179 -0.34832161 -0.72537834
   0.05705772  0.08859787  0.03834607  0.58675417  0.03757732 -0.71956488]
 [ 0.46668201 -0.99196525 -0.7909178  -0.84037727 -0.19599089  0.50076417
  -0.58351856 -0.33055502 -0.73150999  0.14792827 -0.82541142  0.93601316]
 [-0.16099409  0.73685096 -0.14534381  0.58512776 -0.64707042  0.27825139
  -0.2258509  -0.56460746  0.25274993  0.00039015  0.23980982  0.1533195 ]
 [-0.15462542  0.99268826  0.60912379  0.73865891 -0.64513586  0.75296652
  -0.93259782  0.92064178 -0.38801775 -0.09074843 -0.11084113 -0.60240305]
 [-0.15279377 -0.83743131 -0.48419607 -0.88103426 -0.85475295 -0.0248625
   0.90291756 -0.98689473 -0.42259375  0.67915604  0.67123043  0.34922689]]

[[ 0.00914986  0.05742266  0.00116036  0.00090282  0.0588084   0.0552643
  -0.08632783 -0.28483631  0.12221855 -0.59943889  0.86135378 -0.61543471]
 [-0.04845255 -0.22515081 -0.01658692  0.02293306 -0.31379846 -0.22676064
  -0.23124144  0.27759035 -0.26514273 -0.64820261  0.74311918 -0.41016372]
 [ 0.01516793  0.08474852  0.0033051  -0.00216999  0.09780316  0.08289569
   0.1920925   0.54228428  0.62416684 -0.32695565 -0.64947198 -0.2837865 ]
 [-0.03627327 -0.19992974 -0.00826668  0.00615211 -0.2339736  -0.19595173
  -0.03130392  0.37415587 -0.2069296   0.61868121 -0.87134796  0.36506668]
 [ 0.06200377  0.38674096  0.00817827  0.00528154  0.3985853   0.3725084
  -0.33276097  0.92187678 -0.34333449  0.80048843  0.77384829 -0.7619134 ]
 [-0.03311966 -0.14196404 -0.01291731  0.01986746 -0.21485669 -0.14503658
  -0.00350587 -0.09396709  0.62704864 -0.71092133  0.72406179 -0.07987267]
 [-0.08632783 -0.23124144  0.1920925  -0.03130392 -0.33276097 -0.00350587
   0.9068868  -0.33849794  0.28255526  0.50841093  0.20728106  0.98586525]
 [-0.28483631  0.27759035  0.54228428  0.37415587  0.92187678 -0.09396709
  -0.60247575 -0.13002333 -0.83623453  0.07290188  0.43806294 -0.59907731]
 [ 0.12221855 -0.26514273  0.62416684 -0.2069296  -0.34333449  0.62704864
  -0.02974726 -0.53569377  0.59758342  0.82708787  0.49865354 -0.73727153]
 [-0.59943889 -0.64820261 -0.32695565  0.61868121  0.80048843 -0.71092133
  -0.18667487 -0.11797882 -0.72488754  0.72843848 -0.85092993  0.84196693]
 [ 0.86135378  0.74311918 -0.64947198 -0.87134796  0.77384829  0.72406179
  -0.74183738 -0.1934875  -0.69408454 -0.1920429   0.34523409  0.46863288]
 [-0.61543471 -0.41016372 -0.2837865   0.36506668 -0.7619134  -0.07987267
  -0.5722022   0.6411824  -0.19656578 -0.66873701 -0.81143866  0.74081312]]

[[ 0.00431443 -0.02606905  0.00757844 -0.01823535  0.02933386 -0.01830681
   0.44491382 -0.09370333 -0.35954636  0.9647507  -0.71845458 -0.76771288]
 [ 0.00478979 -0.02251202  0.00756281 -0.01798698  0.03237181 -0.0149567
   0.45291674  0.09641812 -0.5646317   0.50701536 -0.41861616  0.46328234]
 [ 0.00349573 -0.02197285  0.00625291 -0.01507372  0.02379319 -0.01554303
   0.53189247 -0.85969484 -0.20718534 -0.46173446  0.60953815  0.49852319]
 [-0.00739985  0.04696957 -0.01329675  0.03206884 -0.05037977  0.03328328
   0.33115916  0.18999112  0.71373676 -0.18300682 -0.49453392  0.22342543]
 [ 0.02840252 -0.17181041  0.04991564 -0.12011409  0.19311493 -0.12067836
   0.58198465 -0.78327524 -0.3920639   0.64640624 -0.98515418 -0.06894359]
 [ 0.00745396 -0.03967188  0.01238304 -0.02962031  0.05051759 -0.02714787
  -0.88304601  0.10308811 -0.92443275  0.04796706  0.9664607  -0.23125139]
 [ 0.44491382  0.45291674  0.53189247  0.33115916  0.58198465 -0.88304601
   0.96684067  0.98331498 -0.2462189   0.3801902  -0.57809685 -0.95433624]
 [-0.09370333  0.09641812 -0.85969484  0.18999112 -0.78327524  0.10308811
   0.45223616  0.77135167 -0.10678997 -0.11859197 -0.37372934  0.41153015]
 [-0.35954636 -0.5646317  -0.20718534  0.71373676 -0.3920639  -0.92443275
  -0.04131115 -0.11920367 -0.15182054  0.93768609 -0.98195264  0.18478141]
 [ 0.9647507   0.50701536 -0.46173446 -0.18300682  0.64640624  0.04796706
  -0.1348607   0.98814104 -0.38740247 -0.80891179  0.40632533  0.97669631]
 [-0.71845458 -0.41861616  0.60953815 -0.49453392 -0.98515418  0.9664607
   0.74457457 -0.46658338 -0.12035533 -0.70271024 -0.1066785  -0.0804828 ]
 [-0.76771288  0.46328234  0.49852319  0.22342543 -0.06894359 -0.23125139
   0.37147676  0.78418879 -0.07219773  0.70566757  0.17791603  0.74387584]]

[[-0.01992978 -0.08189821 -0.00823987  0.01319432 -0.1293967  -0.08433009
   0.46967642 -0.65212066 -0.31852724  0.35556704  0.40872168  0.79262443]
 [ 0.02688234 -0.24067468  0.05757157 -0.14109457  0.18513479 -0.17938334
  -0.73337997  0.26847454  0.0289051  -0.2522596  -0.33549414  0.93008958]
 [-0.02263183 -0.04654463 -0.01550343  0.03129576 -0.14834219 -0.05698124
   0.14837431  0.59530711  0.33516363  0.09937536 -0.47835328  0.99207832]
 [ 0.05139057  0.08788385  0.03755975 -0.07731619  0.33738113  0.11452414
  -0.60555671  0.10740035 -0.03660284 -0.51770897 -0.72562739  0.41564649]
 [-0.13267976 -0.53462827 -0.05625789  0.09156055 -0.86176039 -0.55256895
  -0.31175577 -0.34360337  0.08278419 -0.20338544 -0.27555393 -0.31815833]
 [ 0.00647923 -0.26650686  0.04146098 -0.10721738  0.05091413 -0.21728896
   0.47423794  0.17784012  0.05296699 -0.83139571 -0.96620733 -0.9968574 ]
 [ 0.46967642 -0.73337997  0.14837431 -0.60555671 -0.31175577  0.47423794
   0.29692084 -0.56422294 -0.50556929  0.41876128  0.61573165  0.57946646]
 [-0.65212066  0.26847454  0.59530711  0.10740035 -0.34360337  0.17784012
   0.15751824  0.79896187  0.76909784  0.36748764 -0.690842   -0.59092747]
 [-0.31852724  0.0289051   0.33516363 -0.03660284  0.08278419  0.05296699
   0.10593984  0.93633259  0.86754474 -0.78739732  0.95463318 -0.19426398]
 [ 0.35556704 -0.2522596   0.09937536 -0.51770897 -0.20338544 -0.83139571
  -0.28201876 -0.3816388   0.12494028 -0.91939982  0.75466165 -0.57424631]
 [ 0.40872168 -0.33549414 -0.47835328 -0.72562739 -0.27555393 -0.96620733
   0.73756657 -0.96082668  0.53769676 -0.03464533  0.78046613  0.58404047]
 [ 0.79262443  0.93008958  0.99207832  0.41564649 -0.31815833 -0.9968574
  -0.70893232  0.66300476  0.19599563  0.214395   -0.20017169 -0.41891523]]

[[-0.02111079 -0.08449896 -0.00902615  0.01476709 -0.13713253 -0.08744706
   0.43864629  0.21686837  0.09624097 -0.04112531  0.63594106 -0.04195319]
 [-0.03114182  0.12735463 -0.04665586  0.11027038 -0.20989819  0.08137302
   0.18343326 -0.9798791   0.45181472 -0.08969484 -0.88819427 -0.11406294]
 [-0.01608545 -0.09772513 -0.00246643 -0.00045517 -0.1034824  -0.09446333
  -0.87374048  0.70418157  0.55118989  0.73625649 -0.7330479   0.62433521]
 [ 0.03350245  0.22258488  0.00261734  0.00763528  0.21495631  0.21264493
   0.31035446 -0.27749153 -0.64667818 -0.06564951  0.17173033 -0.28056554]
 [-0.13874288 -0.56294382 -0.05831481  0.09438068 -0.90102336 -0.58106261
  -0.30774421  0.03990843 -0.65918578 -0.65187523  0.147272    0.66464755]
 [-0.04290485  0.03863871 -0.04617716  0.10388014 -0.28505261 -0.00210761
  -0.05682871 -0.84377734 -0.58151588  0.37446024  0.83329863  0.58210905]
 [ 0.43864629  0.18343326 -0.87374048  0.31035446 -0.30774421 -0.05682871
   0.72338313 -0.01611978  0.33625068  0.57407742 -0.63886928  0.68221581]
 [ 0.21686837 -0.9798791   0.70418157 -0.27749153  0.03990843 -0.84377734
   0.74772498 -0.72252021 -0.6680675  -0.91501999  0.12009988  0.82275876]
 [ 0.09624097  0.45181472  0.55118989 -0.64667818 -0.65918578 -0.58151588
   0.36462013 -0.9059694   0.70197217  0.97786617 -0.09297664 -0.75571659]
 [-0.04112531 -0.08969484  0.73625649 -0.06564951 -0.65187523  0.37446024
   0.28714186 -0.7800086   0.89392522 -0.25043396  0.66213734  0.5636617 ]
 [ 0.63594106 -0.88819427 -0.7330479   0.17173033  0.147272    0.83329863
  -0.82093084 -0.3899634  -0.57330056  0.98701096 -0.64281392 -0.50007223]
 [-0.04195319 -0.11406294  0.62433521 -0.28056554  0.66464755  0.58210905
   0.80198236 -0.79635942  0.91337003 -0.40282362  0.0119822  -0.4263871 ]]

[[-0.012165   -0.10996968  0.0029059  -0.01300698 -0.07717264 -0.10154508
  -0.3432721  -0.77228913 -0.46284583  0.16940601 -0.9411035   0.34290789]
 [ 0.05124957 -0.30171068  0.08896919 -0.21381819  0.34820633 -0.21081984
   0.07454462  0.42992847  0.28261634 -0.01486134 -0.23058642 -0.67778926]
 [-0.01842384 -0.06533722 -0.00898956  0.01583946 -0.11993222 -0.06929895
  -0.39714218 -0.23559972  0.71010354 -0.90321324  0.95984485 -0.76562957]
 [ 0.04360213  0.12554145  0.02512307 -0.0476991   0.28471122  0.13972263
  -0.21579426  0.40097702  0.92608508  0.21228911  0.05426186 -0.84980378]
 [-0.08203832 -0.71852532  0.01654218 -0.07960951 -0.52113353 -0.66552577
  -0.12797576  0.85384983 -0.58700063  0.03825602  0.41686725  0.28607996]
 [ 0.03303973 -0.33994207  0.07659829 -0.1889115   0.22887205 -0.25731962
   0.82872935  0.65204593 -0.47286609  0.64214271  0.85152627 -0.80683079]
 [-0.3432721   0.07454462 -0.39714218 -0.21579426 -0.12797576  0.82872935
   0.3194073  -0.4121574   0.85305578 -0.26043699 -0.16919579  0.85996559]
 [-0.77228913  0.42992847 -0.23559972  0.40097702  0.85384983  0.65204593
  -0.24489966 -0.79902298  0.52073271 -0.11544075  0.32872278  0.26025351]
 [-0.46284583  0.28261634  0.71010354  0.92608508 -0.58700063 -0.47286609
   0.92708032  0.74607311 -0.05176254 -0.95396602 -0.44137785  0.92652814]
 [ 0.16940601 -0.01486134 -0.90321324  0.21228911  0.03825602  0.64214271
  -0.55314534  0.1109349   0.54607452  0.08172523 -0.35117355  0.35552666]
 [-0.9411035  -0.23058642  0.95984485  0.05426186  0.41686725  0.85152627
  -0.84794381 -0.21497403  0.45337987 -0.69184489  0.80210354 -0.36899837]
 [ 0.34290789 -0.67778926 -0.76562957 -0.84980378  0.28607996 -0.80683079
  -0.68286102  0.01326594  0.26587921 -0.64828301 -0.58415676  0.52444937]]
