A: 
[[ 0.23278109  1.07668673  0.29275844  1.04747734  0.1241646  -0.39065923
  -0.43221257  0.45858499  0.59668113 -0.1234155  -0.13485458  0.60739973]
 [ 0.22058301 -0.17952989  0.89825681  0.34573854 -0.79923724  0.87523026
  -0.04879822 -0.71602418 -0.58915601  0.8121823   0.00397219  0.23571744]
 [ 0.65273205 -0.03398664  0.31340437  0.6265516  -0.4605168  -0.23929892
  -0.13464722  0.0942672   0.78128507  0.32617746 -0.50252911 -0.71001614]
 [ 0.71484477 -0.21625896  0.56652081  0.5630728  -0.57173178 -0.257628
  -0.182639    0.41359806 -0.01857401 -0.88818759 -0.3923438   0.04759299]
 [ 0.63840181 -0.44532479 -0.31708082  0.34451029 -0.1297949  -0.09532635
  -0.48067189  0.47408998  0.85012295  0.26993129 -0.60687561 -0.83504976]
 [-0.30492044  0.31421978 -0.45566811  0.06851377  0.20747704  0.63469486
  -0.08805111 -0.88171486  0.76510344 -0.66607084 -0.35104732  0.85755544]
 [ 0.60385075  0.39570359  0.05524115  0.890832   -0.37470884 -0.21305156
  -0.04088907 -0.51250719 -0.95797621  0.43023955 -0.33045349  0.87863984]
 [ 0.14958557 -0.75442111 -0.45532897 -0.36030631 -0.00722619  0.27123351
  -0.170955    0.0664358  -0.16942562  0.78060074 -0.30336157 -0.64947303]
 [ 0.07087304  0.1192995  -0.70033629 -0.0102019   0.09596534 -0.36435644
   0.46494545 -0.88005544  0.38170379 -0.87285005  0.03139892 -0.9546198 ]
 [-0.00631156 -0.30805096 -0.69238376 -0.45939643  0.50555994 -0.75544174
   0.03102376  0.82699608 -0.9395081   0.7405576  -0.34815974 -0.96029884]] 
x segnato:[[ 0.88572438]
 [-0.16170565]
 [-0.04429443]
 [ 0.02277735]
 [ 0.60674492]
 [-0.3803597 ]
 [ 0.00778012]
 [-0.33595946]
 [ 0.        ]
 [ 0.        ]
 [ 0.        ]
 [ 0.        ]]
Matrici Hi 

[[ 0.05076899 -0.23687383  0.53214149  0.01056048 -0.36233208  0.44803824
  -0.08153782 -0.05627901 -0.2665756  -0.05031548  0.50171212 -0.51010716]
 [-0.42400697  0.61606967  0.12843177 -0.21200731  0.27042529 -0.72060812
   0.63175539 -0.07059302  0.02475547  0.17929426  0.95355386  0.18890865]
 [ 0.20675405 -0.41348652 -0.12209397 -0.00526173 -0.27420265  0.41397656
  -0.03996318 -0.48319956  0.43970124 -0.15244347  0.21901734  0.87828469]
 [-0.37781007  0.15871906  0.5443368  -0.35487324 -0.10283123 -0.15860322
   0.5551083  -0.19400801 -0.1486845   0.56422341 -0.42701725  0.04022952]
 [-0.28514843  0.27579502 -0.28500991 -0.25194175  0.39601916 -0.51216205
   0.26295861  0.17256608  0.53335731  0.77331911  0.1224281   0.17004312]
 [-0.21572444 -0.10088584 -0.37198001 -0.42412921  0.22464775 -0.26326192
   0.33731288 -0.15250185  0.90671611 -0.34364194 -0.22136815  0.10439143]
 [ 0.48111878  0.22583457  0.11529657  0.79792038 -0.18800249  0.18618943
  -0.58058776  0.18594592 -0.20905878 -0.07753983 -0.76401233 -0.88522716]
 [-0.19543202 -0.69423432 -0.40531578 -0.70448269  0.05418623  0.31568875
   0.18125818 -0.28320761  0.27243462  0.75466603  0.25912653 -0.5051709 ]
 [-0.2665756   0.02475547  0.43970124 -0.1486845   0.53335731  0.90671611
  -0.20905878  0.27243462 -0.10279592 -0.63340142 -0.91690674  0.66202033]
 [-0.05031548  0.17929426 -0.15244347  0.56422341  0.77331911 -0.34364194
  -0.07753983  0.75466603  0.38552542  0.33465086  0.88627156  0.32210894]
 [ 0.50171212  0.95355386  0.21901734 -0.42701725  0.1224281  -0.22136815
  -0.76401233  0.25912653  0.90616094  0.9268234  -0.26164719 -0.64853125]
 [-0.51010716  0.18890865  0.87828469  0.04022952  0.17004312  0.10439143
  -0.88522716 -0.5051709  -0.6278624  -0.41567558 -0.68588891  0.16493379]]

[[ 0.32597749  0.19017994  0.31554648  0.32666391 -0.41299927 -0.47416541
   0.47535992 -0.49550409  0.75399602 -0.01427962  0.54111305 -0.30009922]
 [-0.42184076 -0.38242067 -0.70892756 -0.66699299  0.4930311   0.34262787
  -0.12975978  0.07648815  0.42107027 -0.85275485  0.32507299 -0.12082146]
 [-0.13307883 -0.55439984  0.31363577 -0.34584212 -0.26732891  0.79913652
  -0.12663582 -0.16226559  0.03753747 -0.32647161  0.69632894 -0.20984242]
 [-0.02814151 -0.33767011 -0.19971668 -0.34277125 -0.0649845  -0.02428594
   0.30358127 -0.34887498 -0.24641282  0.38601003  0.92538397 -0.91868384]
 [-0.09207735  0.30275522 -0.37291738  0.13856047  0.4087047  -0.09729465
  -0.31877798  0.37350092 -0.7562318   0.88362233 -0.02009963 -0.47637212]
 [-0.20641449 -0.84986083  0.01085265 -0.67911188  0.00599051  0.66100421
  -0.26602837  0.39703747  0.77606593  0.04752226 -0.00207702 -0.51575306]
 [-0.10752681  0.10088794 -0.02473361 -0.07930322  0.04486572 -0.09320437
   0.17408101 -0.15819068  0.20114244 -0.8218976   0.93968896 -0.68253727]
 [ 0.36873486  0.75924186  0.38817194  1.02643099 -0.16521913 -0.05362811
  -0.4142873   0.10335089  0.74693204  0.85928938  0.04823292  0.50482372]
 [ 0.75399602  0.42107027  0.03753747 -0.24641282 -0.7562318   0.77606593
   0.20114244  0.74693204 -0.59819549  0.12037372 -0.95374276  0.29481028]
 [-0.01427962 -0.85275485 -0.32647161  0.38601003  0.88362233  0.04752226
  -0.8218976   0.85928938  0.53824153 -0.53945646  0.36969206 -0.33224624]
 [ 0.54111305  0.32507299  0.69632894  0.92538397 -0.02009963 -0.00207702
   0.93968896  0.04823292  0.01128164 -0.57252714  0.39157151 -0.78170393]
 [-0.30009922 -0.12082146 -0.20984242 -0.91868384 -0.47637212 -0.51575306
  -0.68253727  0.50482372  0.42103582  0.40199719 -0.125224    0.79996183]]

[[ 0.09733032 -0.71760037 -0.07369709 -0.30645086 -0.02723669  0.40833319
  -0.41281429  0.55086218  0.03572956 -0.78186288  0.91712259 -0.50853057]
 [-0.18843002 -0.15174198  0.55796528 -0.2699034  -0.40444143  0.32213886
   0.46058925 -0.65201724 -0.15550153 -0.79536966  0.88717181  0.83089161]
 [-0.45032762  0.57104379  0.48104615 -0.00982237  0.15584222  0.03067453
   0.08188324  0.13473066  0.648863    0.59802159  0.69407131  0.94523374]
 [ 0.0517289  -0.72761348  0.56463107 -0.27769204 -0.47573414  0.77346316
  -0.16463816  0.01460072  0.60802092  0.41932312 -0.26492789 -0.78758268]
 [ 0.11349498  0.14475488  0.15782173  0.13175602 -0.17174013 -0.28758417
   0.28792031 -0.25256864  0.93140005  0.50328836 -0.29772681  0.70135539]
 [ 0.31268684  0.49411135  0.38204501  0.82135409 -0.3294242   0.26967916
  -0.26237778 -0.36827863 -0.06625118 -0.4004081   0.16467801 -0.4950093 ]
 [-0.32309902  0.05126106 -0.7794997  -0.4260077   0.50007901 -0.26735055
   0.24921298 -0.21511933 -0.37868489 -0.89098822  0.86511251  0.28109841]
 [-0.06911961  0.39844258  0.81131662  0.13679144 -0.03449057 -0.53068256
   0.05695647  0.86661742  0.36565331  0.13771448 -0.76370515  0.25895091]
 [ 0.03572956 -0.15550153  0.648863    0.60802092  0.93140005 -0.06625118
  -0.37868489  0.36565331  0.79822353  0.51927365  0.99975224 -0.8787832 ]
 [-0.78186288 -0.79536966  0.59802159  0.41932312  0.50328836 -0.4004081
  -0.89098822  0.13771448  0.58555538 -0.27491447 -0.78203155 -0.5013526 ]
 [ 0.91712259  0.88717181  0.69407131 -0.26492789 -0.29772681  0.16467801
   0.86511251 -0.76370515  0.46000692 -0.43885735  0.01205042 -0.33910145]
 [-0.50853057  0.83089161  0.94523374 -0.78758268  0.70135539 -0.4950093
   0.28109841  0.25895091  0.79111587  0.34034143  0.42257415  0.12333089]]

[[ 0.34108576  0.2199065   0.32249647  0.40606692 -0.32282852 -0.43086684
   0.23640677 -0.1608175   0.70155521 -0.35726726 -0.7892502  -0.45219078]
 [ 0.10842476 -0.42021044 -0.3563378  -0.06025998  0.01937201  0.49907197
  -0.37692779 -0.02170019 -0.42962117 -0.05960279 -0.63418153 -0.11731803]
 [-0.18593384 -0.1757486  -0.80511191 -0.13399425  0.31023991  0.76470219
  -0.37525051 -0.51241349  0.18645487 -0.82827383 -0.05659749  0.57651199]
 [ 0.39296308  0.11154281 -0.2616548   0.46420196 -0.16455374 -0.09536962
  -0.02494099 -0.45712756 -0.55330445 -0.82901452 -0.64529579 -0.54692148]
 [-0.05476105 -0.0858008   0.05305593 -0.09416283  0.08093879  0.03549184
  -0.14568977  0.35982875  0.97725356  0.54199539  0.41854047 -0.63104013]
 [-0.22046255  0.60882787 -0.88732157  0.14510565  0.47564438 -0.15189182
   0.16464037 -0.79074209 -0.60966613 -0.98988362  0.66683668 -0.65844086]
 [-0.11916816 -0.54880301  0.59422262 -0.46974149 -0.23225447  0.23157777
   0.02430985  0.48768129 -0.79693094 -0.96688057 -0.20694405 -0.06419198]
 [-0.01802929  0.12000089 -0.36742431  0.18877021  0.25368882  0.30840874
  -0.45304316  0.11285391 -0.4649337   0.20336897  0.65874426 -0.41328948]
 [ 0.70155521 -0.42962117  0.18645487 -0.55330445  0.97725356 -0.60966613
  -0.79693094 -0.4649337   0.1117606   0.37488821  0.83561147  0.96668519]
 [-0.35726726 -0.05960279 -0.82827383 -0.82901452  0.54199539 -0.98988362
  -0.96688057  0.20336897  0.06052147  0.74102708 -0.45343139 -0.52566905]
 [-0.7892502  -0.63418153 -0.05659749 -0.64529579  0.41854047  0.66683668
  -0.20694405  0.65874426 -0.89540705  0.17552503 -0.56112918 -0.70848287]
 [-0.45219078 -0.11731803  0.57651199 -0.54692148 -0.63104013 -0.65844086
  -0.06419198 -0.41328948  0.71320112 -0.26634287 -0.74133041  0.64655088]]

[[ 0.00725922 -0.66077665  0.06739304 -0.50947627 -0.28768667  0.14630847
   0.3549154  -0.33061864  0.70530822  0.00140408 -0.15387567  0.8962667 ]
 [-0.09390985  0.34269083 -0.49341947  0.17869852  0.2052086   0.13665485
  -0.00388002 -0.60624136  0.71775497 -0.86866247  0.56050121 -0.52941583]
 [ 0.20715002  0.45438973 -0.05980011  0.70725848  0.01753701  0.32051597
  -0.52868362 -0.0706525  -0.36587993  0.17273488 -0.21397465 -0.76279797]
 [ 0.0192993  -0.42035047 -0.32802924 -0.25996361 -0.16160938  0.35713768
   0.21202768 -0.77168674 -0.34817519 -0.64216673 -0.95491527 -0.88741261]
 [-0.12475053  0.21316271  0.0206103   0.03507178  0.08288858  0.00992869
   0.02360068 -0.06874552  0.19264768  0.19534665  0.07569141 -0.90531653]
 [ 0.25745488  0.069977   -0.09632658  0.39830868  0.04384929  0.08297725
  -0.48148277  0.37643917  0.75180698  0.79643301 -0.64785379 -0.91568494]
 [-0.10835799  0.26724135 -0.06828821 -0.05027694  0.25341154 -0.52073046
   0.12893243  0.36826995  0.72948105  0.34132254 -0.90778931 -0.23954008]
 [ 0.01493641  0.11636037  0.50699386  0.33473721 -0.35393943  0.74635687
  -0.22709404 -0.43808944 -0.99801997 -0.10921229  0.01069473 -0.59585103]
 [ 0.70530822  0.71775497 -0.36587993 -0.34817519  0.19264768  0.75180698
   0.72948105 -0.99801997 -0.08126842 -0.60575227 -0.54304012 -0.61126731]
 [ 0.00140408 -0.86866247  0.17273488 -0.64216673  0.19534665  0.79643301
   0.34132254 -0.10921229 -0.0535103  -0.51508838  0.54928935  0.40908112]
 [-0.15387567  0.56050121 -0.21397465 -0.95491527  0.07569141 -0.64785379
  -0.90778931  0.01069473  0.01858526 -0.85408417 -0.7332512  -0.75540671]
 [ 0.8962667  -0.52941583 -0.76279797 -0.88741261 -0.90531653 -0.91568494
  -0.23954008 -0.59585103  0.26997647 -0.52755662 -0.5271384  -0.29966741]]

[[ 0.13426774  0.13611171 -0.68087877  0.27434189  0.34703895  0.01654235
  -0.43779061  0.14341085  0.6806836  -0.88315823 -0.46458572  0.71704167]
 [-0.29697661 -0.30052312  0.65013208 -0.30825893 -0.34057454  0.86300453
   0.01483617 -0.32866718  0.4605306  -0.30478126  0.34513797 -0.5687344 ]
 [-0.01339315 -0.57864716 -0.33119649 -0.29593575 -0.12423012  0.70366442
  -0.08611509 -0.56959162 -0.20377047 -0.50578676  0.84918848 -0.5336523 ]
 [-0.2139211  -0.21691131 -0.35666326 -0.19594711  0.23727489  0.65835554
  -0.41473544  0.01363004  0.20056309 -0.23767535 -0.91902102 -0.04327904]
 [ 0.03702457  0.09806059  0.58208123  0.09673924 -0.24268787 -0.1145559
   0.12250842  0.15459053  0.66505957 -0.17387194  0.48890352 -0.70195765]
 [-0.47962487 -0.31478972 -0.33747841 -0.85236919  0.43098263 -0.24737452
   0.28622526  0.36345025 -0.05460068  0.54218585 -0.3719888   0.29984904]
 [ 0.070679    0.20659955  0.43542675  0.21071789 -0.32780296 -0.02567424
   0.28005681 -0.44454443 -0.42377911  0.7548688   0.2494307   0.78588488]
 [ 0.60160667 -0.18347312 -0.26229328  0.56995595 -0.19057372  0.14093917
  -0.50088783  0.06493021 -0.68650673 -0.82165886 -0.27746123  0.82557909]
 [ 0.6806836   0.4605306  -0.20377047  0.20056309  0.66505957 -0.05460068
  -0.42377911 -0.68650673 -0.48810692 -0.06412655 -0.2227927   0.15011726]
 [-0.88315823 -0.30478126 -0.50578676 -0.23767535 -0.17387194  0.54218585
   0.7548688  -0.82165886  0.82007761  0.0611225   0.38813093  0.52085054]
 [-0.46458572  0.34513797  0.84918848 -0.91902102  0.48890352 -0.3719888
   0.2494307  -0.27746123 -0.75070941  0.19359809 -0.56577675 -0.20599829]
 [ 0.71704167 -0.5687344  -0.5336523  -0.04327904 -0.70195765  0.29984904
   0.78588488  0.82557909  0.11651408  0.70728505  0.85193441 -0.9894586 ]]

[[-0.02371914 -0.33580319 -0.08317407 -0.31462947  0.00180295 -0.05580308
   0.108072    0.10343809 -0.60298721  0.55230998  0.65718904  0.17481943]
 [-0.30927294  0.97361688  0.9087953   0.52159444 -0.15220828  0.24373639
   0.04995576 -0.29876108  0.6104345  -0.87678394  0.14498779 -0.28547047]
 [-0.09241212  0.69205324 -0.17532361  0.46604209  0.44649864 -0.10984208
  -0.49027129  0.52792304 -0.05841173  0.21743963 -0.31811269 -0.8111266 ]
 [-0.14823579  0.24673564  0.64345532  0.1036032  -0.21258737  0.20467772
   0.07645578 -0.08379062 -0.78911309  0.34108815  0.22246416 -0.17580683]
 [-0.00970841  0.08017712  0.44685625  0.11174199 -0.22099414  0.17903708
   0.01882164 -0.07856064  0.98698011 -0.40809618  0.91513184  0.78285735]
 [ 0.39178246 -0.56723566 -0.10832772  0.01951045 -0.30124325  0.17011849
  -0.10909776 -0.09674157  0.78482295 -0.53785879 -0.67653444  0.05547531]
 [-0.20306298  0.39685423 -0.4904564  -0.02683496  0.35121938 -0.30660497
   0.21649916 -0.31427503 -0.8494337   0.88486877  0.72020976 -0.64885307]
 [ 0.0192603   0.10422673  0.36054703  0.23137562  0.14356293  0.13514537
  -0.6585242   1.09821409 -0.69251518  0.57114325 -0.30346084 -0.17341753]
 [-0.60298721  0.6104345  -0.05841173 -0.78911309  0.98698011  0.78482295
  -0.8494337  -0.69251518 -0.67209656 -0.31475954  0.89124148 -0.7846366 ]
 [ 0.55230998 -0.87678394  0.21743963  0.34108815 -0.40809618 -0.53785879
   0.88486877  0.57114325 -0.27251913 -0.09463908 -0.43064031 -0.06205091]
 [ 0.65718904  0.14498779 -0.31811269  0.22246416  0.91513184 -0.67653444
   0.72020976 -0.30346084 -0.52030645  0.38630892 -0.6953587   0.16579392]
 [ 0.17481943 -0.28547047 -0.8111266  -0.17580683  0.78285735  0.05547531
  -0.64885307 -0.17341753  0.08176964 -0.04382515  0.27214396 -0.46487672]]

[[-0.28281036  0.00796441 -0.67871755 -0.24444337  0.57468795  0.12892964
  -0.33765368  0.33464894 -0.10039027  0.72934044  0.06430884 -0.17874464]
 [-0.09451784 -0.2116614   0.26977992 -0.34766003 -0.2060148  -0.15645718
   0.47742271 -0.23778646 -0.39565476 -0.49170679 -0.49500952  0.76591413]
 [ 0.61245633 -0.65785165  0.30593956  0.25817323 -0.60582491  0.34128687
  -0.26754299  0.01898467  0.40976976  0.9467147  -0.22054783 -0.43900544]
 [-0.13062171 -0.12003223 -0.59167123 -0.28547195  0.3683863  -0.14290286
  -0.02511009  0.1331613   0.74765912  0.38042443 -0.70718643 -0.54245137]
 [-0.20374276  0.138347    0.20940578 -0.2047      0.03782397 -0.28234246
   0.3254925   0.03477667  0.15539641  0.59538096  0.88071097  0.55118181]
 [ 0.78407967  0.24469509 -0.14848597  0.89416365 -0.347117   -0.46621391
  -0.05526979 -0.32958887 -0.95373979  0.9537825   0.98245918  0.16702272]
 [-0.17851911 -0.04089498  0.56599711 -0.0970609  -0.30735694  0.47298738
   0.13898521 -0.37004045 -0.83006489 -0.67314842  0.42906142  0.38073019]
 [-0.0580511  -0.48693113 -0.12897937 -0.41061394  0.24334528 -0.03429253
  -0.31608804  0.95142744  0.86568018 -0.3780996  -0.33398472  0.69436633]
 [-0.10039027 -0.39565476  0.40976976  0.74765912  0.15539641 -0.95373979
  -0.83006489  0.86568018  0.32627101  0.58023641  0.05529418  0.69331799]
 [ 0.72934044 -0.49170679  0.9467147   0.38042443  0.59538096  0.9537825
  -0.67314842 -0.3780996   0.72519536  0.39256205 -0.98146944 -0.60823689]
 [ 0.06430884 -0.49500952 -0.22054783 -0.70718643  0.88071097  0.98245918
   0.42906142 -0.33398472 -0.43215148  0.61524578  0.88178017 -0.80805988]
 [-0.17874464  0.76591413 -0.43900544 -0.54245137  0.55118181  0.16702272
   0.38073019  0.69436633  0.42238777  0.68374398 -0.69137262 -0.78214645]]

[[-0.24795386  0.55851701  0.46514156  0.06153037  0.02535913 -0.37072875
   0.3431486   0.01091408  0.8195727   0.57491286 -0.17751908 -0.92101424]
 [ 0.28062115 -0.69618874 -0.64665863 -0.31057307  0.18683313 -0.26708103
  -0.2151641   0.60269723  0.42981822 -0.59445087 -0.09562221  0.92541266]
 [-0.10626494 -0.42501967  0.16452843 -0.34121023 -0.33395581  0.5272185
   0.28395095 -0.72638671  0.94496313  0.63688006 -0.47741282  0.57263782]
 [-0.03419301 -0.15598956 -0.11904938 -0.247077    0.17019282 -0.33658604
   0.0414984   0.47066619 -0.75309302  0.17104927  0.88999143  0.18892678]
 [ 0.22623635 -0.26325232 -0.41243453 -0.00702483  0.094519   -0.16789694
  -0.15030198  0.22533604  0.95416111  0.09781683 -0.38207684  0.05799895]
 [ 0.04629938 -0.58042623 -0.35480716 -0.12002803  0.04709742  0.89295884
  -0.64948744  0.103858    0.07464265 -0.11375098  0.66108791  0.69541558]
 [-0.00583667  0.33625116  0.20695562  0.22021342 -0.02157403 -0.15054901
   0.05062645 -0.00374398  0.78844133 -0.17320297 -0.73339216  0.05156169]
 [-0.05803959 -0.11611284  0.19446119 -0.25914955 -0.37345226 -0.09039236
   0.76230797 -0.98705365  0.89613602  0.93674246 -0.90710563  0.37469511]
 [ 0.8195727   0.42981822  0.94496313 -0.75309302  0.95416111  0.07464265
   0.78844133  0.89613602  0.98176612 -0.85199347 -0.24860387  0.82503259]
 [ 0.57491286 -0.59445087  0.63688006  0.17104927  0.09781683 -0.11375098
  -0.17320297  0.93674246 -0.76395614 -0.31657714  0.72850291  0.95749331]
 [-0.17751908 -0.09562221 -0.47741282  0.88999143 -0.38207684  0.66108791
  -0.73339216 -0.90710563  0.01437719 -0.48923727 -0.72425408 -0.78078789]
 [-0.92101424  0.92541266  0.57263782  0.18892678  0.05799895  0.69541558
   0.05156169  0.37469511  0.79413861  0.67721027  0.4558675  -0.65989437]]

[[-0.07920726 -0.56784117  0.37284714 -0.51782808 -0.16252256  0.01762294
   0.13670727  0.43010359 -0.22368661  0.36539573 -0.7245082   0.92466716]
 [-0.0312637  -0.0524939   0.13846648 -0.00290995 -0.31046374  0.40427329
   0.25965059 -0.87396361  0.30064722  0.48013545  0.83274055 -0.47724666]
 [ 0.32213213  0.0535923   0.4942519   0.36481211 -0.59869747  0.03387568
   0.33041244 -0.73394313  0.89807103  0.38193468 -0.60918613 -0.52554743]
 [-0.1209764  -0.5944324   0.21774959 -0.54218758 -0.2834914   0.30960796
   0.32378341 -0.3309757   0.01214918 -0.00055944  0.27698865  0.98289416]
 [-0.11346818  0.34717944 -0.61743575  0.15084648  0.4638207  -0.02965473
  -0.27636606  0.05812761  0.73877503  0.07729083 -0.78784411 -0.993418  ]
 [-0.0369268   0.16170543 -0.7701853   0.04679041  0.34498289 -0.05253509
  -0.05070987 -0.34500174  0.71995412  0.00389139 -0.67394358  0.79786702]
 [ 0.15523209  0.02986506  0.90997369  0.22173968 -0.54806774  0.07864018
   0.16946314 -0.08578158  0.15549985 -0.05432517 -0.37637278 -0.97736542]
 [ 0.05745084  0.37931246 -0.77680867  0.2805767   0.56289902 -0.35874133
  -0.37736177  0.40311568 -0.42498521  0.53319443 -0.21048643 -0.14044648]
 [-0.22368661  0.30064722  0.89807103  0.01214918  0.73877503  0.71995412
   0.15549985 -0.42498521  0.85464878 -0.20509394 -0.63608413  0.754071  ]
 [ 0.36539573  0.48013545  0.38193468 -0.00055944  0.07729083  0.00389139
  -0.05432517  0.53319443  0.18749065 -0.99358793 -0.10702975 -0.48878993]
 [-0.7245082   0.83274055 -0.60918613  0.27698865 -0.78784411 -0.67394358
  -0.37637278 -0.21048643  0.06264045  0.86541318  0.05520628 -0.00342569]
 [ 0.92466716 -0.47724666 -0.52554743  0.98289416 -0.993418    0.79786702
  -0.97736542 -0.14044648 -0.69587222 -0.53011449  0.58201112 -0.49346423]]
