A: 
[[-0.18465129  0.44800307 -0.08182302  0.64253061 -0.06887269 -0.04420513
  -0.56508549 -0.72877571  0.74701064 -0.23129599  0.85849545 -0.61986837]
 [ 0.18743948 -0.10699387  0.27831188  0.35185754 -0.0357353   0.26543596
   0.19627594 -0.01459614  0.00754565 -0.82528109  0.41401632  0.47160015]
 [ 0.21931392 -0.51017227  0.10949493 -0.6998309   0.07513956  0.06641141
   0.32188519 -0.2949529  -0.17151344  0.20805602 -0.98613808 -0.60152008]
 [-0.33752922  0.43771223 -0.36358938  0.07388738 -0.01009054 -0.32256961
   0.21855373 -0.81211461 -0.68872972  0.05191367  0.92458885 -0.23645256]
 [-0.19298095  0.11217294 -0.28540809 -0.35643954  0.03617938 -0.27200479
   0.34833805  0.95893108  0.80741821 -0.59138663  0.14428693 -0.11158522]
 [-0.19622372  0.47506082 -0.08752335  0.67985592 -0.07287938 -0.04762208
  -0.12799471 -0.85062321  0.61269923 -0.40255331  0.86929243  0.84991559]
 [-0.27976375  0.18036169 -0.40379232 -0.46549585  0.04705848 -0.38307019
   0.3079122   0.27731556  0.30376074  0.46020112  0.41956075 -0.28380093]
 [ 0.37670899 -0.71843553  0.27671155 -0.74627136  0.08110603  0.21419777
  -0.24250532 -0.04633719 -0.99889831 -0.51457056  0.80934062 -0.72918472]
 [ 0.08653549 -0.06132039  0.12179392  0.12801474 -0.01287555  0.11498165
  -0.97734141 -0.4771558   0.25020076  0.86566394 -0.17686793  0.55375823]
 [ 0.29018875 -0.45607999  0.26781385 -0.29380521  0.03290489  0.22674268
  -0.57700096  0.76624709  0.93801316  0.81179731  0.2678602  -0.72930495]
 [-0.34030895  0.4341652  -0.37059904  0.05384719 -0.00800104 -0.32976193
   0.14320186 -0.59209251  0.61577967  0.21644987  0.94475304  0.48453979]
 [-0.44257386  0.37652782 -0.58757643 -0.47307143  0.04673828 -0.54815738
   0.56559119 -0.65597774 -0.42049544  0.11857029 -0.99000566 -0.92015333]
 [ 0.00497052 -0.07381894 -0.03247151 -0.19560719  0.02061543 -0.03797879
  -0.45647875 -0.6856651  -0.23304426 -0.07131176  0.56338088 -0.99520553]
 [ 0.19899718 -0.38555243  0.14278362 -0.41165087  0.04467853  0.10932121
  -0.01838147  0.66111305 -0.86967886 -0.64390876  0.6496211   0.93817328]
 [ 0.08886114 -0.34398728 -0.03270742 -0.67990041  0.07214729 -0.06015451
  -0.86006345  0.09483259 -0.72241292  0.5873226  -0.10913365  0.49935502]
 [ 0.12100515 -0.12823022  0.1464559   0.05634709 -0.00509831  0.13383823
   0.74943166  0.39115873  0.11025407 -0.44524444  0.88291536 -0.53612327]
 [-0.03522947 -0.11546263 -0.12842439 -0.45755516  0.04790109 -0.1358709
   0.61205428  0.35195912 -0.85782888  0.72067842 -0.03686806  0.5575611 ]
 [-0.08712603  0.060881   -0.12310669 -0.13136512  0.01322402 -0.11631037
   0.92137023 -0.498051    0.29148696 -0.86944308  0.81279943 -0.09057002]
 [ 0.03205311  0.2635945   0.20585693  0.87404289 -0.09174472  0.2241703
  -0.70509346  0.88568084  0.56705936 -0.83499302 -0.12865399  0.66756462]
 [-0.01777423 -0.24014582 -0.16691448 -0.75600556  0.07942311 -0.18390901
  -0.06101874 -0.80724142 -0.04934711 -0.89680894 -0.35194278 -0.00694299]] 
x segnato:[[-0.89804842]
 [ 0.89060177]
 [-0.89374925]
 [ 0.76810265]
 [-0.21698271]
 [ 0.25532428]
 [ 0.        ]
 [ 0.        ]
 [ 0.        ]
 [ 0.        ]
 [ 0.        ]
 [ 0.        ]]
Matrici Hi 

[[ 0.00516122  0.05666479  0.04113123  0.18179668 -0.01909279  0.045115
   0.52134253 -0.32898746 -0.00145867  0.00765759  0.28623754 -0.12471008]
 [ 0.03574452 -0.06782097  0.02645192 -0.0698041   0.00758992  0.0205456
  -0.07966637 -0.66833926  0.58979361  0.85223885 -0.66839808  0.12432951]
 [ 0.02938581  0.06421903  0.08910482  0.28900473 -0.03020672  0.09298063
   0.63626058  0.62326746 -0.98757299 -0.93818347 -0.72250469  0.67767685]
 [ 0.12139586  0.00394488  0.22136929  0.4393393  -0.04539314  0.21836033
   0.27844335  0.17456299 -0.59172392 -0.78228826 -0.62928321  0.89720424]
 [-0.01273756 -0.00002621 -0.02300968 -0.04497864  0.00464513 -0.02266575
  -0.73673937 -0.28807807  0.92793019  0.56251045  0.73711892  0.12505221]
 [ 0.03184706  0.05774469  0.08991315  0.27898858 -0.02913596  0.09325095
  -0.20286149 -0.72858829  0.30498761 -0.86132869  0.72413431  0.3295823 ]
 [ 0.52134253 -0.07966637  0.63626058  0.27844335 -0.73673937 -0.20286149
  -0.69074704  0.56619643 -0.48207956  0.14822152  0.65480705 -0.04763432]
 [-0.32898746 -0.66833926  0.62326746  0.17456299 -0.28807807 -0.72858829
   0.14330679 -0.69467963 -0.10399158  0.60264919 -0.75899823 -0.33144746]
 [-0.00145867  0.58979361 -0.98757299 -0.59172392  0.92793019  0.30498761
   0.94555955  0.73403996 -0.45074287  0.80287697 -0.04510713  0.52844638]
 [ 0.00765759  0.85223885 -0.93818347 -0.78228826  0.56251045 -0.86132869
   0.56353998  0.66376769  0.78364206 -0.36420821 -0.37373109 -0.28757931]
 [ 0.28623754 -0.66839808 -0.72250469 -0.62928321  0.73711892  0.72413431
  -0.21972405 -0.39063432  0.73359693  0.21764256  0.2384404  -0.49581901]
 [-0.12471008  0.12432951  0.67767685  0.89720424  0.12505221  0.3295823
   0.19203629 -0.24104721  0.51648464 -0.35583     0.96096114  0.07225926]]

[[ 0.1116674  -0.23505679  0.06962212 -0.28499958  0.03075328  0.04948346
  -0.70804522  0.23897788 -0.62157656 -0.43599967  0.70224588  0.60672781]
 [-0.0991602   0.30985553 -0.0050482   0.5450488  -0.05802921  0.02019451
  -0.61316219  0.38557481 -0.20698468 -0.72745753 -0.99575581 -0.64757781]
 [ 0.14591956 -0.25038068  0.12285373 -0.20849548  0.02293876  0.10066984
   0.08004248  0.80581814 -0.49840941 -0.73895485 -0.39479536  0.88740043]
 [ 0.10735997  0.06598055  0.23085963  0.56896832 -0.05912872  0.23274654
   0.42015605  0.57100216  0.22431594  0.22590539  0.20716854  0.96841916]
 [-0.01052984 -0.00855539 -0.02381271 -0.06182128  0.00643243 -0.02414945
  -0.09207224 -0.85534283 -0.19539285 -0.31290713  0.66902076  0.71022082]
 [ 0.13567106 -0.22144821  0.12059601 -0.1610903   0.01788057  0.100796
   0.99479927  0.76767472  0.48058019  0.54834082 -0.29181785  0.63552113]
 [-0.70804522 -0.61316219  0.08004248  0.42015605 -0.09207224  0.99479927
  -0.09048196  0.52063321  0.46840622 -0.42727639 -0.18534655  0.5250277 ]
 [ 0.23897788  0.38557481  0.80581814  0.57100216 -0.85534283  0.76767472
   0.71723698  0.9677975  -0.6755727   0.41397676 -0.41351083 -0.87584888]
 [-0.62157656 -0.20698468 -0.49840941  0.22431594 -0.19539285  0.48058019
  -0.858954    0.04812586 -0.68511127 -0.7285214   0.17860875  0.84527211]
 [-0.43599967 -0.72745753 -0.73895485  0.22590539 -0.31290713  0.54834082
  -0.37116113 -0.54961507 -0.35870134 -0.47367901  0.74753801  0.10383666]
 [ 0.70224588 -0.99575581 -0.39479536  0.20716854  0.66902076 -0.29181785
  -0.87697212 -0.25688757  0.27678392  0.48471925  0.56283264 -0.52280564]
 [ 0.60672781 -0.64757781  0.88740043  0.96841916  0.71022082  0.63552113
   0.89320501 -0.15238034  0.71176401  0.84107761  0.94057709  0.06659822]]

[[-0.08037279  0.12752582 -0.07349825  0.08485807 -0.00948012 -0.06203507
   0.09542914  0.9595803   0.25970851 -0.01153252  0.58513198  0.27972375]
 [ 0.08342046 -0.2259093   0.023764   -0.3581663   0.03825787  0.005058
   0.59953914  0.00522461  0.76665876  0.87454172 -0.34282062 -0.35374086]
 [-0.09826066  0.10338688 -0.11934351 -0.04789474  0.00436506 -0.10915141
   0.92008558  0.64739515 -0.32335049 -0.25785686  0.64789165 -0.66520675]
 [-0.04248257 -0.20268427 -0.19048783 -0.73494974  0.0770381  -0.20408515
   0.26059496 -0.43110084  0.18779109 -0.70818362 -0.3090279  -0.39568503]
 [ 0.00391836  0.02220109  0.01953829  0.07791198 -0.00817082  0.02104763
  -0.00273469  0.97120355 -0.43536701  0.54974343  0.41878356  0.10708987]
 [-0.09000733  0.08348337 -0.11561847 -0.07626505  0.00740675 -0.10709898
   0.81791061  0.57300348 -0.4630295  -0.30449672 -0.52570395  0.32523464]
 [ 0.09542914  0.59953914  0.92008558  0.26059496 -0.00273469  0.81791061
   0.39158251  0.85454042 -0.39713456  0.96362252 -0.01190406 -0.55326023]
 [ 0.9595803   0.00522461  0.64739515 -0.43110084  0.97120355  0.57300348
   0.38091374  0.5576066   0.60728559 -0.44364241  0.42324723 -0.7986416 ]
 [ 0.25970851  0.76665876 -0.32335049  0.18779109 -0.43536701 -0.4630295
   0.60969136  0.62631998 -0.47570636  0.91157788 -0.4532721  -0.24025809]
 [-0.01153252  0.87454172 -0.25785686 -0.70818362  0.54974343 -0.30449672
  -0.79386079 -0.43565473 -0.76132856 -0.07405148  0.14619056 -0.53865225]
 [ 0.58513198 -0.34282062  0.64789165 -0.3090279   0.41878356 -0.52570395
   0.72220201  0.20153713  0.32664052 -0.11911852  0.6649456  -0.30801356]
 [ 0.27972375 -0.35374086 -0.66520675 -0.39568503  0.10708987  0.32523464
   0.22907148  0.97528053  0.63696326  0.91726202  0.07666919 -0.29015054]]

[[-0.01187287  0.0965749   0.03278682  0.23697555 -0.02501547  0.04013762
   0.12234353  0.93838598 -0.11234058 -0.37299951 -0.63450381  0.25639591]
 [-0.0991385  -0.00923685 -0.18415946 -0.37615568  0.03889786 -0.18213995
  -0.60714853  0.2506126   0.76000426 -0.31034762  0.46075427  0.6380613 ]
 [-0.07709403  0.1691596  -0.04420438  0.21662121 -0.02332142 -0.02980024
   0.07283858 -0.77378053 -0.16051221 -0.15805389  0.88595186 -0.35229069]
 [-0.32808663  0.31378126 -0.41612229 -0.25063774  0.02412001 -0.38437823
   0.91616609 -0.25396115  0.95814454 -0.73913565  0.98976895  0.78703987]
 [ 0.03443901 -0.03235256  0.04400838  0.02799774 -0.00270952  0.04071879
  -0.86010741 -0.34794725 -0.93916893 -0.8977681  -0.25216869 -0.44976867]
 [-0.08398668  0.16586524 -0.05849718  0.1828115  -0.01981134 -0.04414564
   0.83059164  0.74222104 -0.37861436  0.75923386 -0.24738882 -0.25594154]
 [ 0.12234353 -0.60714853  0.07283858  0.91616609 -0.86010741  0.83059164
  -0.04836761 -0.36273793  0.91506077 -0.72548423 -0.19542436 -0.57984676]
 [ 0.93838598  0.2506126  -0.77378053 -0.25396115 -0.34794725  0.74222104
   0.06628228  0.50168384  0.6694141  -0.33035691  0.87031614 -0.41751978]
 [-0.11234058  0.76000426 -0.16051221  0.95814454 -0.93916893 -0.37861436
  -0.62504465  0.2115116   0.71086929 -0.68258765 -0.74665777  0.39700498]
 [-0.37299951 -0.31034762 -0.15805389 -0.73913565 -0.8977681   0.75923386
  -0.85458878 -0.4624909   0.57909893  0.32115359  0.30303692 -0.51248494]
 [-0.63450381  0.46075427  0.88595186  0.98976895 -0.25216869 -0.24738882
  -0.82780755 -0.27032389  0.78750792 -0.39421687  0.63259916 -0.16715466]
 [ 0.25639591  0.6380613  -0.35229069  0.78703987 -0.44976867 -0.25594154
  -0.38017001 -0.08961129 -0.780921    0.34044485  0.19369267 -0.87386198]]

[[-0.02695811 -0.07994859 -0.09355328 -0.32586075  0.03410128 -0.09863976
   0.0118145   0.4241828  -0.41743026  0.34911669  0.11681174 -0.25992303]
 [-0.07633188  0.13727358 -0.06073049  0.1272469  -0.01391244 -0.04866761
   0.08042587  0.1969748  -0.90580459  0.64728076  0.93796174 -0.38816587]
 [-0.09152273 -0.06725969 -0.20298699 -0.51683132  0.05375167 -0.205397
  -0.39580275 -0.70995469 -0.87417715 -0.42881544  0.76148561 -0.11342335]
 [-0.31541862  0.11449714 -0.50513847 -0.78135149  0.08004736 -0.48824169
  -0.60218138  0.67258347 -0.58059432 -0.58483159  0.85749584  0.09754434]
 [ 0.03300259 -0.01259576  0.05250744  0.0799757  -0.00818837  0.0506947
  -0.44280429  0.44952468 -0.71372338 -0.92009805 -0.59269527 -0.89624365]
 [-0.09634599 -0.05509861 -0.20486669 -0.49872313  0.05181327 -0.2062607
   0.49806035  0.74175245 -0.18924344  0.3142088  -0.64340586 -0.17267958]
 [ 0.0118145   0.08042587 -0.39580275 -0.60218138 -0.44280429  0.49806035
   0.76642722  0.02029309 -0.04152876 -0.02618411  0.74740524  0.40329026]
 [ 0.4241828   0.1969748  -0.70995469  0.67258347  0.44952468  0.74175245
   0.2129449   0.65281177 -0.75563907  0.679153    0.41290551  0.10888322]
 [-0.41743026 -0.90580459 -0.87417715 -0.58059432 -0.71372338 -0.18924344
  -0.65358517  0.11693654 -0.27491489 -0.81072167  0.51918186  0.70693646]
 [ 0.34911669  0.64728076 -0.42881544 -0.58483159 -0.92009805  0.3142088
   0.25729989 -0.49066147 -0.50705355 -0.95939383  0.94665524  0.24723724]
 [ 0.11681174  0.93796174  0.76148561  0.85749584 -0.59269527 -0.64340586
   0.91129224  0.37203862  0.5169344   0.8714988  -0.24677712 -0.94838175]
 [-0.25992303 -0.38816587 -0.11342335  0.09754434 -0.89624365 -0.17267958
   0.7205607   0.01608099 -0.75330588 -0.91397385 -0.71446073 -0.91247686]]

[[-0.03923121  0.14009678  0.00783195  0.26618683 -0.02827676  0.01909297
   0.01208702 -0.93073212 -0.9379273  -0.66271348 -0.82666174 -0.02939296]
 [ 0.12463502 -0.25185426  0.08360167 -0.28778313  0.03113515  0.06188845
  -0.28193098 -0.70997397 -0.20280424 -0.67331547  0.40126331 -0.67783115]
 [-0.00084885  0.1115146   0.06107605  0.31897164 -0.03356725  0.06921481
   0.01814352 -0.09480733 -0.83398466 -0.25366435 -0.95801083 -0.30861525]
 [ 0.22154577 -0.23327671  0.26898362  0.10748759 -0.00978923  0.24599117
  -0.94859741 -0.03542749 -0.90010769 -0.14777224  0.62881673  0.44249493]
 [-0.02357974  0.02550623 -0.02824806 -0.00948288  0.00083595 -0.02575157
   0.45366916 -0.01478288  0.56064098  0.01764923  0.04251735 -0.64315273]
 [ 0.0092869   0.08938157  0.06694769  0.29080031 -0.03053358  0.07320047
   0.80632451 -0.62772581  0.75453924 -0.40712606  0.92694674  0.41060369]
 [ 0.01208702 -0.28193098  0.01814352 -0.94859741  0.45366916  0.80632451
   0.76287165 -0.50609127  0.31372254 -0.51557358  0.86951356  0.78560482]
 [-0.93073212 -0.70997397 -0.09480733 -0.03542749 -0.01478288 -0.62772581
  -0.21824093  0.12748494  0.72453948  0.26936361 -0.44097204 -0.9547063 ]
 [-0.9379273  -0.20280424 -0.83398466 -0.90010769  0.56064098  0.75453924
   0.66658799 -0.31670646  0.82442786  0.87608137  0.11146831  0.32907193]
 [-0.66271348 -0.67331547 -0.25366435 -0.14777224  0.01764923 -0.40712606
  -0.70205383 -0.75890455  0.76834515 -0.400655    0.62033075  0.77121081]
 [-0.82666174  0.40126331 -0.95801083  0.62881673  0.04251735  0.92694674
   0.37907984 -0.70116162  0.92574038 -0.30820523 -0.10943676 -0.31629718]
 [-0.02939296 -0.67783115 -0.30861525  0.44249493 -0.64315273  0.41060369
  -0.5590798   0.38825873  0.33133114 -0.22234861  0.5587873  -0.06699005]]

[[-0.20765622  0.16547269 -0.28197671 -0.25428682  0.02533041 -0.26429596
   0.48350465  0.14997957 -0.77455187 -0.91360777  0.88882246 -0.43779199]
 [ 0.26560526 -0.2494909   0.33942044  0.21599444 -0.0209037   0.31405169
   0.2148671   0.19060282 -0.6811478  -0.68418118  0.58730437 -0.49091269]
 [-0.22575853  0.15865231 -0.3184858  -0.33779356  0.03399256 -0.30080992
  -0.85554959  0.3309144   0.3717538   0.91851623  0.83375523  0.01129544]
 [ 0.03481515 -0.13699702 -0.0140639  -0.27280492  0.02894279 -0.02497942
  -0.00955431 -0.7094131   0.94466591  0.77860782  0.80019     0.55052058]
 [-0.0050882   0.01555005 -0.00045529  0.02695884 -0.00287146  0.00081455
  -0.86223371 -0.52578286  0.06617226  0.79043837  0.31088337 -0.33830388]
 [-0.20079042  0.13600229 -0.28612774 -0.3151699   0.0317835  -0.27077817
  -0.38101017  0.04775267 -0.50421703 -0.55902605 -0.28793786 -0.4153251 ]
 [ 0.48350465  0.2148671  -0.85554959 -0.00955431 -0.86223371 -0.38101017
   0.46033413  0.88078604 -0.55988626 -0.61331021  0.72824553 -0.48872272]
 [ 0.14997957  0.19060282  0.3309144  -0.7094131  -0.52578286  0.04775267
   0.22943725  0.03794129  0.04802598  0.55922747  0.33392071 -0.24029964]
 [-0.77455187 -0.6811478   0.3717538   0.94466591  0.06617226 -0.50421703
   0.56456085  0.85037018 -0.60120361 -0.86999936  0.48850513 -0.79708542]
 [-0.91360777 -0.68418118  0.91851623  0.77860782  0.79043837 -0.55902605
  -0.30132051  0.53802662 -0.51577546  0.34697292 -0.67140178 -0.37481064]
 [ 0.88882246  0.58730437  0.83375523  0.80019     0.31088337 -0.28793786
  -0.7049681   0.20008556  0.32463955 -0.90954269 -0.56344078  0.20446339]
 [-0.43779199 -0.49091269  0.01129544  0.55052058 -0.33830388 -0.4153251
   0.83150821 -0.51188586 -0.30255546  0.01273941  0.40996262 -0.15766613]]

[[-0.08747473 -0.02246143 -0.17052777 -0.37321999  0.03866901 -0.1697874
   0.79492409 -0.79248537 -0.64179299  0.83611483  0.424322   -0.16242509]
 [ 0.19244804 -0.1389081   0.26943592  0.27737139 -0.02786368  0.25410139
   0.20349483  0.33462372  0.85783525 -0.14589967  0.51545245  0.92020098]
 [-0.04986953 -0.11853757 -0.15658031 -0.51804287  0.05416499 -0.16385311
   0.82333953 -0.35405871 -0.59375683  0.13553999 -0.86950996  0.41664031]
 [ 0.24726494 -0.48023633  0.17676173 -0.51486601  0.05586981  0.13509796
   0.26893513 -0.78696282 -0.01888246 -0.72558136 -0.24320348  0.227399  ]
 [-0.02661691  0.05037517 -0.01976869  0.05161174 -0.00561312 -0.01537985
  -0.21163938 -0.3214805   0.09423116 -0.84644872 -0.57322743 -0.98539217]
 [-0.03348867 -0.12803705 -0.1323415  -0.48772319  0.05108724 -0.14075041
   0.94696056  0.78079501 -0.46585541  0.46141373  0.53357664 -0.61528112]
 [ 0.79492409  0.20349483  0.82333953  0.26893513 -0.21163938  0.94696056
   0.74252217 -0.96412708  0.6115881   0.50843502 -0.54300095  0.91627231]
 [-0.79248537  0.33462372 -0.35405871 -0.78696282 -0.3214805   0.78079501
  -0.86659388 -0.86341617  0.40087665  0.36491104  0.00868764 -0.32897646]
 [-0.64179299  0.85783525 -0.59375683 -0.01888246  0.09423116 -0.46585541
  -0.99519627 -0.69159786  0.69363317  0.93619627  0.44984192 -0.37679635]
 [ 0.83611483 -0.14589967  0.13553999 -0.72558136 -0.84644872  0.46141373
  -0.09283176  0.6756623   0.6913779   0.62954574 -0.40057042 -0.69022436]
 [ 0.424322    0.51545245 -0.86950996 -0.24320348 -0.57322743  0.53357664
   0.40672965 -0.68643862  0.28738446  0.78364651  0.02372504  0.95980738]
 [-0.16242509  0.92020098  0.41664031  0.227399   -0.98539217 -0.61528112
   0.38986022 -0.34210193 -0.97371045  0.67841981 -0.46958145  0.88588575]]

[[ 0.0697625  -0.02522988  0.11177641  0.17308614 -0.01773296  0.10804611
  -0.29190156 -0.41574453  0.74928975 -0.29064251 -0.74398057 -0.58154993]
 [-0.07589031  0.01584029 -0.12811054 -0.22179769  0.02281622 -0.12489721
   0.82265398 -0.73073578  0.18697763  0.93984888 -0.36934437 -0.68739355]
 [ 0.08333374 -0.03665387  0.12986255  0.18794478 -0.01920322  0.12493237
  -0.67629876  0.28404486  0.00640076  0.33024846  0.98700042  0.19208506]
 [ 0.02681974 -0.04320746  0.02415907 -0.03020216  0.00336185  0.02028637
   0.55112739  0.4655596   0.60549896 -0.45404955  0.29924991 -0.00209071]
 [-0.00234316  0.00437304 -0.0017749   0.0043656  -0.00047542 -0.00139302
  -0.37955365  0.28883789 -0.52562894  0.5272473   0.20323997  0.75645966]
 [ 0.07591653 -0.03481604  0.11750417  0.16710348 -0.01706125  0.11290913
   0.06291832  0.11425171 -0.46433211  0.77634424 -0.84356658 -0.81862757]
 [-0.29190156  0.82265398 -0.67629876  0.55112739 -0.37955365  0.06291832
  -0.26380123  0.18942096  0.34917363  0.25906472  0.18923716  0.38877283]
 [-0.41574453 -0.73073578  0.28404486  0.4655596   0.28883789  0.11425171
   0.73849477 -0.33687652  0.11276038  0.93612317  0.02519834  0.70786096]
 [ 0.74928975  0.18697763  0.00640076  0.60549896 -0.52562894 -0.46433211
  -0.74931984 -0.91381411 -0.08929814  0.2531856   0.37708651  0.88218516]
 [-0.29064251  0.93984888  0.33024846 -0.45404955  0.5272473   0.77634424
   0.05491409 -0.60843992  0.15905533  0.20035587  0.32417098 -0.30640392]
 [-0.74398057 -0.36934437  0.98700042  0.29924991  0.20323997 -0.84356658
  -0.09563758 -0.47198234 -0.2817708  -0.15827287  0.70753444  0.87893359]
 [-0.58154993 -0.68739355  0.19208506 -0.00209071  0.75645966 -0.81862757
  -0.9423398  -0.93085969  0.60208691  0.6821088   0.21051503 -0.73523606]]

[[ 0.20738856 -0.20773146  0.25776785  0.13133408 -0.01239545  0.23701889
   0.55558415  0.93810726 -0.41490065  0.16435674 -0.38366187 -0.58894746]
 [-0.14865342  0.10463809 -0.20961449 -0.2219289   0.02233069 -0.1979631
   0.08759112 -0.23319406 -0.30832583  0.43299084  0.19423802  0.34501003]
 [ 0.29093647 -0.31626736  0.34765977  0.11249662 -0.00984008  0.31674345
  -0.44612914  0.77761388 -0.61566942 -0.8953496  -0.71793489 -0.50628998]
 [ 0.30190372 -0.43019323  0.30349654 -0.17776706  0.02077603  0.26399126
   0.32463151 -0.21892775  0.09426741 -0.72995908  0.18207891  0.41585629]
 [-0.03034238  0.04383834 -0.03016425  0.0196055  -0.00227107 -0.02614998
   0.17860167 -0.88987759 -0.70751384 -0.57373471 -0.62359964  0.61809935]
 [ 0.27448705 -0.30301193  0.32540591  0.0927794  -0.00787836  0.29590091
   0.69704859  0.0353432   0.67769389  0.92028887 -0.99996707 -0.96494828]
 [ 0.55558415  0.08759112 -0.44612914  0.32463151  0.17860167  0.69704859
   0.27032022  0.28345509  0.1112652   0.0171606  -0.55058675  0.75362992]
 [ 0.93810726 -0.23319406  0.77761388 -0.21892775 -0.88987759  0.0353432
  -0.86763687 -0.00824434 -0.36468277  0.94924199  0.30997145 -0.01002368]
 [-0.41490065 -0.30832583 -0.61566942  0.09426741 -0.70751384  0.67769389
  -0.47345596  0.64779251 -0.95176739  0.95980166  0.81638888  0.83954822]
 [ 0.16435674  0.43299084 -0.8953496  -0.72995908 -0.57373471  0.92028887
  -0.30622936 -0.49224921  0.65692454 -0.11375107 -0.64914379 -0.99347853]
 [-0.38366187  0.19423802 -0.71793489  0.18207891 -0.62359964 -0.99996707
   0.17246952  0.59691081  0.43917813 -0.64790857  0.49066633 -0.31598108]
 [-0.58894746  0.34501003 -0.50628998  0.41585629  0.61809935 -0.96494828
   0.24051041  0.97214054  0.05076071 -0.9012162   0.55837738 -0.46141497]]

[[ 0.20963507 -0.18589219  0.27408482  0.20230772 -0.01984771  0.25486427
  -0.49623866  0.57466529  0.04039921  0.91862584 -0.94941569 -0.46957278]
 [-0.23683631  0.2974927  -0.26053418  0.02401346 -0.00415192 -0.23245312
   0.37124726  0.01338204  0.12334021  0.91422698  0.19309836 -0.67842969]
 [ 0.24548289 -0.16856538  0.34852838  0.37870575 -0.03816188  0.32959551
   0.64308202  0.55433648 -0.78966741  0.55041016 -0.96284577  0.21624521]
 [ 0.05522227  0.20360376  0.21400289  0.78251496 -0.08195537  0.22732123
  -0.57083001  0.02284401  0.7257608   0.09707417 -0.97844639  0.06215936]
 [-0.00437174 -0.02269838 -0.02063596 -0.080946    0.00848694 -0.02216919
  -0.30503478  0.861576   -0.50731889 -0.15193237  0.90022148  0.67507296]
 [ 0.22255477 -0.14186751  0.32212571  0.37496047 -0.03792516  0.30575836
  -0.78991428 -0.42071953 -0.28029364  0.83120631  0.42239204  0.380573  ]
 [-0.49623866  0.37124726  0.64308202 -0.57083001 -0.30503478 -0.78991428
   0.68823511  0.05468414  0.5210918   0.58818148 -0.59710394  0.09905222]
 [ 0.57466529  0.01338204  0.55433648  0.02284401  0.861576   -0.42071953
  -0.77594938  0.80037828 -0.0156992   0.94329596 -0.15652124 -0.95244758]
 [ 0.04039921  0.12334021 -0.78966741  0.7257608  -0.50731889 -0.28029364
   0.88562027 -0.45199622 -0.07983708 -0.49064412 -0.13304744  0.25565409]
 [ 0.91862584  0.91422698  0.55041016  0.09707417 -0.15193237  0.83120631
  -0.72822384  0.62217414 -0.05383349  0.855776   -0.75109785 -0.54718076]
 [-0.94941569  0.19309836 -0.96284577 -0.97844639  0.90022148  0.42239204
   0.66951067  0.33836776  0.31611714  0.67030717 -0.23219061 -0.34856145]
 [-0.46957278 -0.67842969  0.21624521  0.06215936  0.67507296  0.380573
   0.31414984 -0.71431122 -0.77178697  0.504       0.33569973 -0.96586649]]

[[ 0.02894579  0.06443171  0.08842988  0.28806763 -0.03011114  0.09233311
   0.80522008  0.44510321 -0.96159237  0.09264027 -0.02280192 -0.29781879]
 [ 0.08253256 -0.23738899  0.01571596 -0.39444041  0.04206845 -0.00380138
  -0.04724622  0.30595814  0.55275222  0.87313566  0.25768439 -0.39879383]
 [ 0.09859237 -0.01696129  0.16846492  0.29859139 -0.03074048  0.16455362
  -0.80775326 -0.32973761 -0.13533043  0.29905453 -0.75476014  0.33988011]
 [ 0.34032828 -0.45825029  0.35711165 -0.12331736  0.01531065  0.31452117
  -0.22904978 -0.90246876 -0.08823379  0.9305796   0.94568755 -0.14843979]
 [-0.03560988  0.04865815 -0.03696758  0.01495201 -0.00181759 -0.03245952
   0.70447549  0.31205622  0.10400324 -0.9465757   0.23078224 -0.87824803]
 [ 0.10381294 -0.03598718  0.16720771  0.26206376 -0.0268613   0.16177001
   0.85363488  0.60039822  0.39506961  0.00634881  0.04965252  0.86526245]
 [ 0.80522008 -0.04724622 -0.80775326 -0.22904978  0.70447549  0.85363488
  -0.87248087 -0.62558116 -0.20232083 -0.50008271 -0.11425258 -0.00868219]
 [ 0.44510321  0.30595814 -0.32973761 -0.90246876  0.31205622  0.60039822
  -0.4871486   0.03303107  0.38435444 -0.06304403 -0.75012593  0.56232651]
 [-0.96159237  0.55275222 -0.13533043 -0.08823379  0.10400324  0.39506961
  -0.82204188 -0.56442141  0.99097979 -0.95250976 -0.4927246  -0.01262851]
 [ 0.09264027  0.87313566  0.29905453  0.9305796  -0.9465757   0.00634881
  -0.80574292 -0.56815913  0.96069167 -0.8772737  -0.71095795 -0.32879252]
 [-0.02280192  0.25768439 -0.75476014  0.94568755  0.23078224  0.04965252
   0.62954259  0.43603285 -0.3720614  -0.43530385 -0.34328653  0.63603743]
 [-0.29781879 -0.39879383  0.33988011 -0.14843979 -0.87824803  0.86526245
   0.29191085 -0.91260793  0.77823247 -0.146915   -0.0761085   0.14386751]]

[[ 0.02139134 -0.14099664 -0.04054327 -0.33167473  0.03504481 -0.0513854
  -0.5019738  -0.65741667  0.84935674  0.99123753 -0.57993505 -0.9047809 ]
 [-0.02969815  0.09709307  0.00089798  0.1756332  -0.0186835   0.00877047
  -0.36862835 -0.30520714 -0.65622901  0.12926288 -0.43057302  0.39031386]
 [ 0.02194388 -0.20002785 -0.07268811 -0.50016134  0.05277636 -0.08784136
   0.20032519  0.07587726  0.93882916  0.29582403  0.06018002  0.26533225]
 [-0.01033461 -0.21672081 -0.14033215 -0.66214663  0.06959855 -0.15582387
  -0.60635926  0.49673651  0.82075453 -0.73728262 -0.37352997  0.08326304]
 [ 0.00123418  0.02183525  0.01448718  0.06739336 -0.0070825   0.01604278
  -0.25129922 -0.37507774  0.63013688  0.9910068  -0.42336256  0.26789413]
 [ 0.01920173 -0.18913346 -0.07152196 -0.47837388  0.05046512 -0.0858079
   0.15924134 -0.50047762  0.44851897  0.42573076 -0.73463925  0.43281578]
 [-0.5019738  -0.36862835  0.20032519 -0.60635926 -0.25129922  0.15924134
  -0.39526581 -0.94573776  0.36062683  0.507568    0.74503971 -0.84730854]
 [-0.65741667 -0.30520714  0.07587726  0.49673651 -0.37507774 -0.50047762
   0.57294335  0.76292483  0.27239106 -0.05436626  0.10641486  0.55069283]
 [ 0.84935674 -0.65622901  0.93882916  0.82075453  0.63013688  0.44851897
   0.11166361  0.22411765 -0.03705991  0.80368635 -0.3570599  -0.69200417]
 [ 0.99123753  0.12926288  0.29582403 -0.73728262  0.9910068   0.42573076
   0.14465869  0.7692918   0.25340794 -0.37321756 -0.8991259  -0.53506328]
 [-0.57993505 -0.43057302  0.06018002 -0.37352997 -0.42336256 -0.73463925
  -0.95036357 -0.99819806 -0.26086799  0.17104225  0.57869449 -0.55136072]
 [-0.9047809   0.39031386  0.26533225  0.08326304  0.26789413  0.43281578
   0.24437806  0.41893602 -0.96129546  0.38986958  0.19276862 -0.49060698]]

[[ 0.12045073 -0.0670778   0.17978826  0.23095137 -0.02347355  0.17163614
   0.72317729  0.10701671 -0.96675115 -0.43483865  0.98404666 -0.0340757 ]
 [-0.20770557  0.06780542 -0.33689987 -0.53644498  0.05501807 -0.32632573
   0.59411306  0.34473169  0.6061813   0.84313991 -0.01433467 -0.12623552]
 [ 0.10083455 -0.08302624  0.13542135  0.1157534  -0.01148732  0.12664116
  -0.43664818 -0.02561573 -0.07536065 -0.01404117  0.43753076 -0.0549958 ]
 [-0.17506803 -0.04069816 -0.33889768 -0.73466042  0.0760978  -0.33710626
   0.75093122  0.47306132 -0.38808505  0.68108485  0.74608445 -0.25665423]
 [ 0.01924683  0.00382184  0.03689179  0.0788841  -0.00816791  0.03664736
  -0.6674491   0.4039134   0.37726539 -0.8254648  -0.87752581  0.73576634]
 [ 0.08244795 -0.07627031  0.10602128  0.07044186 -0.00684592  0.09823198
  -0.13266281  0.95987008 -0.63540451 -0.76944581  0.20494392 -0.94032573]
 [ 0.72317729  0.59411306 -0.43664818  0.75093122 -0.6674491  -0.13266281
  -0.31310626  0.85847884  0.00231833 -0.15658753  0.19996672 -0.0243336 ]
 [ 0.10701671  0.34473169 -0.02561573  0.47306132  0.4039134   0.95987008
   0.69471137  0.42887875 -0.62252513 -0.80242959  0.14004993  0.3504906 ]
 [-0.96675115  0.6061813  -0.07536065 -0.38808505  0.37726539 -0.63540451
  -0.13405743 -0.1550528   0.34733025  0.56246225  0.44395    -0.76649342]
 [-0.43483865  0.84313991 -0.01404117  0.68108485 -0.8254648  -0.76944581
   0.22627293 -0.10160137 -0.60011164  0.70807818 -0.48102704  0.64991581]
 [ 0.98404666 -0.01433467  0.43753076  0.74608445 -0.87752581  0.20494392
   0.14165709 -0.6271217   0.92818247 -0.40334693  0.09543411 -0.85755149]
 [-0.0340757  -0.12623552 -0.0549958  -0.25665423  0.73576634 -0.94032573
  -0.8209411  -0.98036496 -0.41976357  0.76723392 -0.58613602  0.09042525]]

[[-0.12731934  0.08046973 -0.18466935 -0.2164998   0.02190586 -0.17535611
   0.54169998 -0.62852506  0.64568523  0.60754519 -0.46923122 -0.90782882]
 [ 0.0567096   0.0121682   0.10920885  0.23504697 -0.02434191  0.10855468
  -0.1966148  -0.48094362 -0.27249017 -0.45314153 -0.05034848  0.85821779]
 [-0.19800917  0.15210272 -0.27206741 -0.25888031  0.02587993 -0.25562161
   0.30578066 -0.43466969  0.56178977 -0.62895728  0.34397913 -0.12628523]
 [-0.28509985  0.31880714 -0.33569704 -0.08458826  0.00694368 -0.30475436
   0.78934224 -0.11114703 -0.5957229   0.84302308  0.85704441 -0.40751116]
 [ 0.02912379 -0.0329919   0.03405394  0.00741445 -0.00058027  0.03086214
  -0.3650395  -0.97992258  0.23964142  0.47082673  0.34891183  0.0914008 ]
 [-0.19042513  0.15080344 -0.2591055  -0.23589602  0.02351362 -0.24296018
  -0.11654547 -0.82980974  0.22207668 -0.53731195  0.77072149 -0.53033556]
 [ 0.54169998 -0.1966148   0.30578066  0.78934224 -0.3650395  -0.11654547
   0.60439453  0.49855997  0.39463581  0.38385179 -0.33394472 -0.81187942]
 [-0.62852506 -0.48094362 -0.43466969 -0.11114703 -0.97992258 -0.82980974
  -0.33662492 -0.33476464  0.38892458 -0.44705011  0.07061694 -0.10651492]
 [ 0.64568523 -0.27249017  0.56178977 -0.5957229   0.23964142  0.22207668
   0.49726927 -0.87302727  0.75766489  0.56659938  0.15184647 -0.58038899]
 [ 0.60754519 -0.45314153 -0.62895728  0.84302308  0.47082673 -0.53731195
  -0.70845662  0.9940784   0.31419896 -0.18125611 -0.59720956 -0.09613013]
 [-0.46923122 -0.05034848  0.34397913  0.85704441  0.34891183  0.77072149
  -0.54619612  0.18343417  0.441061   -0.97824596 -0.4158874   0.22222653]
 [-0.90782882  0.85821779 -0.12628523 -0.40751116  0.0914008  -0.53033556
  -0.08601102  0.46354208 -0.19776332 -0.39478802 -0.81814919 -0.37577317]]

[[-0.10649538  0.25280693 -0.05031954  0.35448026 -0.03802838 -0.0290295
   0.13222362  0.53682798 -0.36374696 -0.71979674  0.02934706 -0.24563864]
 [ 0.24557833 -0.50610604  0.15919269 -0.59550253  0.06434262  0.11569199
  -0.41740306 -0.85957782  0.19094763 -0.93364625 -0.78435382  0.75742592]
 [-0.05437795  0.1722424  -0.00146451  0.30560151 -0.03252782  0.01254722
   0.60764159  0.00124464  0.04234027 -0.28847913 -0.30661243  0.76748114]
 [ 0.33360991 -0.57001997  0.28223137 -0.46970175  0.05171028  0.23168903
  -0.53967699 -0.48982711 -0.02203354  0.24640818  0.3475484   0.96136464]
 [-0.03583245  0.06171101 -0.03004102  0.0518535  -0.0057018  -0.02457698
  -0.96881318 -0.40347348  0.29384744  0.40161089  0.418976   -0.18446756]
 [-0.03361398  0.12854543  0.01148731  0.25263797 -0.02681263  0.02175514
  -0.84548936  0.51720196  0.49600253 -0.76883524  0.86389769  0.8696756 ]
 [ 0.13222362 -0.41740306  0.60764159 -0.53967699 -0.96881318 -0.84548936
   0.72844644 -0.85138527  0.95998935 -0.59294807 -0.16924704  0.09356768]
 [ 0.53682798 -0.85957782  0.00124464 -0.48982711 -0.40347348  0.51720196
  -0.79730906 -0.46578888 -0.44549641  0.72773788  0.77392005  0.39543392]
 [-0.36374696  0.19094763  0.04234027 -0.02203354  0.29384744  0.49600253
   0.73216449 -0.51641813  0.11304095  0.95188219  0.05887799  0.17717251]
 [-0.71979674 -0.93364625 -0.28847913  0.24640818  0.40161089 -0.76883524
   0.11064881  0.24614117 -0.24591304  0.40193944  0.71727306  0.38283424]
 [ 0.02934706 -0.78435382 -0.30661243  0.3475484   0.418976    0.86389769
  -0.54909242  0.47361405 -0.95082035 -0.91640283 -0.25515983 -0.64320832]
 [-0.24563864  0.75742592  0.76748114  0.96136464 -0.18446756  0.8696756
   0.92319175  0.71479665  0.65268534  0.96154016  0.19734583 -0.37483558]]

[[-0.12758341  0.29815824 -0.06292758  0.41107783 -0.04412816 -0.03776443
   0.83996055  0.04749344  0.84678368  0.37394515 -0.7370651  -0.04304752]
 [ 0.22467193 -0.3816239   0.19133955 -0.30979879  0.03413809  0.15746594
  -0.95711303 -0.48144083 -0.79462503 -0.7465593  -0.91966297 -0.31135774]
 [-0.10418555  0.32400352 -0.00617719  0.56818121 -0.06049763  0.02023162
   0.18104316  0.3612028  -0.88624048  0.78109518  0.83005959  0.52533542]
 [ 0.19890871 -0.05074179  0.33059917  0.55469988 -0.05699918  0.32150571
   0.72184319 -0.89936313 -0.31487741  0.24907085  0.85791169  0.45763612]
 [-0.02180423  0.00738504 -0.03521669 -0.05554317  0.00569449 -0.03408721
   0.89568361  0.25886169  0.12164667  0.73532402 -0.84842604  0.6947763 ]
 [-0.08437053  0.28813467  0.00945651  0.53447367 -0.05681502  0.03271689
   0.89152216  0.74887014 -0.67478853  0.49312045  0.28577721 -0.24015434]
 [ 0.83996055 -0.95711303  0.18104316  0.72184319  0.89568361  0.89152216
  -0.21615118 -0.10176153 -0.30462131 -0.45391685  0.07693976 -0.19130315]
 [ 0.04749344 -0.48144083  0.3612028  -0.89936313  0.25886169  0.74887014
   0.44314629 -0.41391322  0.60920623  0.93658777  0.68940031  0.40730929]
 [ 0.84678368 -0.79462503 -0.88624048 -0.31487741  0.12164667 -0.67478853
  -0.32980408 -0.37497931 -0.69638118 -0.43108167 -0.34708783 -0.67867808]
 [ 0.37394515 -0.7465593   0.78109518  0.24907085  0.73532402  0.49312045
   0.7569152  -0.77160171  0.69509151  0.69192912  0.56124081 -0.22053401]
 [-0.7370651  -0.91966297  0.83005959  0.85791169 -0.84842604  0.28577721
  -0.46233986  0.0450149   0.74311288  0.25638978 -0.49341245  0.88639745]
 [-0.04304752 -0.31135774  0.52533542  0.45763612  0.6947763  -0.24015434
   0.15995372 -0.68898258  0.76104409 -0.04548166 -0.46010441 -0.37805217]]

[[-0.11461185  0.27371817 -0.05323174  0.38624255 -0.04142603 -0.03019946
  -0.36071366 -0.63772241 -0.3839313   0.75931802  0.19720813 -0.20314724]
 [ 0.2273144  -0.40465758  0.18317802 -0.36698605  0.04017333  0.14755634
   0.06150805  0.57482744 -0.57825718 -0.35204502  0.5318353   0.16564746]
 [-0.07928455  0.26695019  0.0067444   0.4912393  -0.0522311   0.02832494
   0.55392308  0.48443705 -0.71893425  0.29293836  0.30447063 -0.52449268]
 [ 0.25226595 -0.20340157  0.34121542  0.3020389  -0.03004863  0.3195631
   0.65633095  0.93240868 -0.43601859 -0.23304576 -0.83438537 -0.31719795]
 [-0.02732934  0.02327981 -0.03626717 -0.02912922  0.00287736 -0.0338309
  -0.4568486  -0.29676499 -0.73916921 -0.75471983  0.74229918 -0.79918931]
 [-0.05962941  0.23006859  0.02152087  0.45404414 -0.04818264  0.03988361
   0.03822902  0.62518901 -0.52229588 -0.76144101 -0.5408359   0.35740306]
 [-0.36071366  0.06150805  0.55392308  0.65633095 -0.4568486   0.03822902
  -0.06783001  0.62546974 -0.87238868 -0.2275063  -0.69098451  0.46309137]
 [-0.63772241  0.57482744  0.48443705  0.93240868 -0.29676499  0.62518901
  -0.78285609 -0.81050619 -0.62641217  0.22191761  0.39234395  0.37444899]
 [-0.3839313  -0.57825718 -0.71893425 -0.43601859 -0.73916921 -0.52229588
  -0.82068949 -0.49324742  0.42242957 -0.59091235  0.54788632 -0.35565391]
 [ 0.75931802 -0.35204502  0.29293836 -0.23304576 -0.75471983 -0.76144101
  -0.34737124 -0.86551575  0.39084693  0.42319063  0.87829675  0.120873  ]
 [ 0.19720813  0.5318353   0.30447063 -0.83438537  0.74229918 -0.5408359
   0.24775563 -0.11828273 -0.09881789 -0.06772518 -0.72232229 -0.603551  ]
 [-0.20314724  0.16564746 -0.52449268 -0.31719795 -0.79918931  0.35740306
  -0.98448113 -0.90387966  0.4475147  -0.21080045 -0.34322971  0.5517431 ]]

[[-0.09175844  0.25034474 -0.02509748  0.39932273 -0.04264547 -0.00438675
  -0.84880795 -0.43841545 -0.40529131  0.9438058   0.5024      0.87065584]
 [ 0.0912112  -0.32708356 -0.0189745  -0.62281161  0.06615667 -0.0452552
   0.33958142 -0.40162575  0.93464723 -0.00519041  0.65219238 -0.92882256]
 [-0.11444102  0.26830737 -0.05596117  0.37122274 -0.03984451 -0.03332732
  -0.68934289 -0.88037602 -0.78213742  0.47213994  0.68446985  0.63044208]
 [-0.06012638 -0.06182748 -0.14325769 -0.39046779  0.04067146 -0.14612481
   0.92178527 -0.48160015 -0.79562548  0.90234121 -0.66204279 -0.51904901]
 [ 0.00569666  0.00822333  0.014901    0.04382443 -0.00457201  0.0153448
   0.20260917  0.64036116  0.17243075 -0.47524917  0.66590664  0.80311989]
 [-0.10531157  0.237706   -0.05666065  0.3150542  -0.03387194 -0.03650175
  -0.70412673  0.15561074 -0.43201734  0.63342102  0.71776221 -0.20492917]
 [-0.84880795  0.33958142 -0.68934289  0.92178527  0.20260917 -0.70412673
  -0.93561146 -0.76657006 -0.69454966  0.26408417  0.61041386  0.28900832]
 [-0.43841545 -0.40162575 -0.88037602 -0.48160015  0.64036116  0.15561074
   0.39900615 -0.24112017  0.09988886  0.5560636  -0.61549312  0.13596541]
 [-0.40529131  0.93464723 -0.78213742 -0.79562548  0.17243075 -0.43201734
  -0.84079881  0.30645848  0.13825957 -0.00012212  0.97223647 -0.15319818]
 [ 0.9438058  -0.00519041  0.47213994  0.90234121 -0.47524917  0.63342102
  -0.74356697  0.04855524  0.74542852  0.53213984  0.56284354 -0.28962017]
 [ 0.5024      0.65219238  0.68446985 -0.66204279  0.66590664  0.71776221
   0.2404264   0.23090242  0.1903884  -0.47779339  0.94835807 -0.31255582]
 [ 0.87065584 -0.92882256  0.63044208 -0.51904901  0.80311989 -0.20492917
  -0.63501758  0.26545514 -0.80368465 -0.0721372  -0.46937721  0.28418916]]

[[ 0.18928873 -0.32312392  0.16030677 -0.26563241  0.02924819  0.13165132
   0.17091073 -0.36888258  0.2999211  -0.17277716 -0.55689251 -0.58451682]
 [-0.3730694   0.5213131  -0.38081298  0.18997145 -0.02254852 -0.33274401
  -0.2259065  -0.40403014  0.96017716  0.93940116  0.13347873  0.06335112]
 [ 0.13226551 -0.290647    0.0755972  -0.3728859   0.04014183  0.05085358
  -0.31963758 -0.86546145  0.7992933   0.63669207  0.32478765 -0.56877615]
 [-0.40983461  0.36604132 -0.53436017 -0.38793424  0.03800502 -0.49659322
   0.45525875 -0.14790585 -0.44438288  0.26458606 -0.43644712 -0.1219019 ]
 [ 0.0444208  -0.04073142  0.05732419  0.03899461 -0.00379808  0.0531538
  -0.30034966 -0.45117922 -0.36904186 -0.74102813 -0.96431491 -0.46767971]
 [ 0.09997517 -0.24393412  0.0435302  -0.35184808  0.03770668  0.02306293
  -0.42829594 -0.61628549 -0.01154486  0.37009687  0.47354243 -0.49701689]
 [ 0.17091073 -0.2259065  -0.31963758  0.45525875 -0.30034966 -0.42829594
  -0.0151159   0.94423783  0.93533559 -0.01274739 -0.05847345  0.68559085]
 [-0.36888258 -0.40403014 -0.86546145 -0.14790585 -0.45117922 -0.61628549
  -0.5766286   0.68391086  0.82394967 -0.88757234  0.10144834 -0.34378795]
 [ 0.2999211   0.96017716  0.7992933  -0.44438288 -0.36904186 -0.01154486
   0.60730149  0.10556053 -0.50936464 -0.36437659 -0.45687188  0.03382472]
 [-0.17277716  0.93940116  0.63669207  0.26458606 -0.74102813  0.37009687
   0.38241625 -0.13855849 -0.65029258 -0.14833542 -0.01584431  0.82804136]
 [-0.55689251  0.13347873  0.32478765 -0.43644712 -0.96431491  0.47354243
   0.77923098  0.07111817 -0.79099028  0.10157424  0.0092209  -0.71362593]
 [-0.58451682  0.06335112 -0.56877615 -0.1219019  -0.46767971 -0.49701689
  -0.36282657 -0.07592646  0.88291933 -0.19458631 -0.70806685 -0.22295684]]
