A: 
[[-0.25353113 -0.30823856 -0.36458451 -1.03838466  0.05315181  0.61404374
   0.03232913 -0.09371876  0.60301631 -0.77639377  0.79684948  0.32043565]
 [ 0.16170123  0.10653465  0.0683509   0.45148696 -0.24024562  0.24195138
  -0.36352514 -1.13072684 -0.74736787  0.37903849 -0.97337266  0.71504294]
 [ 0.90216678 -0.04399607  0.54970108  0.56644887  0.14089445 -0.40817943
  -0.07863024 -0.23152349 -0.88152358 -0.8255825   0.12649098  0.79757772]
 [-0.92834666 -0.52105248 -0.43592132  0.09806845 -0.11723012 -0.02520274
  -0.14250321  0.20072695 -0.3475182   0.10495274 -0.93588294 -0.56845124]
 [-0.11392837  1.30087874  0.02200676 -0.01704244 -0.20244011  0.0819386
   0.33259881  0.25991315 -0.01087311  0.01628745 -0.88345756  0.44154045]
 [ 0.31535823  1.35569424  0.11058839  0.52024786  0.01202872  0.03625647
   0.37396856  0.34587848 -0.26755518  0.88493405 -0.26035889 -0.86402474]
 [ 0.314822   -0.16913358  0.11953795  0.1767519   0.19215947 -0.15454936
   0.05249693  0.23051213 -0.53438299 -0.45898105  0.54145816 -0.25688218]
 [ 0.7143515  -0.78168426  0.52415736 -0.33078804  0.06707179 -0.3278367
  -0.2454087  -0.47929798 -0.97275054  0.12823676  0.30718378  0.17507913]
 [ 0.53734275 -0.18362408  0.22217159  0.40678511  0.29249735 -0.27875401
   0.08102595  0.34071865  0.47191138  0.79802407  0.80071164  0.21135846]
 [-0.3905729  -0.59729432 -0.61679156  0.51059319  0.27667429  0.44189518
  -0.10837861  0.10494692 -0.97665206  0.53461584 -0.89759395  0.40934329]] 
x segnato:[[ 0.94020962]
 [ 0.5347489 ]
 [-0.1192112 ]
 [ 0.60680053]
 [-0.04681351]
 [-0.75802503]
 [-0.01463414]
 [-0.54061475]
 [ 0.        ]
 [ 0.        ]
 [ 0.        ]
 [ 0.        ]]
Matrici Hi 

[[-0.41316762 -0.70860364  0.29408557  0.18545145 -0.11069236 -1.02227751
  -0.0868623   0.6428543  -0.84225315 -0.5497695   0.56748269  0.85770089]
 [-0.43327128  0.18531997 -0.40247544 -0.12289311  0.18698764  0.16714668
   0.31891218  0.87200013 -0.60385121 -0.28578139  0.03876926  0.15529828]
 [ 0.07966518 -0.11616411  0.02349632  0.79667936  0.18091732 -0.32106084
   0.02910996  0.40388056  0.20681927  0.04452881  0.71638024  0.96713629]
 [-0.60133477 -0.56711125  0.02627736  0.9067086  -0.11792762 -0.78820544
  -0.19919905  0.38921392 -0.84491141  0.69342802 -0.65808492  0.69742435]
 [-0.03192694 -0.34349153  0.23606135 -0.33663407 -0.14203248 -0.31821855
  -0.11824403 -0.11454045 -0.45750281  0.27881847  0.74684559 -0.67208963]
 [-0.50573634 -0.05672147  0.00017617 -1.26675581 -0.3238483   0.03104156
   0.01820517 -0.04756572 -0.62070123  0.65977486 -0.85161859 -0.7405162 ]
 [ 0.12417973  0.02038745 -0.00312967 -0.26865634  0.06628516  0.12200963
   0.06807128  0.04414047  0.16434804 -0.73243662 -0.09713418 -0.05422283]
 [ 0.75434776  0.07891328  0.11868936 -0.14488203  0.20533692  0.402886
   0.00113628 -0.44696289 -0.31388907 -0.45231719 -0.60257764 -0.58695644]
 [-0.84225315 -0.60385121  0.20681927 -0.84491141 -0.45750281 -0.62070123
   0.16434804 -0.31388907  0.24477581  0.01303365  0.06311844  0.79283639]
 [-0.5497695  -0.28578139  0.04452881  0.69342802  0.27881847  0.65977486
  -0.73243662 -0.45231719  0.79613586  0.80537974 -0.41130372  0.98195163]
 [ 0.56748269  0.03876926  0.71638024 -0.65808492  0.74684559 -0.85161859
  -0.09713418 -0.60257764 -0.85080335 -0.76753186 -0.6124199   0.13076039]
 [ 0.85770089  0.15529828  0.96713629  0.69742435 -0.67208963 -0.7405162
  -0.05422283 -0.58695644 -0.97326195  0.61716712 -0.57711765  0.53472949]]

[[ 0.07533551 -0.22342257  0.24861843 -0.65986707 -0.0741972  -0.23971742
   0.01565193  0.07232457  0.33100185  0.54531556 -0.15653683  0.03113814]
 [-0.39157522  1.04258326 -0.18944712 -0.37868488 -0.37073593  0.47655782
   0.10291088 -0.38105181 -0.97357992 -0.49168251 -0.54996854  0.2817588 ]
 [ 0.28009185 -0.2739106   0.12697213 -0.3167054   0.10941293 -0.02310795
   0.00543024  0.00963289 -0.77986546  0.56401424  0.01474656  0.01791335]
 [-0.99577292  0.80550965 -0.05356353 -0.18626061 -0.58152832 -0.30349925
   0.08697114  0.1948971  -0.79376073 -0.14663666 -0.75446872  0.26280655]
 [-0.24284986 -0.30912708  0.00688448 -0.11399231 -0.11333433 -0.14500779
  -0.12167702 -0.08222022  0.9533748   0.49789497  0.02712977 -0.2397141 ]
 [-0.04832592  0.56021397  0.01408539  0.08025416 -0.08434443  0.00669216
   0.1355026   0.11849597 -0.99446073  0.09300364 -0.24941321  0.93883369]
 [-0.18970088 -0.12712792 -0.11166399 -0.10697382 -0.10286939  0.15969976
  -0.12662871 -0.31012199  0.23770165  0.93703854  0.05184386 -0.57700587]
 [-0.56413715 -0.85798623 -0.31496826  0.04139494 -0.17380756  0.20881711
  -0.44872905 -0.70315349  0.1779727  -0.34700708  0.70965014 -0.70194993]
 [ 0.33100185 -0.97357992 -0.77986546 -0.79376073  0.9533748  -0.99446073
   0.23770165  0.1779727   0.89135565 -0.04845353  0.53197506  0.48156668]
 [ 0.54531556 -0.49168251  0.56401424 -0.14663666  0.49789497  0.09300364
   0.93703854 -0.34700708 -0.38097518 -0.84160686 -0.22801766  0.90450767]
 [-0.15653683 -0.54996854  0.01474656 -0.75446872  0.02712977 -0.24941321
   0.05184386  0.70965014 -0.40697404 -0.68003884 -0.79468189  0.35553944]
 [ 0.03113814  0.2817588   0.01791335  0.26280655 -0.2397141   0.93883369
  -0.57700587 -0.70194993  0.06070853 -0.82072296 -0.35472101 -0.35142811]]

[[-0.35178119  1.24127911 -0.41839754  0.18356242 -0.06584067  0.55247047
   0.32963263  0.25006897 -0.11052192  0.06941456 -0.64562303  0.19623439]
 [ 0.05823555  0.61496727  0.07151382 -0.00509079 -0.33566137  0.32002227
  -0.15958727 -0.91372155 -0.36310431 -0.48247002 -0.2187977  -0.37399105]
 [-0.02566917  0.40469596 -0.02225369  0.15630375  0.0020597  -0.00749388
   0.13863338  0.22550349 -0.19569192 -0.51260461  0.67170137 -0.6189435 ]
 [-0.914663    0.50353541 -0.45702152  0.67073077 -0.50968481  0.40800032
  -0.32544274 -0.89420692 -0.04596223 -0.86814489  0.69330836  0.41197935]
 [-0.15465386  0.3165557  -0.20741505  0.20857246  0.03708476  0.18831936
   0.10405091  0.16252994 -0.73728139 -0.58859396 -0.97966986  0.85006113]
 [ 0.00115013  0.10856885 -0.10539409 -0.49361249 -0.03479931  0.36143208
   0.0187325  -0.23419637 -0.67770307  0.45175725 -0.86411566 -0.02261715]
 [ 0.1291113   0.16427729  0.0344259   0.1453031   0.02381097  0.02274588
   0.02721648 -0.02692804 -0.89168963  0.83721553  0.2032113   0.35513833]
 [ 0.24756357 -0.18262412  0.12756758  0.67254443  0.16769678 -0.31259475
  -0.02105815  0.21118902  0.73507796  0.48371152 -0.48761607  0.68059349]
 [-0.11052192 -0.36310431 -0.19569192 -0.04596223 -0.73728139 -0.67770307
  -0.89168963  0.73507796 -0.41659543 -0.46294789 -0.27485277 -0.01997553]
 [ 0.06941456 -0.48247002 -0.51260461 -0.86814489 -0.58859396  0.45175725
   0.83721553  0.48371152 -0.81647468 -0.91884618 -0.30474005 -0.87757281]
 [-0.64562303 -0.2187977   0.67170137  0.69330836 -0.97966986 -0.86411566
   0.2032113  -0.48761607 -0.02237326 -0.28665376  0.94993775  0.38146045]
 [ 0.19623439 -0.37399105 -0.6189435   0.41197935  0.85006113 -0.02261715
   0.35513833  0.68059349 -0.5813096  -0.04472389  0.06232707  0.93480396]]

[[-0.25429502  0.48337655  0.15922657 -0.01299268 -0.06452698 -0.5500144
   0.32015178  0.91803247 -0.79978877 -0.26459451  0.34188994  0.71667807]
 [-0.07152352 -0.02773405 -0.52364608 -0.72025229  0.43222009  0.66319503
   0.38693147  0.76864381 -0.03739205  0.7745392  -0.95565583  0.03652033]
 [ 0.10732258  0.17457283 -0.10096128 -0.05894257  0.18738653  0.13279104
   0.20198611  0.39397038  0.08383847  0.09740047 -0.36952772  0.72348191]
 [-0.79132831 -0.27980673 -0.13434809  0.42173295 -0.24844042 -0.41526571
  -0.16519443  0.16233959  0.40186213 -0.14790166  0.99134784 -0.85967725]
 [-0.31771509 -0.03415385  0.11296322  0.19242072 -0.146258   -0.47300862
  -0.00817765  0.29579073  0.10387773 -0.44835346 -0.13467698 -0.51441246]
 [-0.00359485  0.27600131  0.28462042 -0.20416936 -0.25169868 -0.27577694
  -0.01743613 -0.15222275 -0.41656652 -0.06467975  0.35696224 -0.88435842]
 [-0.11771844 -0.15297624 -0.17743948 -0.13586438  0.1582747   0.08062561
   0.11813553  0.40215163 -0.7736272  -0.22932781 -0.05558506 -0.42307357]
 [-0.39281104 -0.73272882 -0.40206244  0.16338716  0.26947613  0.04948247
  -0.00360094  0.53057979  0.83477932 -0.64854039 -0.16752587 -0.08273498]
 [-0.79978877 -0.03739205  0.08383847  0.40186213  0.10387773 -0.41656652
  -0.7736272   0.83477932  0.06693888 -0.68032272  0.22731129  0.30316683]
 [-0.26459451  0.7745392   0.09740047 -0.14790166 -0.44835346 -0.06467975
  -0.22932781 -0.64854039  0.14567329 -0.10598095 -0.53957273  0.85950345]
 [ 0.34188994 -0.95565583 -0.36952772  0.99134784 -0.13467698  0.35696224
  -0.05558506 -0.16752587 -0.06304937  0.8439474  -0.74609578 -0.61841907]
 [ 0.71667807  0.03652033  0.72348191 -0.85967725 -0.51441246 -0.88435842
  -0.42307357 -0.08273498 -0.57107899 -0.58528643 -0.48175484  0.90015384]]

[[ 0.25043051  0.02316942  0.42092879 -1.11339024 -0.02701295 -0.37519763
   0.24495224  0.48418966  0.2577884   0.42622057 -0.01515397 -0.47168924]
 [ 0.53079933  0.51329151  0.69343896 -0.43214345 -0.30742623 -0.42363171
  -0.00189584 -0.4096536   0.47154575  0.09614988  0.27275346  0.28423688]
 [-0.03254922 -0.46318832  0.12005814 -0.58034225  0.02509807 -0.22404574
   0.01571175  0.24883562  0.96914001 -0.83061261 -0.04240712  0.44171207]
 [-0.3545417   0.39033766 -0.09583607  0.10702055 -0.18425194 -0.00090036
   0.03289809  0.02269011 -0.71311832  0.28958027  0.30582807 -0.12739261]
 [-0.15985428  0.24496709  0.04665258 -0.1456069  -0.14371967 -0.08470308
   0.04432133  0.04212815  0.65920627 -0.12966155  0.08030126  0.25209399]
 [ 0.62131172  0.66628284  0.20162863  0.10383041  0.11433481  0.14101768
   0.19100693 -0.03390759  0.58079427  0.05547165 -0.23647809  0.36585744]
 [-0.0722898   0.18761879  0.20323963 -0.12998719 -0.2427602  -0.20615845
  -0.06199608 -0.21668553 -0.09212087 -0.23405458  0.34294695 -0.42202618]
 [-0.85710633  0.12246568 -0.01344987  0.2079183  -0.6008982  -0.28912852
  -0.31113687 -0.54072185  0.20373127 -0.13814572 -0.13817032  0.35840484]
 [ 0.2577884   0.47154575  0.96914001 -0.71311832  0.65920627  0.58079427
  -0.09212087  0.20373127 -0.22594632  0.4425039  -0.51940189  0.74104019]
 [ 0.42622057  0.09614988 -0.83061261  0.28958027 -0.12966155  0.05547165
  -0.23405458 -0.13814572  0.48466195 -0.11375522 -0.32527067 -0.71014457]
 [-0.01515397  0.27275346 -0.04240712  0.30582807  0.08030126 -0.23647809
   0.34294695 -0.13817032 -0.25990577 -0.88565656  0.96409286  0.54893041]
 [-0.47168924  0.28423688  0.44171207 -0.12739261  0.25209399  0.36585744
  -0.42202618  0.35840484 -0.09215748 -0.6540654  -0.41629155 -0.470898  ]]

[[-0.37724094  0.90721607  0.35819356 -0.18428541 -0.61695755 -0.42886663
  -0.00002731 -0.26679828  0.58362867  0.74728392  0.60862462  0.23065861]
 [-0.62024395  0.23648707  0.07688732 -0.06767781 -0.40938316 -0.3826151
  -0.05713692  0.01934393  0.36573576  0.31117555  0.15025136  0.04796346]
 [-0.55820555  0.78791028 -0.16655347  0.14637216 -0.41724059  0.18890597
  -0.04083844 -0.39076518  0.50237331  0.99866155 -0.67789327  0.3651981 ]
 [ 0.43532865  0.32927962  0.54774398  0.10989428 -0.10266681 -0.56618997
   0.06422051  0.07766124 -0.47882919 -0.80058879 -0.3900441  -0.97025796]
 [ 0.20608787  0.03675023  0.27570296 -0.32058005 -0.02073573 -0.26886587
   0.0828458   0.16832434 -0.96405654 -0.05569519  0.79718409 -0.70633631]
 [ 0.42857748 -0.7424652   0.3455348  -0.16979628  0.2194977  -0.48422617
  -0.02295515  0.31700779 -0.56651045  0.73149459  0.98037709 -0.15588035]
 [-0.16812765  0.06293416  0.02361107 -0.26969834 -0.09117685 -0.08652397
   0.04786739  0.12578414 -0.68819345 -0.8259238  -0.5299618  -0.46760999]
 [-0.07078652  0.07894905 -0.0803119  -0.59734841  0.06226557  0.12862419
   0.18992719  0.34930269  0.87566105  0.62692262  0.95107572 -0.82842608]
 [ 0.58362867  0.36573576  0.50237331 -0.47882919 -0.96405654 -0.56651045
  -0.68819345  0.87566105 -0.18870887  0.28772819  0.66485595 -0.20835124]
 [ 0.74728392  0.31117555  0.99866155 -0.80058879 -0.05569519  0.73149459
  -0.8259238   0.62692262  0.96589812 -0.36751617  0.23348431 -0.01826017]
 [ 0.60862462  0.15025136 -0.67789327 -0.3900441   0.79718409  0.98037709
  -0.5299618   0.95107572 -0.47770128  0.09300005  0.65950733 -0.98717234]
 [ 0.23065861  0.04796346  0.3651981  -0.97025796 -0.70633631 -0.15588035
  -0.46760999 -0.82842608  0.47575949  0.71654079 -0.5945664   0.75596589]]

[[ 0.13548768  0.10017387  0.4522457   1.04302915 -0.2356272  -0.72692593
  -0.23503406 -0.29951815  0.85208213  0.43089131  0.42681277 -0.32398274]
 [-0.34646957  0.86513387  0.10070676 -0.64217857 -0.3589728  -0.06141563
   0.21849425  0.14951321 -0.28992932  0.26409854  0.78018267 -0.59861022]
 [-0.20495278 -0.18213351 -0.15779364  0.42364595  0.0239497  -0.00772045
  -0.09009753  0.00273557 -0.34371238 -0.40335497 -0.09993198 -0.72837592]
 [ 0.38775065 -0.18833393  0.72072483 -0.6386035  -0.17889363 -0.77115113
  -0.00501273  0.07316222  0.71942886  0.295474    0.16530687  0.84702156]
 [ 0.37879594  0.00527051  0.28473422  0.41191326  0.01724742 -0.26946392
  -0.07302805 -0.15360075 -0.34075157  0.55409365  0.98687988 -0.97415804]
 [ 0.07227085  0.54755591  0.39312843 -0.08049287 -0.31616454 -0.36372634
   0.01187529 -0.1821324  -0.90071968  0.76883374 -0.6640992  -0.26020769]
 [ 0.09568938  0.23046534 -0.02319877  0.0663446   0.03413069  0.11110567
   0.06370815  0.00617893 -0.512012    0.52788812 -0.13122349 -0.00492255]
 [ 0.4800469  -0.05892422 -0.23468253  0.0838165   0.43093689  0.53316311
   0.13580724  0.10996859 -0.15148329  0.6474399   0.73115599  0.22162415]
 [ 0.85208213 -0.28992932 -0.34371238  0.71942886 -0.34075157 -0.90071968
  -0.512012   -0.15148329 -0.36835323 -0.12562625  0.16019891  0.84824074]
 [ 0.43089131  0.26409854 -0.40335497  0.295474    0.55409365  0.76883374
   0.52788812  0.6474399  -0.60229617 -0.81050205 -0.71631107 -0.41192573]
 [ 0.42681277  0.78018267 -0.09993198  0.16530687  0.98687988 -0.6640992
  -0.13122349  0.73115599  0.44418075 -0.93250932  0.96501025 -0.36630111]
 [-0.32398274 -0.59861022 -0.72837592  0.84702156 -0.97415804 -0.26020769
  -0.00492255  0.22162415 -0.95383944  0.78161815  0.2716182   0.0577354 ]]

[[-0.01183766 -0.00828158 -0.24003522  0.60537129  0.39064238 -0.07219506
   0.26316861  0.92198448 -0.71489339 -0.36496194  0.4528446  -0.90375773]
 [ 0.39891231  0.44942526 -0.1859822   0.32110882  0.06151722  0.73448788
  -0.08818385 -0.79304807  0.85631302  0.42947401 -0.43749887 -0.19299834]
 [-0.29131343 -0.35511297 -0.38646283  0.04032562  0.09412963  0.36859235
  -0.09252534 -0.09275713 -0.60880876  0.9363711   0.18124731  0.91272392]
 [ 0.31521598 -0.35702522  0.11849808 -0.14772614  0.13028423 -0.02143752
  -0.04876999 -0.0752147   0.92593627 -0.77984242  0.02208642  0.10218227]
 [ 0.22721929 -0.06784251  0.15490202  0.60296667  0.20493717 -0.42420318
   0.10452669  0.53733645  0.30200442  0.94855244 -0.19075361  0.14338927]
 [ 0.29032318  0.90486041  0.34406424 -0.06675598 -0.01557583 -0.3587682
   0.38704555  0.63284871  0.94767881 -0.26236079  0.58629647  0.15528607]
 [ 0.23983136 -0.03548934  0.01171795  0.61522119  0.11567631  0.00113789
  -0.07559449 -0.1379007   0.80304009  0.92276939 -0.0033036   0.63038758]
 [ 0.45191854 -0.71831621  0.12423412  1.38574701  0.20710932 -0.25542909
  -0.39230569 -0.49064985  0.01458783  0.73978258 -0.49511788 -0.78036381]
 [-0.71489339  0.85631302 -0.60880876  0.92593627  0.30200442  0.94767881
   0.80304009  0.01458783  0.80642779 -0.26985634  0.99640174 -0.91159833]
 [-0.36496194  0.42947401  0.9363711  -0.77984242  0.94855244 -0.26236079
   0.92276939  0.73978258  0.84920025 -0.16721326  0.89468168  0.14800909]
 [ 0.4528446  -0.43749887  0.18124731  0.02208642 -0.19075361  0.58629647
  -0.0033036  -0.49511788 -0.54815263  0.3795512   0.03341002  0.46942141]
 [-0.90375773 -0.19299834  0.91272392  0.10218227  0.14338927  0.15528607
   0.63038758 -0.78036381  0.4236492  -0.15324349  0.89162926 -0.72963635]]

[[ 0.04748415  0.58754906  0.09067513  1.21030588 -0.28313745 -0.02087449
  -0.27485127 -0.84250053  0.6137869   0.95213375 -0.67010501 -0.8856346 ]
 [ 0.52565056 -0.37319339  0.20384324 -0.01866484  0.27847334 -0.16036595
   0.04981864  0.22300915  0.08015834  0.97122085  0.30630959 -0.30619386]
 [-0.2131024   0.05431744 -0.00910494  0.51616646 -0.273878    0.00183496
  -0.29399438 -0.68911122 -0.91194849  0.3723619   0.42668646  0.77689153]
 [ 0.56170031  0.23444468  0.11172599  0.01027803  0.2067946   0.16691497
   0.13036336  0.01428452  0.90739775 -0.85038922 -0.44258903 -0.91307972]
 [ 0.34272562  0.37153595  0.08260073  0.25804682  0.08702582  0.07379542
   0.09079938 -0.01647179  0.87540923 -0.14013823 -0.43298011 -0.18287595]
 [ 0.01092154  0.07522019  0.00905885 -0.01506814  0.1231828  -0.14839881
   0.18232843  0.52438266 -0.7950624   0.51819489 -0.60739672  0.15439842]
 [ 0.40630475  0.01672817  0.11564453 -0.00798154  0.17791187  0.01323591
   0.08963014  0.1111059  -0.29917903  0.31800585  0.65141433  0.04183599]
 [ 0.98903706  0.0872071   0.2147745  -0.39527359  0.45724941  0.21705705
   0.28788435  0.30061358 -0.96444439 -0.55285147 -0.00432849  0.5041424 ]
 [ 0.6137869   0.08015834 -0.91194849  0.90739775  0.87540923 -0.7950624
  -0.29917903 -0.96444439  0.14907841  0.57973469 -0.75287152  0.87855616]
 [ 0.95213375  0.97122085  0.3723619  -0.85038922 -0.14013823  0.51819489
   0.31800585 -0.55285147  0.15418357 -0.20891239 -0.78434534 -0.58403024]
 [-0.67010501  0.30630959  0.42668646 -0.44258903 -0.43298011 -0.60739672
   0.65141433 -0.00432849  0.34626783  0.21711149 -0.86776398  0.49080763]
 [-0.8856346  -0.30619386  0.77689153 -0.91307972 -0.18287595  0.15439842
   0.04183599  0.5041424   0.49633649 -0.53772921  0.20231493 -0.74421024]]

[[ 0.32890035  0.05843152  0.45199498 -0.28803702 -0.04718144 -0.47956788
   0.0872941   0.20645617 -0.91895499 -0.18168067  0.48265899 -0.58295349]
 [ 0.15563914  0.48764935 -0.44292653 -0.50949997  0.27692935  0.90438521
   0.29947615  0.13512413 -0.65090748 -0.03066814  0.28427081 -0.3339778 ]
 [-0.41931983  0.13146731 -0.2090871  -0.06236739 -0.06186932  0.05029361
   0.07861904  0.25928004  0.63342488  0.15180472 -0.47999657  0.6536746 ]
 [-0.0611645  -0.97358877  0.06785925 -0.86114782  0.0198307  -0.09427055
  -0.16241318 -0.08361206 -0.34167203 -0.16026214 -0.10076048  0.55129217]
 [ 0.14831741 -0.32363596  0.30759277 -0.23826409 -0.02573786 -0.41855431
  -0.03257069  0.11743119 -0.59440328  0.19524303 -0.91089408 -0.29471149]
 [ 1.11816344  0.35486054  0.5889239   0.23425095  0.10887427 -0.13761833
   0.00506826 -0.4388088  -0.07961247 -0.76382111 -0.11889138 -0.8267205 ]
 [-0.12827155 -0.01662365 -0.13681068 -0.25490871  0.06458963  0.1158813
   0.10144815  0.24614486 -0.62380324 -0.86527212  0.61861273 -0.1625459 ]
 [-0.93900465 -0.66302801 -0.47817246 -0.63360311  0.02005369  0.02439064
   0.06378275  0.69244767 -0.07995198  0.33234524 -0.95639188 -0.95485352]
 [-0.91895499 -0.65090748  0.63342488 -0.34167203 -0.59440328 -0.07961247
  -0.62380324 -0.07995198 -0.37044169 -0.12856909  0.86483963  0.50743327]
 [-0.18168067 -0.03066814  0.15180472 -0.16026214  0.19524303 -0.76382111
  -0.86527212  0.33234524 -0.3427483  -0.95127221  0.58746779  0.47771156]
 [ 0.48265899  0.28427081 -0.47999657 -0.10076048 -0.91089408 -0.11889138
   0.61861273 -0.95639188 -0.1963917  -0.37832515 -0.78630527  0.25045335]
 [-0.58295349 -0.3339778   0.6536746   0.55129217 -0.29471149 -0.8267205
  -0.1625459  -0.95485352 -0.86314371 -0.68603442 -0.08042012  0.56126862]]
