A: 
[[ 0.30299113  0.07704306 -0.30064946 -0.07036849 -0.3923858   0.20962544
  -0.31078689 -0.38183527  0.29156372 -0.70433296  0.25142597 -0.40065298]
 [ 0.34899383  0.49378297 -0.13150117  0.30283224 -0.54499379  0.39829456
  -0.64267763 -0.09641557 -0.75842727  0.00754814 -0.0110666   0.26097827]
 [-0.26993275 -0.15643343  0.2212879  -0.02051933  0.36973943 -0.22075067
   0.59833455 -0.48918322  0.12373276  0.11026252  0.61719554  0.22874758]
 [-0.19994693  0.4844974   0.48229368  0.55381167  0.13597949  0.06896182
  -0.64600725  0.16018224  0.68296772  0.19579341  0.91013552 -0.92919251]
 [-0.41284525  0.35386364  0.65297891  0.53075345  0.42926221 -0.10795483
  -0.6582574  -0.74036474  0.8087648  -0.51678253  0.86585529  0.9579474 ]
 [ 0.01763871  0.45286805  0.22027663  0.4208646  -0.12583016  0.18582781
   0.04077451 -0.07053209 -0.83427081 -0.70396629  0.33585046  0.96246308]
 [-0.07558271 -0.52773815 -0.19467098 -0.46440243  0.21468249 -0.24920278
   0.21524916  0.99202226  0.23826416  0.67442496 -0.13629333  0.69344764]
 [-0.46284869  0.24700366  0.65267029  0.45313899  0.51564256 -0.17900517
   0.88893114 -0.92991116 -0.60335529 -0.07142714 -0.49089543 -0.66860165]
 [-0.57623604  0.2643363   0.78966235  0.5232255   0.6518805  -0.23957673
  -0.37185662 -0.75289148  0.18938064 -0.75968961 -0.60521409  0.14073053]
 [ 0.07638036 -0.56259217 -0.38443394 -0.56935059  0.0347648  -0.17252538
  -0.46909981  0.54241973  0.5003708  -0.27440925  0.1727796  -0.83911656]
 [-0.38952175 -0.52501073  0.16062059 -0.3132494   0.60228471 -0.43443563
  -0.78938162 -0.67067258  0.14531042 -0.11160439  0.69086879 -0.76581378]
 [ 0.37990068 -0.39048421 -0.63526662 -0.54987045 -0.3801105   0.07422544
   0.52670513 -0.23644125  0.33007558 -0.13811008  0.06223732  0.93774099]
 [-0.24525649 -0.20241159  0.16909256 -0.07577352  0.3497844  -0.2239118
  -0.65815073  0.96028086 -0.67024746 -0.0654718   0.28437397  0.54113692]
 [ 0.52327746 -0.27274945 -0.7344335  -0.50613714 -0.58445758  0.20489376
  -0.63494192 -0.45662053  0.92458558  0.39303312 -0.21600098 -0.69798914]
 [-0.14508635 -0.24738774  0.03233835 -0.16580466  0.23624068 -0.18188744
   0.71181193 -0.04394783 -0.72956589 -0.11784651 -0.74591289  0.27589468]
 [ 0.09668247  0.42611303  0.11699699  0.3581006  -0.21743336  0.22237158
  -0.21875076 -0.6782069   0.86939659  0.75732003 -0.32270755 -0.63179346]
 [ 0.42815531  0.09789579 -0.43066553 -0.10983754 -0.55195805  0.29197155
   0.13556011 -0.91270137 -0.54142307 -0.84808232  0.64961579  0.10881053]
 [ 0.05775239 -0.35059967 -0.25101774 -0.35961632  0.00910912 -0.10149061
  -0.08175399 -0.74963016  0.88047043  0.29551193  0.42384561  0.0529274 ]
 [-0.03541701  0.57770813  0.34627962  0.56429152 -0.08889352  0.20268597
   0.50558421  0.74660978 -0.43978153  0.82904123 -0.21982778  0.34277063]
 [ 0.31531585  0.38914659 -0.14903127  0.21959939 -0.47931284  0.33779265
  -0.07864515 -0.72927349  0.9177489   0.88394943  0.01799968 -0.46869353]] 
x segnato:[[-0.91487825]
 [ 0.27825372]
 [-0.04609085]
 [-0.09116892]
 [-0.88717018]
 [ 0.15527595]
 [ 0.        ]
 [ 0.        ]
 [ 0.        ]
 [ 0.        ]
 [ 0.        ]
 [ 0.        ]]
Matrici Hi 

[[ 0.10873037  0.04168494 -0.10044589 -0.01194794 -0.14403446  0.08066113
  -0.47200579  0.37730016  0.18945222 -0.48854855 -0.34890369  0.19410862]
 [-0.1825551  -0.33673755  0.02718741 -0.23275551  0.30309834 -0.23871945
  -0.88921044  0.24328917  0.6249263  -0.3433557   0.94423027  0.61583331]
 [-0.21936115 -0.22555676  0.12763159 -0.10996435  0.32307739 -0.21750806
  -0.76475437 -0.00474868 -0.48027445  0.49622382  0.65659932  0.32580088]
 [-0.22447452 -0.33887456  0.07330212 -0.21494301  0.35542828 -0.2644216
   0.69485504 -0.777572   -0.83650257 -0.8856787  -0.09000812 -0.7288959 ]
 [-0.09252964  0.02579478  0.11797055  0.06823596  0.10850089 -0.04491802
  -0.58870135  0.42336447  0.85144767 -0.45789267 -0.1561769   0.4281557 ]
 [-0.00616987 -0.10565716 -0.0490762  -0.09721821  0.03189787 -0.04457409
  -0.80348991  0.2215016  -0.52733912  0.57811962  0.69175616 -0.76044128]
 [-0.47200579 -0.88921044 -0.76475437  0.69485504 -0.58870135 -0.80348991
   0.65774949 -0.49697051  0.20524248 -0.14646643  0.86810117  0.80784435]
 [ 0.37730016  0.24328917 -0.00474868 -0.777572    0.42336447  0.2215016
   0.1340786  -0.3773897  -0.69149728 -0.68047773 -0.36269895 -0.74038367]
 [ 0.18945222  0.6249263  -0.48027445 -0.83650257  0.85144767 -0.52733912
  -0.08890372  0.32752159  0.80155829  0.79342973 -0.26231413 -0.86789734]
 [-0.48854855 -0.3433557   0.49622382 -0.8856787  -0.45789267  0.57811962
  -0.02811542 -0.65984621 -0.79207871 -0.90360021 -0.03673811 -0.75092414]
 [-0.34890369  0.94423027  0.65659932 -0.09000812 -0.1561769   0.69175616
   0.67225742  0.74881193 -0.42339241 -0.81895181 -0.5601503  -0.95910768]
 [ 0.19410862  0.61583331  0.32580088 -0.7288959   0.4281557  -0.76044128
  -0.8677567  -0.409064    0.63175912 -0.26812177 -0.42864949  0.66080961]]

[[-0.19824976 -0.26117225  0.08494962 -0.15371015  0.30515064 -0.21877188
  -0.50791679  0.96646686 -0.39017317  0.93699271  0.93848821 -0.03697641]
 [ 0.15769551  0.14336629 -0.10171324  0.06124976 -0.22794136  0.14909007
   0.95309429  0.75500205  0.39897316  0.68129357 -0.13014985  0.80740606]
 [ 0.30707662  0.37039863 -0.14968681  0.20572988 -0.46481775  0.3256439
   0.59699546 -0.13277842 -0.94278407  0.49944852  0.87928644  0.7983049 ]
 [ 0.24327753  0.25947416 -0.13660156  0.13079189 -0.36044362  0.24483346
  -0.93745932 -0.01883552  0.17806512  0.7123698   0.61639503  0.35217111]
 [ 0.20894255  0.29004606 -0.08168973  0.17601546 -0.32500565  0.23629751
   0.1534656   0.37170922  0.49604715 -0.97301836  0.6720268  -0.13568999]
 [-0.05657645 -0.09946278  0.01102268 -0.06749305  0.09280975 -0.07208634
   0.42717299  0.08152061  0.77942728  0.6734867  -0.64466018  0.95828913]
 [-0.50791679  0.95309429  0.59699546 -0.93745932  0.1534656   0.42717299
  -0.39651219 -0.36292502  0.72040359 -0.31225902  0.71712758  0.17378564]
 [ 0.96646686  0.75500205 -0.13277842 -0.01883552  0.37170922  0.08152061
   0.16930833  0.5028343  -0.87877534 -0.54392153  0.32129927 -0.79120849]
 [-0.39017317  0.39897316 -0.94278407  0.17806512  0.49604715  0.77942728
  -0.68997729 -0.57152514 -0.46385845  0.4213215  -0.9175191  -0.2643793 ]
 [ 0.93699271  0.68129357  0.49944852  0.7123698  -0.97301836  0.6734867
   0.93880242 -0.61615066  0.17789    -0.13039846 -0.79644209 -0.4623183 ]
 [ 0.93848821 -0.13014985  0.87928644  0.61639503  0.6720268  -0.64466018
  -0.80813096 -0.09734391 -0.43310619 -0.45500726 -0.55881983  0.39647688]
 [-0.03697641  0.80740606  0.7983049   0.35217111 -0.13568999  0.95828913
  -0.50737131  0.2973039   0.99652603  0.0848618  -0.97760171  0.76864766]]

[[ 0.22230717 -0.05256025 -0.27843849 -0.15501904 -0.26284094  0.11156277
   0.03717191 -0.5319821  -0.68884626 -0.17727909 -0.46791955  0.99935754]
 [ 0.04818849 -0.34550635 -0.23753714 -0.35026305  0.01976632 -0.10519349
  -0.12787436  0.21956597 -0.22703015 -0.77722149 -0.32244692 -0.26005264]
 [-0.22501109 -0.12398178  0.18786527 -0.0110215   0.30673395 -0.18152847
   0.70844325 -0.41535783  0.95258519  0.31366415  0.78393494  0.39887283]
 [-0.05953303 -0.30258485 -0.09336124 -0.25860562  0.14312028 -0.15249439
  -0.88557892 -0.621908   -0.28378904  0.36222718 -0.75488938  0.00870666]
 [-0.28598153  0.14435595  0.39888634  0.27215284  0.32049882 -0.11380118
  -0.3987428  -0.04388475 -0.73100996 -0.90065704 -0.76633345  0.48834076]
 [ 0.15057505 -0.16497701 -0.25720317 -0.22761715 -0.14831377  0.02546708
   0.29785273 -0.40648337  0.44832414 -0.35743021  0.55088173 -0.34737118]
 [ 0.03717191 -0.12787436  0.70844325 -0.88557892 -0.3987428   0.29785273
  -0.37493039  0.77048742 -0.64304018 -0.31667024 -0.43986471  0.44175795]
 [-0.5319821   0.21956597 -0.41535783 -0.621908   -0.04388475 -0.40648337
  -0.53762957  0.90365677 -0.92773556  0.22804802  0.54709589  0.08413802]
 [-0.68884626 -0.22703015  0.95258519 -0.28378904 -0.73100996  0.44832414
  -0.41606813  0.7268379  -0.32857602  0.23710271  0.28563215  0.12516167]
 [-0.17727909 -0.77722149  0.31366415  0.36222718 -0.90065704 -0.35743021
  -0.94912382  0.12537788 -0.29883324 -0.30862681  0.73605192 -0.99452822]
 [-0.46791955 -0.32244692  0.78393494 -0.75488938 -0.76633345  0.55088173
   0.33460459 -0.94413533  0.77676989 -0.78201407 -0.23141986 -0.2283918 ]
 [ 0.99935754 -0.26005264  0.39887283  0.00870666  0.48834076 -0.34737118
  -0.29078467 -0.26298582 -0.46500948  0.40177637 -0.48198495 -0.19828353]]

[[ 0.06846905  0.00771592 -0.07308067 -0.02508933 -0.0864436   0.04361678
   0.8373533   0.38386942 -0.38694188  0.49763217 -0.86126561 -0.92915469]
 [-0.19823564 -0.40632758  0.00795734 -0.29128979  0.33847333 -0.27497105
  -0.29181738 -0.63105805  0.32319018  0.08429512 -0.81462356  0.09034301]
 [-0.18229748 -0.22417363  0.08659007 -0.12619343  0.27692539 -0.19497918
   0.46306649 -0.31330787  0.45976795 -0.37449107  0.24621183  0.08591682]
 [-0.22028275 -0.38875402  0.04212627 -0.26420066  0.3617012  -0.28124873
  -0.02921509 -0.44279173  0.389651    0.54478149 -0.68145058 -0.00979413]
 [-0.0391394   0.08378599  0.08854657  0.0979316   0.02915676  0.00921889
  -0.00075435  0.66512055 -0.68998427 -0.67525129  0.01576009 -0.94968457]
 [-0.0361325  -0.15276101 -0.04028423 -0.12768205  0.07976986 -0.08059339
   0.44374929  0.95052285 -0.03885551 -0.24384054  0.20923433 -0.34268086]
 [ 0.8373533  -0.29181738  0.46306649 -0.02921509 -0.00075435  0.44374929
   0.03310565  0.10164764  0.72163807 -0.32871865 -0.20369492  0.40667307]
 [ 0.38386942 -0.63105805 -0.31330787 -0.44279173  0.66512055  0.95052285
  -0.01382761  0.6511699   0.34448847  0.62037532 -0.79924701  0.11822203]
 [-0.38694188  0.32319018  0.45976795  0.389651   -0.68998427 -0.03885551
   0.04077013  0.10488612 -0.31677574  0.24285283  0.19146844  0.57259821]
 [ 0.49763217  0.08429512 -0.37449107  0.54478149 -0.67525129 -0.24384054
  -0.21521846 -0.35870408  0.73295164 -0.27758945  0.40488492 -0.69240981]
 [-0.86126561 -0.81462356  0.24621183 -0.68145058  0.01576009  0.20923433
   0.59355076 -0.0516361   0.85692747 -0.36478632  0.38290057 -0.27819199]
 [-0.92915469  0.09034301  0.08591682 -0.00979413 -0.94968457 -0.34268086
   0.61184054  0.15476665  0.1710441   0.71064797 -0.97777485  0.33205122]]

[[-0.0754861   0.26811548  0.22726402  0.28983307  0.03176652  0.05902775
   0.02771041 -0.41659002  0.56264298  0.29352919 -0.70286932  0.98296997]
 [ 0.01734003  0.132731    0.05084351  0.11759166 -0.05192979  0.061686
  -0.33798776 -0.69855559 -0.52570059  0.1589812   0.80166342  0.8327713 ]
 [ 0.09427694 -0.2318091  -0.22919005 -0.26431575 -0.06334304 -0.03381873
   0.45231504 -0.68417598 -0.24812925 -0.64235733  0.1825168  -0.45656895]
 [ 0.05215719 -0.00108497 -0.05936248 -0.02571109 -0.06425031  0.03052954
  -0.10646802  0.06397734 -0.40332582 -0.21309025 -0.08988696 -0.63667148]
 [ 0.08936615 -0.36204801 -0.29272116 -0.38542749 -0.02735611 -0.08716432
   0.77651436  0.68550337 -0.5846644   0.52052284  0.55630982  0.80556023]
 [-0.03807839  0.21049418  0.15454448  0.21751892 -0.00125843  0.05891287
  -0.81917548 -0.69978514 -0.14911605  0.14611953 -0.13073647 -0.25555173]
 [ 0.02771041 -0.33798776  0.45231504 -0.10646802  0.77651436 -0.81917548
  -0.78010426  0.25070656 -0.36996325 -0.31166634  0.44469844 -0.67936321]
 [-0.41659002 -0.69855559 -0.68417598  0.06397734  0.68550337 -0.69978514
   0.62239354 -0.51376286  0.16259647 -0.65994528 -0.37454516 -0.02512593]
 [ 0.56264298 -0.52570059 -0.24812925 -0.40332582 -0.5846644  -0.14911605
   0.53380957 -0.87591887  0.97218025 -0.62249137  0.82124876  0.62175366]
 [ 0.29352919  0.1589812  -0.64235733 -0.21309025  0.52052284  0.14611953
  -0.65235317 -0.95850052  0.29805334  0.05163167  0.44360572  0.42693404]
 [-0.70286932  0.80166342  0.1825168  -0.08988696  0.55630982 -0.13073647
  -0.15790753  0.13690557  0.42292962 -0.43480331 -0.0134797  -0.45092612]
 [ 0.98296997  0.8327713  -0.45656895 -0.63667148  0.80556023 -0.25555173
  -0.79257002  0.16210105 -0.88717857  0.60340897 -0.51801692 -0.81079268]]

[[-0.16195445  0.17726121  0.27654341  0.24464484  0.15956445 -0.0274628
  -0.36621903  0.59881224  0.31747327 -0.64163914 -0.06674856  0.60873528]
 [-0.14649678 -0.35656317 -0.02396804 -0.26860971  0.26306095 -0.22499967
  -0.33386207 -0.45039414  0.55351773 -0.87210258 -0.11953085  0.6332752 ]
 [ 0.10485344 -0.38888031 -0.32440638 -0.41818736 -0.04034527 -0.08836437
   0.27635028 -0.29439912 -0.80919536  0.81486936  0.84392234 -0.07979651]
 [-0.06220124 -0.42182449 -0.15358706 -0.37035393  0.17380757 -0.20025007
  -0.61302783  0.01961834  0.15923906  0.00771241 -0.29518161  0.35505769]
 [ 0.23392715 -0.13731019 -0.33647872 -0.24084098 -0.25774476  0.08564081
   0.4860235  -0.24863319  0.86686113 -0.90999852  0.32984886 -0.59399263]
 [-0.15282949 -0.03288421  0.1548177   0.04115835  0.19654767 -0.10342136
   0.74195148  0.14247447 -0.62562926  0.4866188  -0.94398174 -0.04952025]
 [-0.36621903 -0.33386207  0.27635028 -0.61302783  0.4860235   0.74195148
  -0.04516953  0.77197894 -0.95126214 -0.55820234  0.49075116  0.56322632]
 [ 0.59881224 -0.45039414 -0.29439912  0.01961834 -0.24863319  0.14247447
  -0.20856704 -0.52338742 -0.62447183 -0.94916596 -0.83010932 -0.15166541]
 [ 0.31747327  0.55351773 -0.80919536  0.15923906  0.86686113 -0.62562926
   0.83286112 -0.38054051 -0.91524555 -0.97328303  0.46220163  0.83224218]
 [-0.64163914 -0.87210258  0.81486936  0.00771241 -0.90999852  0.4866188
   0.96726764  0.12206191  0.53643907  0.46607153 -0.69378504  0.10366405]
 [-0.06674856 -0.11953085  0.84392234 -0.29518161  0.32984886 -0.94398174
  -0.16699065 -0.81536737  0.51181984 -0.13110243  0.91529031 -0.40865794]
 [ 0.60873528  0.6332752  -0.07979651  0.35505769 -0.59399263 -0.04952025
   0.33542677  0.26284082  0.61994778  0.08907594 -0.55659161 -0.07036376]]

[[-0.08019517 -0.1769531  -0.0034497  -0.12975828  0.13981599 -0.11610758
  -0.35822416 -0.84929381  0.3946284  -0.90292406 -0.79644453 -0.27252214]
 [-0.07556598  0.23834882  0.21156869  0.26165911  0.03870229  0.047454
  -0.50339743  0.32213916 -0.54075212  0.92803078 -0.37703792  0.72834215]
 [ 0.05031624  0.32584357  0.1160838   0.28501114 -0.13706465  0.15603154
  -0.59925307 -0.99704644 -0.48123728  0.1130384  -0.00374425  0.6091913 ]
 [-0.03366724  0.30963941  0.20214967  0.30939764 -0.0294857   0.09992177
   0.43054056 -0.03087716 -0.79312469 -0.74339437 -0.24953762  0.03018491]
 [ 0.11652878  0.16408136 -0.04432836  0.10036445 -0.18179102  0.13268342
   0.41170896  0.26174179  0.80263991  0.70932309  0.90402234  0.18446803]
 [-0.07684811 -0.01270832  0.07987734  0.024323    0.09795215 -0.05052203
  -0.01141557  0.69001892 -0.5466701  -0.94141127  0.53352898 -0.62208344]
 [-0.35822416 -0.50339743 -0.59925307  0.43054056  0.41170896 -0.01141557
  -0.94074855 -0.29360821  0.80107091 -0.29846032 -0.28417425  0.08895273]
 [-0.84929381  0.32213916 -0.99704644 -0.03087716  0.26174179  0.69001892
  -0.57349505 -0.3760662  -0.28005731 -0.26642805 -0.45468632  0.00977539]
 [ 0.3946284  -0.54075212 -0.48123728 -0.79312469  0.80263991 -0.5466701
  -0.07552257  0.74567225  0.14212731  0.9427168  -0.82366029  0.2738586 ]
 [-0.90292406  0.92803078  0.1130384  -0.74339437  0.70932309 -0.94141127
  -0.72134323 -0.81606325  0.79918103 -0.41495738  0.12859829  0.13776984]
 [-0.79644453 -0.37703792 -0.00374425 -0.24953762  0.90402234  0.53352898
   0.861617    0.34171168  0.25821488  0.91529791 -0.86955037 -0.35081069]
 [-0.27252214  0.72834215  0.6091913   0.03018491  0.18446803 -0.62208344
  -0.85246062  0.82740195  0.76145883  0.38897879  0.14191983 -0.76847268]]

[[ 0.13236881 -0.19921233 -0.25483776 -0.25144826 -0.11793588  0.00140692
  -0.73201888  0.31632872 -0.18805485  0.41236493  0.67832487  0.06559586]
 [ 0.09332458  0.21089791  0.0066524   0.15571659 -0.16384895  0.13704269
   0.30948271  0.90195549 -0.91859653  0.37362493  0.51468457 -0.8583648 ]
 [-0.09970444  0.33637496  0.2907591   0.36598798  0.04603757  0.07108844
  -0.58078363 -0.27198599 -0.91626299  0.55846083  0.38327854 -0.74129706]
 [ 0.02580762  0.29415636  0.12690398  0.26657757 -0.09947828  0.12921828
  -0.35641931 -0.72205917 -0.80237131 -0.78863682  0.62663753 -0.34464333]
 [-0.18512754  0.19791305  0.31361387  0.27518431  0.18347771 -0.03321665
  -0.90331516 -0.00727467  0.91122771 -0.61849303 -0.18192627 -0.80570377]
 [ 0.11468408 -0.03654642 -0.14864276 -0.0889103  -0.13342839  0.053901
  -0.05725045  0.02396946  0.41377932 -0.40002332  0.75717036 -0.49884164]
 [-0.73201888  0.30948271 -0.58078363 -0.35641931 -0.90331516 -0.05725045
  -0.23781368  0.07492748 -0.87414909  0.37733767  0.70894123 -0.73011105]
 [ 0.31632872  0.90195549 -0.27198599 -0.72205917 -0.00727467  0.02396946
  -0.91968823 -0.76830855 -0.64031195 -0.23927315 -0.69832734 -0.5176821 ]
 [-0.18805485 -0.91859653 -0.91626299 -0.80237131  0.91122771  0.41377932
  -0.79440922 -0.54347801  0.21946849  0.63398059 -0.66669933  0.93534788]
 [ 0.41236493  0.37362493  0.55846083 -0.78863682 -0.61849303 -0.40002332
  -0.80727081 -0.46023423 -0.01691306 -0.21166893  0.15884803 -0.1235687 ]
 [ 0.67832487  0.51468457  0.38327854  0.62663753 -0.18192627  0.75717036
   0.60869322 -0.87607375  0.46525508 -0.72583698  0.98625377  0.20478377]
 [ 0.06559586 -0.8583648  -0.74129706 -0.34464333 -0.80570377 -0.49884164
  -0.12018333 -0.55491287  0.45365768  0.73385323 -0.61648868  0.54076289]]

[[ 0.12016453  0.0154652  -0.12723792 -0.04220914 -0.15215206  0.07729318
   0.18311553 -0.04843077  0.2944689  -0.96731911  0.49580214  0.44144461]
 [ 0.13962391 -0.40228316 -0.37070425 -0.44734482 -0.08026527 -0.07292175
   0.50334472 -0.597435    0.23034939 -0.26530202 -0.5266961   0.03380692]
 [-0.06139613 -0.23076319 -0.05317404 -0.18965396  0.12892783 -0.12578891
  -0.58717424 -0.55454529 -0.78120785 -0.77701214  0.71525115  0.53337452]
 [ 0.07546399 -0.38858813 -0.29112615 -0.40400221 -0.00406828 -0.1056907
   0.73994581  0.75628286 -0.0282921  -0.79332091 -0.94489381  0.23136621]
 [-0.18066959  0.07327399  0.24249274  0.15494626  0.2065927  -0.07883451
   0.59619222  0.70026305  0.60977642 -0.39882049 -0.35612892  0.58742716]
 [ 0.12537035 -0.14659655 -0.21904737 -0.19826898 -0.12136644  0.01762816
  -0.25883808 -0.65785476  0.86013662  0.77090222  0.7896823  -0.62827483]
 [ 0.18311553  0.50334472 -0.58717424  0.73994581  0.59619222 -0.25883808
  -0.95738776  0.45403414  0.04121528 -0.19746848  0.55818066  0.23068429]
 [-0.04843077 -0.597435   -0.55454529  0.75628286  0.70026305 -0.65785476
   0.80535603  0.61288325 -0.54461397 -0.31591356 -0.58076675  0.10559497]
 [ 0.2944689   0.23034939 -0.78120785 -0.0282921   0.60977642  0.86013662
   0.46312617 -0.5580522  -0.44399651 -0.83535459 -0.02790579 -0.61067695]
 [-0.96731911 -0.26530202 -0.77701214 -0.79332091 -0.39882049  0.77090222
   0.33738765  0.37854443  0.62530992  0.66304598  0.55545619 -0.38890637]
 [ 0.49580214 -0.5266961   0.71525115 -0.94489381 -0.35612892  0.7896823
   0.37224443  0.87997583 -0.72294491  0.55428644  0.30361766 -0.19211021]
 [ 0.44144461  0.03380692  0.53337452  0.23136621  0.58742716 -0.62827483
   0.88563865  0.41418336  0.57134982 -0.72416122 -0.42797694  0.50588969]]

[[ 0.07436523 -0.15321872 -0.16507053 -0.18040765 -0.0567706  -0.01520214
   0.46559032  0.14680956 -0.29349472 -0.28646455  0.72722388  0.14596013]
 [ 0.23002078  0.11325352 -0.199201   -0.00151714 -0.31046498  0.18034695
   0.64860289  0.31357814 -0.22065538  0.84638489  0.94213433 -0.39718507]
 [ 0.03816268  0.23275374  0.0804164   0.20253551 -0.10065368  0.11277315
   0.26204299 -0.14309975  0.66457043  0.89884383  0.10957264 -0.82252589]
 [ 0.18281285  0.17984659 -0.11067773  0.08393798 -0.26738142  0.17812054
   0.57673125  0.45056226 -0.37613243 -0.12562533  0.24410089 -0.56717924]
 [-0.14479537  0.1634632   0.24988604  0.22344725  0.14151411 -0.02262365
   0.39163596 -0.18398255 -0.52067042 -0.41576745 -0.35711377  0.49325237]
 [ 0.13319719 -0.04706437 -0.17508686 -0.10763995 -0.15390656  0.06081374
  -0.29478914  0.30082733 -0.75304686 -0.14199     0.01796341  0.04486463]
 [ 0.46559032  0.64860289  0.26204299  0.57673125  0.39163596 -0.29478914
   0.98955835  0.62522849  0.54600893 -0.50563655 -0.94201114  0.50401421]
 [ 0.14680956  0.31357814 -0.14309975  0.45056226 -0.18398255  0.30082733
  -0.18288202  0.168863   -0.45195737  0.48150711 -0.01784859 -0.97053445]
 [-0.29349472 -0.22065538  0.66457043 -0.37613243 -0.52067042 -0.75304686
  -0.78039854  0.93570812 -0.52365704  0.46114058  0.85831127 -0.84927862]
 [-0.28646455  0.84638489  0.89884383 -0.12562533 -0.41576745 -0.14199
   0.51191569 -0.14000619 -0.29840487  0.83634327 -0.06098197 -0.03570402]
 [ 0.72722388  0.94213433  0.10957264  0.24410089 -0.35711377  0.01796341
  -0.21531115 -0.1015845  -0.47828829 -0.42790385  0.75202241 -0.93486522]
 [ 0.14596013 -0.39718507 -0.82252589 -0.56717924  0.49325237  0.04486463
   0.62894399 -0.84486574 -0.1465445   0.49361584 -0.54925207  0.31849322]]

[[ 0.04930743 -0.11583044 -0.11700039 -0.13311407 -0.03437076 -0.01559362
   0.68535399 -0.82094662 -0.59538332 -0.99098617  0.75019142 -0.52737126]
 [ 0.10075027 -0.30162056 -0.27350749 -0.33354395 -0.05531348 -0.05701014
   0.74188298  0.93899811 -0.84253871  0.28067139 -0.10482511  0.10077083]
 [-0.0021469  -0.02939626 -0.01316914 -0.02684471  0.00940685 -0.01265687
   0.87266747  0.25152796  0.47383961 -0.16602465 -0.32007839 -0.99045029]
 [ 0.07215327 -0.2310496  -0.20385138 -0.25312615 -0.03615854 -0.04665264
   0.4170466   0.50678437  0.55602932  0.18574661 -0.03831983  0.77478011]
 [-0.08411633  0.21251826  0.20750788  0.2412242   0.05520889  0.03237809
   0.75020218  0.23892249  0.53011918  0.90849449  0.84148392 -0.77000163]
 [ 0.06827151 -0.18552744 -0.17533563 -0.20814489 -0.04181401 -0.0313288
  -0.67121025  0.42117648  0.87169511 -0.64967747  0.80127032  0.84654332]
 [ 0.68535399  0.74188298  0.87266747  0.4170466   0.75020218 -0.67121025
   0.35381273 -0.18976565 -0.4588413  -0.48908912  0.60573974  0.48984814]
 [-0.82094662  0.93899811  0.25152796  0.50678437  0.23892249  0.42117648
  -0.35389629  0.28301442  0.27548931 -0.1177856   0.27742661 -0.7978077 ]
 [-0.59538332 -0.84253871  0.47383961  0.55602932  0.53011918  0.87169511
  -0.36945639  0.81904068 -0.85620401  0.76711733  0.47025889 -0.94820718]
 [-0.99098617  0.28067139 -0.16602465  0.18574661  0.90849449 -0.64967747
   0.1533115  -0.30176817  0.63852232 -0.77673613  0.66479821 -0.22960182]
 [ 0.75019142 -0.10482511 -0.32007839 -0.03831983  0.84148392  0.80127032
   0.23725407 -0.99048326 -0.7693554  -0.38215018  0.98022643 -0.52520717]
 [-0.52737126  0.10077083 -0.99045029  0.77478011 -0.77000163  0.84654332
   0.40865111 -0.98153902  0.77139251  0.30339158  0.811088    0.94401481]]

[[ 0.22288234  0.10886888 -0.19348034 -0.00229455 -0.30063023  0.17441322
  -0.44673506 -0.93930538 -0.55688885 -0.05634628  0.18914941 -0.5547395 ]
 [-0.10715006 -0.24582489 -0.00959141 -0.18227638  0.18896829 -0.15877117
  -0.98414891 -0.50143374  0.04103044 -0.26600029  0.64468881 -0.47124309]
 [-0.30803592 -0.25306946  0.21298812 -0.09407556  0.43905518 -0.28078053
   0.47158809  0.38200234 -0.95860505 -0.95869523  0.43983095  0.62512855]
 [-0.20702947 -0.28450488  0.08247198 -0.17166907  0.32136713 -0.23301663
   0.42054705 -0.25568578  0.55763595  0.80412728  0.97104505 -0.63941355]
 [-0.25101369 -0.07816874  0.24146799  0.04470387  0.32836712 -0.17921833
   0.02205451 -0.75261624 -0.1701459   0.51622173 -0.5137929   0.06205576]
 [ 0.09076561 -0.03058723 -0.11852374 -0.07194326 -0.10521867  0.04201551
  -0.93968636 -0.30024735  0.00803842  0.32100674  0.24097201  0.92773979]
 [-0.44673506 -0.98414891  0.47158809  0.42054705  0.02205451 -0.93968636
  -0.42412158  0.34478319 -0.99272744 -0.77282445 -0.42178069  0.60888784]
 [-0.93930538 -0.50143374  0.38200234 -0.25568578 -0.75261624 -0.30024735
   0.38336671  0.98385263  0.10985379  0.78776447 -0.64002508  0.44525448]
 [-0.55688885  0.04103044 -0.95860505  0.55763595 -0.1701459   0.00803842
  -0.01810087 -0.80099991 -0.98367892  0.29252112 -0.313822   -0.46125523]
 [-0.05634628 -0.26600029 -0.95869523  0.80412728  0.51622173  0.32100674
   0.73277297 -0.38951524  0.65950279 -0.13622611 -0.54714581  0.75392024]
 [ 0.18914941  0.64468881  0.43983095  0.97104505 -0.5137929   0.24097201
  -0.47808315 -0.68024933 -0.56384728 -0.07444019  0.20374959 -0.55533303]
 [-0.5547395  -0.47124309  0.62512855 -0.63941355  0.06205576  0.92773979
  -0.4229837   0.97958172  0.83168778  0.85594208 -0.38890365 -0.71850205]]

[[ 0.09842828 -0.07609487 -0.1512933  -0.11870003 -0.10424214  0.02894085
   0.96022137  0.18834073  0.01010674 -0.64991369  0.29983056 -0.21939908]
 [ 0.04271258  0.39149125  0.15946718  0.35082797 -0.14274005  0.17693991
  -0.66009005  0.69681756 -0.67607666 -0.61874525 -0.78356207  0.5664907 ]
 [-0.0882893   0.29337677  0.25509084  0.31983377  0.04179727  0.06121219
  -0.9839129  -0.51947192 -0.53908986  0.91659459  0.45809374 -0.45973903]
 [-0.00609863  0.40705224  0.22273504  0.38867546 -0.08595244  0.1540013
  -0.05570231 -0.3186271   0.56689698  0.39496965 -0.84886632 -0.4243549 ]
 [-0.13153055  0.00418166  0.15046752  0.06620856  0.16169509 -0.07642996
  -0.28830704  0.95516007 -0.32901956  0.47177002  0.36320775 -0.07784141]
 [ 0.07494589  0.1064405  -0.02802683  0.06541316 -0.11712876  0.08568856
   0.79296477 -0.01270281 -0.44319768 -0.17756064  0.4353511  -0.243329  ]
 [ 0.96022137 -0.66009005 -0.9839129  -0.05570231 -0.28830704  0.79296477
   0.95516766 -0.40686448 -0.78451033  0.72268464  0.99384878  0.70147816]
 [ 0.18834073  0.69681756 -0.51947192 -0.3186271   0.95516007 -0.01270281
  -0.22605347 -0.94423386  0.71553578 -0.93817494 -0.92435972 -0.94769896]
 [ 0.01010674 -0.67607666 -0.53908986  0.56689698 -0.32901956 -0.44319768
   0.05877806 -0.49028445  0.1196028   0.53137224  0.35163819  0.66440368]
 [-0.64991369 -0.61874525  0.91659459  0.39496965  0.47177002 -0.17756064
   0.33852821  0.57484786 -0.61419508 -0.69008337 -0.77563433 -0.5161565 ]
 [ 0.29983056 -0.78356207  0.45809374 -0.84886632  0.36320775  0.4353511
   0.90069774  0.14165436  0.38629805  0.91747853 -0.06067698  0.96910038]
 [-0.21939908  0.5664907  -0.45973903 -0.4243549  -0.07784141 -0.243329
   0.35325837 -0.44166118 -0.13377159 -0.08216412  0.92738486 -0.22623274]]

[[ 0.2191122  -0.18562754 -0.34540343 -0.27962341 -0.22832622  0.05814012
  -0.18164092 -0.96432266 -0.17715975 -0.62689268 -0.9999528   0.68069706]
 [ 0.23707746  0.31278557 -0.10134216  0.18425261 -0.36502127  0.26179782
   0.15824862  0.52550254 -0.80996647 -0.24465273 -0.55447812  0.06822024]
 [-0.12124153  0.37509472  0.33556708  0.41287735  0.06377774  0.0733017
  -0.74567445  0.07991024  0.45232968  0.3728841  -0.14349124 -0.60378975]
 [ 0.12100106  0.38429294  0.06740982  0.30695654 -0.23790114  0.22060833
  -0.69403722  0.07848495  0.91917495 -0.42023404 -0.49690865 -0.07488325]
 [-0.32541567  0.15771142  0.45041558  0.30347242  0.36619698 -0.13202955
   0.66613656 -0.73812101  0.86998318 -0.71213234  0.79717774 -0.38812839]
 [ 0.22182142  0.01096799 -0.24420175 -0.0945794  -0.27683179  0.13587415
   0.61067675  0.18651613 -0.27030815  0.98095779  0.65448651  0.24327978]
 [-0.18164092  0.15824862 -0.74567445 -0.69403722  0.66613656  0.61067675
  -0.42360881 -0.65062196 -0.05175398 -0.58300495 -0.38739673 -0.15768188]
 [-0.96432266  0.52550254  0.07991024  0.07848495 -0.73812101  0.18651613
  -0.41756048  0.37219103  0.94745859 -0.39665606  0.11834407  0.08950178]
 [-0.17715975 -0.80996647  0.45232968  0.91917495  0.86998318 -0.27030815
   0.4718518  -0.6660505  -0.14176028 -0.66954058  0.71489796 -0.7414672 ]
 [-0.62689268 -0.24465273  0.3728841  -0.42023404 -0.71213234  0.98095779
   0.30649473  0.47149494  0.11287395  0.32226397 -0.3227844   0.19474117]
 [-0.9999528  -0.55447812 -0.14349124 -0.49690865  0.79717774  0.65448651
  -0.64034553 -0.88058526  0.07271915 -0.81587562  0.85558729  0.77345955]
 [ 0.68069706  0.06822024 -0.60378975 -0.07488325 -0.38812839  0.24327978
   0.56116044  0.46061605  0.53132313  0.05482413 -0.06099231  0.89054753]]

[[-0.0979425   0.02577946  0.12406333  0.07078301  0.11519814 -0.0481359
   0.7197025   0.96839107  0.82182646  0.43221421 -0.77748105 -0.71296747]
 [-0.20822036 -0.46037473 -0.00945014 -0.33778857  0.36323468 -0.30182423
   0.21137407 -0.39594977 -0.53139306  0.21114542  0.00085993 -0.95411154]
 [-0.00002757 -0.27319469 -0.144845   -0.25891098  0.06278311 -0.10580376
   0.72478867 -0.81162697  0.89082403  0.40623526 -0.7609753   0.17975235]
 [-0.15099353 -0.44852632 -0.06766806 -0.35364101  0.28974445 -0.26327829
   0.16261742  0.22264364 -0.73799483  0.93370178  0.77759261  0.34839139]
 [ 0.16894464  0.07386182 -0.15125076 -0.00994757 -0.22588824  0.12885146
  -0.10614335  0.74959838 -0.11077255 -0.39013697 -0.96527996 -0.09691726]
 [-0.13874612 -0.16297057  0.06995889 -0.08879758  0.20901067 -0.14543689
   0.03855929  0.49436642  0.41132569  0.7140304   0.99553414  0.2650063 ]
 [ 0.7197025   0.21137407  0.72478867  0.16261742 -0.10614335  0.03855929
  -0.71664576  0.8431001  -0.98509078  0.96085731 -0.09098724 -0.41525345]
 [ 0.96839107 -0.39594977 -0.81162697  0.22264364  0.74959838  0.49436642
   0.36075293 -0.3047015   0.22289369 -0.55230514  0.11890947 -0.05082255]
 [ 0.82182646 -0.53139306  0.89082403 -0.73799483 -0.11077255  0.41132569
  -0.52078261 -0.13141122  0.63407839 -0.48075801  0.66972767  0.12263611]
 [ 0.43221421  0.21114542  0.40623526  0.93370178 -0.39013697  0.7140304
   0.16779128 -0.73404719  0.03724636  0.97573703 -0.12725031 -0.87813693]
 [-0.77748105  0.00085993 -0.7609753   0.77759261 -0.96527996  0.99553414
   0.79059205 -0.43642513 -0.19279811 -0.30046637  0.31052999 -0.4723751 ]
 [-0.71296747 -0.95411154  0.17975235  0.34839139 -0.09691726  0.2650063
   0.75683746 -0.65163342  0.06180433 -0.24453025  0.97048152  0.00003161]]

[[-0.23624193 -0.25608408  0.13046941 -0.1309084   0.35096448 -0.23934588
  -0.23342974 -0.52140001 -0.62525224 -0.64382584 -0.21182008  0.81387155]
 [ 0.17773106 -0.30547018 -0.36231512 -0.37362277 -0.14962658 -0.012821
   0.34476073  0.72784142  0.90191217  0.90927446 -0.21888678 -0.21164248]
 [ 0.36052306  0.12664417 -0.33919089 -0.05058469 -0.4749246   0.26297115
  -0.55855704 -0.87473732  0.07115119  0.99191547 -0.72190004  0.67834305]
 [ 0.28024586 -0.16832469 -0.40513229 -0.2921552  -0.3079006   0.10111643
   0.12997007  0.88717133 -0.29024038  0.74703961 -0.69681897  0.53619083]
 [ 0.25132319  0.38684532 -0.07812458  0.24770214 -0.39964856  0.2989288
   0.14258113 -0.32302386  0.16172427  0.12126603  0.29532227 -0.23575211]
 [-0.07136247 -0.27024351 -0.06287739 -0.22235552  0.15032065 -0.14699056
  -0.46363246  0.25164417 -0.46056659  0.35458241 -0.58165022 -0.97385407]
 [-0.23342974  0.34476073 -0.55855704  0.12997007  0.14258113 -0.46363246
   0.05542841  0.90944548 -0.92263937  0.41526668  0.91160239  0.03555526]
 [-0.52140001  0.72784142 -0.87473732  0.88717133 -0.32302386  0.25164417
   0.62974479  0.706218    0.22620086  0.69983509  0.65094715 -0.23192556]
 [-0.62525224  0.90191217  0.07115119 -0.29024038  0.16172427 -0.46056659
   0.86632327 -0.11890423  0.39261346  0.54308932 -0.33659988 -0.00026267]
 [-0.64382584  0.90927446  0.99191547  0.74703961  0.12126603  0.35458241
  -0.45419181 -0.81908761 -0.87595388 -0.93683977 -0.4051178  -0.28610999]
 [-0.21182008 -0.21888678 -0.72190004 -0.69681897  0.29532227 -0.58165022
  -0.13931938  0.86386012 -0.8418684   0.35035359 -0.63494799 -0.26980245]
 [ 0.81387155 -0.21164248  0.67834305  0.53619083 -0.23575211 -0.97385407
   0.48767921 -0.50632617  0.15728764  0.19474336  0.11612691  0.18382705]]

[[-0.10259801  0.08840928  0.16252343  0.13234445  0.10657012 -0.02664671
  -0.4445072   0.78696223 -0.94897313 -0.61237568 -0.4047019   0.50089542]
 [ 0.13186303  0.03627653 -0.12938715 -0.0280211  -0.17139893  0.09229361
  -0.43313651  0.52709817  0.54524816  0.02547554  0.04832555 -0.31314662]
 [ 0.1855671  -0.0804098  -0.25179693 -0.16402701 -0.21101015  0.0789775
   0.06993568 -0.57130592  0.26835329  0.49355021 -0.2933173   0.0957531 ]
 [ 0.17352834 -0.00745711 -0.19954081 -0.08918788 -0.21287879  0.10008279
   0.4632034  -0.16194988 -0.10458305 -0.86506917  0.00954513 -0.78722765]
 [ 0.0965894  -0.11766241 -0.17126408 -0.157226   -0.09242062  0.01175375
   0.91236122  0.83206364  0.97986893 -0.61552111 -0.30138486  0.5439374 ]
 [-0.00982039  0.0665085   0.04633839  0.06768173 -0.00313181  0.01992631
  -0.72408012  0.77629084  0.0296704   0.61867103 -0.17011976  0.31791677]
 [-0.4445072  -0.43313651  0.06993568  0.4632034   0.91236122 -0.72408012
   0.16034228 -0.4070944   0.58180122 -0.62439584 -0.60902216  0.63373887]
 [ 0.78696223  0.52709817 -0.57130592 -0.16194988  0.83206364  0.77629084
  -0.44763675 -0.59485927 -0.71547722 -0.4334634  -0.36627994  0.70670404]
 [-0.94897313  0.54524816  0.26835329 -0.10458305  0.97986893  0.0296704
   0.95517282  0.06957695  0.93685136  0.86076587  0.09058433 -0.71996487]
 [-0.61237568  0.02547554  0.49355021 -0.86506917 -0.61552111  0.61867103
   0.3755092  -0.20464179  0.33864562  0.7363541  -0.02010159 -0.89889537]
 [-0.4047019   0.04832555 -0.2933173   0.00954513 -0.30138486 -0.17011976
  -0.29966053  0.83586319  0.5526155  -0.67134954  0.19856357  0.23777953]
 [ 0.50089542 -0.31314662  0.0957531  -0.78722765  0.5439374   0.31791677
   0.12295349 -0.44659452 -0.6186139  -0.48289174  0.78359983 -0.47158243]]

[[-0.05718748  0.02809504  0.07935573  0.05369079  0.06426713 -0.02305555
  -0.59684433  0.45358881 -0.90212176  0.75663366  0.38972414 -0.56990799]
 [ 0.03916516 -0.38938254 -0.2506345  -0.38757712  0.04100266 -0.12753776
  -0.94463543  0.5354643   0.65557622 -0.034909    0.06123194 -0.0522897 ]
 [ 0.08522625 -0.23815722 -0.22235532 -0.26604913 -0.05069255 -0.04164747
  -0.72203514  0.0198946  -0.17777595 -0.02021742 -0.33478583 -0.08320912]
 [ 0.06418264 -0.38233832 -0.27509649 -0.3927401   0.00844715 -0.10996489
   0.47734944  0.8348888   0.54023544 -0.41354819 -0.21906368  0.22401154]
 [ 0.06172447  0.05469237 -0.04056699  0.02262505 -0.08889285  0.05780499
   0.41272291 -0.33850784  0.60759288  0.12990537  0.03050903  0.29638329]
 [-0.01876894 -0.13410668 -0.04996249 -0.11821926  0.0540128  -0.06306659
   0.27183935 -0.14955948 -0.72981495  0.89922178 -0.70730991  0.71761775]
 [-0.59684433 -0.94463543 -0.72203514  0.47734944  0.41272291  0.27183935
  -0.51103377 -0.46270006  0.58305286 -0.93838332  0.82760823  0.39461734]
 [ 0.45358881  0.5354643   0.0198946   0.8348888  -0.33850784 -0.14955948
  -0.51804252  0.76535049  0.56804781  0.42804421  0.78395572 -0.70688146]
 [-0.90212176  0.65557622 -0.17777595  0.54023544  0.60759288 -0.72981495
  -0.77673563  0.47539683 -0.97957453 -0.81080671 -0.40559391 -0.63372339]
 [ 0.75663366 -0.034909   -0.02021742 -0.41354819  0.12990537  0.89922178
  -0.43448007  0.42808317  0.66590281  0.72299033 -0.66713111  0.29195703]
 [ 0.38972414  0.06123194 -0.33478583 -0.21906368  0.03050903 -0.70730991
   0.52569697  0.86011614 -0.12864969 -0.09025816  0.35481345  0.11838365]
 [-0.56990799 -0.0522897  -0.08320912  0.22401154  0.29638329  0.71761775
  -0.2298985  -0.24917994  0.98340361 -0.01682098 -0.17660843 -0.13911944]]

[[-0.10504466 -0.10121387  0.06472328 -0.04621565  0.15314954 -0.10152506
  -0.80209148 -0.99767382  0.73392113 -0.03287953  0.49732671 -0.75566867]
 [-0.27617525 -0.27073655  0.16770858 -0.12589749  0.40371298 -0.26871577
   0.22670483  0.0219145  -0.13640225 -0.45206312 -0.50365818 -0.54632402]
 [-0.02805934 -0.0294929   0.0159859  -0.01467354  0.04147333 -0.02807054
  -0.41584648 -0.5336372   0.18391317 -0.83738167  0.78782615  0.70448606]
 [-0.21203771 -0.20869597  0.12831856 -0.09745004  0.31014825 -0.20663349
  -0.57502788  0.28962055 -0.78212633  0.77581105 -0.32742251 -0.2329776 ]
 [ 0.19333573  0.18734924 -0.11855953  0.08606889 -0.28211765  0.18726993
  -0.59085906 -0.05093103  0.40876676 -0.86953713 -0.25013375  0.92373333]
 [-0.16927421 -0.16489506  0.10334699 -0.07617447  0.24720487 -0.16429723
   0.41451507  0.24763204 -0.06965247  0.5889802  -0.1906838   0.49809187]
 [-0.80209148  0.22670483 -0.41584648 -0.57502788 -0.59085906  0.41451507
   0.55472656  0.04304541  0.80622444  0.69439103  0.94690282  0.69847472]
 [-0.99767382  0.0219145  -0.5336372   0.28962055 -0.05093103  0.24763204
   0.5806096  -0.49947622 -0.58059893 -0.72943276  0.55666348  0.0576265 ]
 [ 0.73392113 -0.13640225  0.18391317 -0.78212633  0.40876676 -0.06965247
   0.84222426  0.68161611 -0.12037053 -0.31849866  0.44923031  0.94959526]
 [-0.03287953 -0.45206312 -0.83738167  0.77581105 -0.86953713  0.5889802
   0.61871156  0.48165106 -0.07725731  0.96511974  0.73703627 -0.79340926]
 [ 0.49732671 -0.50365818  0.78782615 -0.32742251 -0.25013375 -0.1906838
  -0.22685881  0.73510574 -0.17113283 -0.14887576  0.82236333  0.84205363]
 [-0.75566867 -0.54632402  0.70448606 -0.2329776   0.92373333  0.49809187
   0.83238142  0.05463765  0.89809768  0.00806743 -0.87400368  0.95789603]]

[[-0.04982058 -0.34181753 -0.1251135  -0.30038523  0.14012071 -0.16192291
  -0.34674212  0.29006354  0.07937607  0.05616961  0.15921957 -0.08057246]
 [-0.3488095  -0.18113659  0.29709085 -0.00660457  0.47295532 -0.27712116
   0.68335739 -0.30758934 -0.57034294  0.19260944  0.9062414  -0.25890267]
 [-0.12882137  0.28921009  0.29856552  0.33506609  0.09287776  0.03554734
  -0.79036406 -0.69052207  0.28681222  0.70384976  0.93241939 -0.58761905]
 [-0.30701197 -0.00991344  0.34078047  0.13589432  0.38193938 -0.18601721
   0.39578892  0.57549073 -0.26825865 -0.96305384 -0.54684969 -0.14364142]
 [ 0.14172667  0.46430879  0.08648237  0.37298451 -0.28190972  0.26389075
   0.75659017 -0.15618986 -0.97408047 -0.00913885  0.32005157 -0.78089628]
 [-0.16463037 -0.27297218  0.04079918 -0.18080369  0.26628593 -0.2033916
  -0.62031245 -0.83598979  0.28516485 -0.06282739  0.48919029  0.09328374]
 [-0.34674212  0.68335739 -0.79036406  0.39578892  0.75659017 -0.62031245
  -0.65839563 -0.84495372 -0.89400561  0.27057984 -0.1244146  -0.63620084]
 [ 0.29006354 -0.30758934 -0.69052207  0.57549073 -0.15618986 -0.83598979
  -0.2435419  -0.19263526 -0.21783302  0.3797186   0.81343414  0.08021826]
 [ 0.07937607 -0.57034294  0.28681222 -0.26825865 -0.97408047  0.28516485
   0.17485948  0.87705712 -0.77935346 -0.58661246 -0.74860137 -0.96230971]
 [ 0.05616961  0.19260944  0.70384976 -0.96305384 -0.00913885 -0.06282739
  -0.30764405  0.74885432 -0.9315514  -0.52149732 -0.11360141  0.18551411]
 [ 0.15921957  0.9062414   0.93241939 -0.54684969  0.32005157  0.48919029
  -0.6503323  -0.55606042 -0.13268551 -0.73624907 -0.74130221 -0.28340209]
 [-0.08057246 -0.25890267 -0.58761905 -0.14364142 -0.78089628  0.09328374
  -0.45488792  0.82647892 -0.00550455 -0.48892323  0.03034535 -0.01660852]]
