A: 
[[-0.11817281 -0.03124305 -0.13777229 -0.02798473  0.18698529  0.25456941
  -0.56131422  0.69735557 -0.74057056 -0.38621861  0.58917995 -0.64676423]
 [ 0.21514652 -0.06799283  0.49236417  0.1077738  -0.46491996 -0.48342542
  -0.98107544  0.86627932  0.6562422  -0.37084395 -0.01965493  0.31120031]
 [-0.23664384 -0.46579485  0.50404436  0.12745133 -0.02755575  0.44534822
  -0.66630085  0.58685955  0.10486086  0.50462876 -0.08081852 -0.08049137]
 [ 0.03471386 -0.05488546  0.16438397  0.03737291 -0.11879546 -0.08501787
   0.57690909 -0.65409871 -0.55356155  0.86084586 -0.2556203  -0.44717658]
 [ 0.3753449   0.05988285  0.51371405  0.10679367 -0.63314198 -0.81486115
   0.23305348 -0.86918092 -0.79474891 -0.37369201  0.48288078 -0.39928108]
 [-0.30898972 -0.05126918 -0.41908171 -0.08701652  0.51924558  0.67049106
  -0.25064725  0.98195673  0.64346418  0.8363949   0.00767007  0.8548252 ]
 [-0.20179445 -0.27760224  0.19848841  0.05425897  0.09573418  0.39887466
  -0.38997751 -0.36653601  0.6480689   0.57321764 -0.5264327  -0.88699904]
 [ 0.01782801  0.32766609 -0.60387766 -0.14273904  0.29375685  0.01320004
   0.50560213  0.50403748 -0.79732563  0.27665032  0.01931432 -0.54145607]
 [ 0.04843617  0.36615063 -0.62697832 -0.14932077  0.27562482 -0.04788002
  -0.3733853   0.89452744 -0.49124502  0.31409247  0.3125258  -0.6995299 ]
 [-0.1437761   0.18772385 -0.60424585 -0.13677     0.45254396  0.34579525
  -0.92436436 -0.42698094  0.62898093  0.79835911 -0.52531194  0.39505151]
 [-0.28721104 -0.69028975  0.85345464  0.21155004 -0.1580239   0.52054447
  -0.85773844  0.42586866 -0.75125886 -0.65718179  0.0908694   0.23422059]
 [ 0.04317569  0.2044906  -0.32311478 -0.07763533  0.12416879 -0.06215764
  -0.39500482 -0.00094832  0.94204169  0.65500283  0.48524769 -0.77707375]
 [-0.22349078 -0.04725703 -0.28344048 -0.05830879  0.36542465  0.48333721
   0.76360074  0.59841671  0.94575933  0.30709279 -0.31240514  0.08607651]
 [-0.22678457 -0.6320475   0.84215039  0.20662624 -0.21149961  0.39712682
  -0.10154076  0.59544762 -0.97283766  0.55748797  0.68333919  0.98057615]
 [-0.24436274 -0.52789254  0.61120877  0.15295256 -0.07521559  0.45237973
  -0.5024281   0.50877222 -0.31902861 -0.08240886  0.08063988 -0.49494803]
 [-0.30882885  0.00852931 -0.53447554 -0.11417062  0.57856448  0.67969306
   0.58959459 -0.88769785 -0.83031916  0.53053694  0.09037434 -0.72519092]
 [ 0.17682287 -0.12298346  0.53445063  0.11911132 -0.44900174 -0.40803615
  -0.68027305  0.20162362  0.54282019 -0.28386237  0.07164423 -0.76773219]
 [-0.11587113  0.23026446 -0.63972575 -0.14616282  0.44344539  0.29130078
  -0.04067622  0.26178636  0.13750629  0.6278629  -0.74796215  0.53113983]
 [-0.35914557 -0.1276392  -0.35548809 -0.07017574  0.53569056  0.76845302
  -0.57055864  0.81583321  0.28207339  0.71541099 -0.75206687  0.81038649]
 [ 0.08073576 -0.31419939  0.74314446  0.17181017 -0.46226824 -0.22753951
   0.61833548 -0.45281091  0.10690096 -0.67307247 -0.79735497  0.83116756]] 
x segnato:[[-0.02024495]
 [ 0.73530331]
 [-0.98948233]
 [ 0.17715579]
 [-0.05040466]
 [-0.21314571]
 [ 0.        ]
 [ 0.        ]
 [ 0.        ]
 [ 0.        ]
 [ 0.        ]
 [ 0.        ]]
Matrici Hi 

[[-0.0853531  -0.22761736  0.29710576  0.07309682 -0.06937045  0.15110314
  -0.28886715 -0.96741287  0.97362843  0.36673607 -0.76599862  0.37100807]
 [-0.15233281 -0.23541985  0.19985693  0.0527275   0.04648745  0.29697459
  -0.09859949 -0.42342807  0.64060663  0.46350551 -0.20037641  0.02075947]
 [ 0.15148862  0.07358719  0.11174767  0.02061364 -0.20626752 -0.32097999
  -0.06068237 -0.54663311  0.90520831 -0.3048095  -0.22923547 -0.29535506]
 [ 0.03883827  0.02584179  0.01515704  0.00211056 -0.04592796 -0.08117738
   0.866386   -0.16901357  0.30307377 -0.14656552 -0.72638794  0.90253637]
 [ 0.00568414  0.18545376 -0.34917534 -0.08236157  0.17439503  0.0171491
  -0.21583333 -0.51588029  0.49808539 -0.81010148 -0.20825533 -0.75714386]
 [ 0.16313304  0.46233409 -0.62064524 -0.15212877  0.15979774 -0.28443769
   0.31978647  0.71808813 -0.95280844  0.98739718 -0.1487733  -0.3679554 ]
 [-0.28886715 -0.09859949 -0.06068237  0.866386   -0.21583333  0.31978647
   0.94204289 -0.45736076  0.07946103  0.35925797  0.24495929  0.17175872]
 [-0.96741287 -0.42342807 -0.54663311 -0.16901357 -0.51588029  0.71808813
   0.79205429  0.5188413  -0.16761743 -0.50932167 -0.05454689 -0.05343749]
 [ 0.97362843  0.64060663  0.90520831  0.30307377  0.49808539 -0.95280844
   0.68131602  0.65162344  0.33454879  0.12392305  0.14182898 -0.48458501]
 [ 0.36673607  0.46350551 -0.3048095  -0.14656552 -0.81010148  0.98739718
   0.28845078  0.06665943  0.06345186  0.23887803 -0.94399894  0.81182034]
 [-0.76599862 -0.20037641 -0.22923547 -0.72638794 -0.20825533 -0.1487733
  -0.40873802  0.39758469 -0.62689922  0.78873335 -0.34967961 -0.69447438]
 [ 0.37100807  0.02075947 -0.29535506  0.90253637 -0.75714386 -0.3679554
  -0.9199818  -0.55676599  0.13778059  0.83681909  0.26667752  0.90396331]]

[[-0.1493423  -0.16612584  0.07084263  0.02226295  0.11004967  0.30147871
  -0.34320469  0.97110687 -0.57598463 -0.22581659 -0.5557211  -0.63374101]
 [-0.10270193 -0.03290003 -0.10861906 -0.02170574  0.15677598  0.22032349
   0.71980868 -0.46600977  0.44101322 -0.30690154 -0.05236623 -0.09597763]
 [-0.05183337 -0.21499574  0.32891312  0.0793239  -0.1186608   0.07949524
  -0.87553388 -0.03891226 -0.72950541 -0.19566311 -0.80296107  0.87657344]
 [-0.00659836 -0.04435576  0.07472695  0.01782786 -0.03204049  0.00740532
  -0.14409725  0.16690969  0.50679023  0.28741071  0.62376162 -0.99171207]
 [ 0.17327985  0.27384895 -0.23905433 -0.06273419 -0.04684147 -0.33684325
   0.8091818   0.34310626  0.00032363  0.36377653  0.39785399  0.90631142]
 [ 0.31161337  0.35963155 -0.17295948 -0.05236808 -0.21666807 -0.62697985
   0.07479056 -0.87587921  0.41910837 -0.56550149  0.52867294  0.5431557 ]
 [-0.34320469  0.71980868 -0.87553388 -0.14409725  0.8091818   0.07479056
   0.32468026  0.95643469  0.05666595  0.12698875  0.32527875 -0.53128355]
 [ 0.97110687 -0.46600977 -0.03891226  0.16690969  0.34310626 -0.87587921
   0.85627099  0.37589643  0.65555459 -0.47307857 -0.23155248  0.52899321]
 [-0.57598463  0.44101322 -0.72950541  0.50679023  0.00032363  0.41910837
  -0.80347583  0.25993407  0.06463027 -0.92698246 -0.01687548  0.51327854]
 [-0.22581659 -0.30690154 -0.19566311  0.28741071  0.36377653 -0.56550149
   0.92246929 -0.819146    0.18320087 -0.53325684  0.91239652 -0.23611104]
 [-0.5557211  -0.05236623 -0.80296107  0.62376162  0.39785399  0.52867294
  -0.79106988 -0.93612519 -0.46188808 -0.48545994  0.15196607  0.13047343]
 [-0.63374101 -0.09597763  0.87657344 -0.99171207  0.90631142  0.5431557
   0.17910271  0.97443739 -0.3286153   0.51397025  0.32283695  0.51122413]]

[[-0.00262884  0.0687341  -0.13735627 -0.03221655  0.07337667  0.01675732
   0.20247332  0.40437408  0.39931235  0.38171334 -0.31306717  0.84562563]
 [-0.05387553  0.15880714 -0.39753027 -0.09150593  0.25776985  0.14371159
  -0.39187136  0.22568578 -0.8719697   0.33512332  0.11044614  0.75937042]
 [ 0.09979812 -0.19188536  0.53853382  0.12295824 -0.37551466 -0.24986438
   0.51065653 -0.16921846 -0.23644123 -0.44817427 -0.30675918 -0.92603931]
 [ 0.02357747 -0.04771944  0.13184495  0.03013494 -0.09109487 -0.05941216
   0.13474948  0.07092544 -0.814133    0.71552408 -0.50828711 -0.29365819]
 [-0.04885844  0.0314471  -0.14277271 -0.03175852  0.1215379   0.11234061
   0.67464085  0.51582952 -0.40372058  0.03411259  0.68071882  0.5234597 ]
 [-0.00283476 -0.12559552  0.23817521  0.0561404  -0.11997925 -0.01384276
   0.62394866  0.9448759  -0.61145385 -0.79852037  0.75515171 -0.44614578]
 [ 0.20247332 -0.39187136  0.51065653  0.13474948  0.67464085  0.62394866
   0.77727934 -0.11587991 -0.98872821 -0.7323564   0.36571811 -0.75530724]
 [ 0.40437408  0.22568578 -0.16921846  0.07092544  0.51582952  0.9448759
  -0.32439292 -0.01212145 -0.79497695 -0.96715198  0.07222504  0.86386209]
 [ 0.39931235 -0.8719697  -0.23644123 -0.814133   -0.40372058 -0.61145385
   0.28984405 -0.12022776 -0.21691468  0.0067795   0.72693918  0.11741048]
 [ 0.38171334  0.33512332 -0.44817427  0.71552408  0.03411259 -0.79852037
  -0.29202323  0.53160378  0.76083175 -0.79332136 -0.26246441 -0.98447087]
 [-0.31306717  0.11044614 -0.30675918 -0.50828711  0.68071882  0.75515171
   0.39934608  0.7358654  -0.13587703 -0.56450227 -0.22890847 -0.46606323]
 [ 0.84562563  0.75937042 -0.92603931 -0.29365819  0.5234597  -0.44614578
   0.93844346 -0.34251406  0.51060471  0.46133777  0.48231627  0.72405522]]

[[-0.02149062 -0.11491125  0.18621923  0.04461608 -0.07489112  0.02884135
  -0.34735286 -0.22102176 -0.1718087   0.82814653  0.73435677 -0.42309015]
 [ 0.11235862 -0.01619603  0.21977833  0.04749571 -0.22354717 -0.24937919
  -0.41187151  0.79408194  0.22837504 -0.14381313  0.9730534   0.09134813]
 [-0.25337143 -0.1614062  -0.11276731 -0.01703575  0.30678027  0.53072869
   0.86095596 -0.06819094 -0.2543969   0.52416006  0.03886727 -0.51545772]
 [-0.05880401 -0.03366717 -0.0335082  -0.00567977  0.07498085  0.12378088
  -0.82757569  0.8917018   0.73148479  0.090545   -0.97729704 -0.67086018]
 [ 0.15168454  0.1959659  -0.12463148 -0.03500533 -0.08462426 -0.30185514
  -0.51436074  0.59076439 -0.70549011 -0.45685464  0.2998143   0.24945678]
 [ 0.06515734  0.24980994 -0.37390415 -0.09040797  0.1287742  -0.10319776
   0.92031723 -0.74942602  0.28705836 -0.16424113  0.46218471  0.8287732 ]
 [-0.34735286 -0.41187151  0.86095596 -0.82757569 -0.51436074  0.92031723
  -0.36192646  0.37182183 -0.39301467  0.58591547  0.44093808  0.99996634]
 [-0.22102176  0.79408194 -0.06819094  0.8917018   0.59076439 -0.74942602
  -0.86489553 -0.41132345 -0.72442693 -0.97102876 -0.19636476  0.06800426]
 [-0.1718087   0.22837504 -0.2543969   0.73148479 -0.70549011  0.28705836
  -0.15443777  0.6986087   0.28311527 -0.11453916  0.89254433  0.57919942]
 [ 0.82814653 -0.14381313  0.52416006  0.090545   -0.45685464 -0.16424113
  -0.85523404  0.26879298  0.18878822  0.58749724  0.14017965 -0.17472075]
 [ 0.73435677  0.9730534   0.03886727 -0.97729704  0.2998143   0.46218471
  -0.35908877  0.22155679  0.23376287 -0.30254854 -0.25811836  0.56366478]
 [-0.42309015  0.09134813 -0.51545772 -0.67086018  0.24945678  0.8287732
  -0.05249454 -0.3884058  -0.22463385  0.44125124  0.55112144  0.83860305]]

[[-0.08126733 -0.06563048 -0.00936025  0.00084314  0.08457979  0.16801318
   0.04126827  0.21256256 -0.08629575 -0.48993947  0.48231339 -0.64798498]
 [-0.06565172 -0.12968056  0.14071792  0.03556605 -0.0080992   0.1234794
   0.21325922  0.01772012  0.09453494 -0.65073972 -0.21682051  0.22061005]
 [-0.00931917  0.14075354 -0.28787919 -0.06737855  0.15752568  0.04296053
  -0.60382654  0.59541214  0.9134682   0.9065988  -0.68952728  0.10587667]
 [ 0.0008528   0.03557364 -0.06737701 -0.01588338  0.03389081  0.00381126
   0.72550299 -0.8037749  -0.8126012  -0.68936989  0.13947709 -0.8932904 ]
 [ 0.08455862 -0.0081384   0.15756599  0.03390109 -0.16419867 -0.18703006
  -0.4270805   0.76336352 -0.76696148  0.58872464  0.17081811 -0.2542806 ]
 [ 0.16800978  0.12343275  0.04304506  0.00383127 -0.1870703  -0.34930312
  -0.30948857  0.45760527 -0.0771132  -0.31161858 -0.95631188  0.35042629]
 [ 0.04126827  0.21325922 -0.60382654  0.72550299 -0.4270805  -0.30948857
  -0.90716794 -0.44448338  0.02880554  0.84491908 -0.41516428 -0.23194599]
 [ 0.21256256  0.01772012  0.59541214 -0.8037749   0.76336352  0.45760527
   0.49461752 -0.24169463 -0.11879898 -0.83430341 -0.144963    0.15231846]
 [-0.08629575  0.09453494  0.9134682  -0.8126012  -0.76696148 -0.0771132
  -0.58523127 -0.0250902  -0.58662047 -0.71983441  0.52296281  0.48228965]
 [-0.48993947 -0.65073972  0.9065988  -0.68936989  0.58872464 -0.31161858
   0.53955879  0.13391541 -0.02561965  0.24685454 -0.39045538 -0.33911909]
 [ 0.48231339 -0.21682051 -0.68952728  0.13947709  0.17081811 -0.95631188
  -0.35053132  0.85685853  0.01279136 -0.67392878  0.74384758  0.20299567]
 [-0.64798498  0.22061005  0.10587667 -0.8932904  -0.2542806   0.35042629
   0.99494947  0.53595387 -0.97297886  0.65074072  0.35218914  0.38064523]]

[[-0.13415376 -0.04885699 -0.13050678 -0.02567657  0.19892408  0.28685635
  -0.67820147  0.04454854  0.06261305  0.67362151 -0.32298261  0.88996327]
 [-0.21673075 -0.18715454 -0.00150931  0.0077663   0.21347625  0.44613452
   0.11147433  0.6448021  -0.91439636 -0.66838638  0.01656434 -0.29759276]
 [ 0.19419856  0.2800541  -0.21597093 -0.05808736 -0.0792687  -0.38179881
   0.13128561 -0.37560555 -0.53900829  0.81557163  0.53432534 -0.44387694]
 [ 0.05071507  0.06771758 -0.04591992 -0.01270373 -0.02610325 -0.10057287
  -0.30287313  0.15805431 -0.21395468  0.42149107 -0.28766744 -0.32181583]
 [ 0.03156309 -0.09639869  0.23939525  0.05513847 -0.15436594 -0.08473084
   0.47004303  0.2292405   0.55498819  0.02990339  0.25475328  0.71283254]
 [ 0.26003141  0.07740655  0.28641171  0.05763855 -0.40281686 -0.55877955
   0.12868196  0.84954214  0.16288708 -0.5832607   0.25181168 -0.85171852]
 [-0.67820147  0.11147433  0.13128561 -0.30287313  0.47004303  0.12868196
  -0.50209725  0.03021035 -0.47448487 -0.01250626  0.19203129  0.44535102]
 [ 0.04454854  0.6448021  -0.37560555  0.15805431  0.2292405   0.84954214
  -0.81421076 -0.6895241  -0.60078761 -0.97845865 -0.49386192 -0.94747917]
 [ 0.06261305 -0.91439636 -0.53900829 -0.21395468  0.55498819  0.16288708
   0.32586807  0.92253257  0.12468461 -0.38741912  0.00293994  0.5428398 ]
 [ 0.67362151 -0.66838638  0.81557163  0.42149107  0.02990339 -0.5832607
  -0.33104803 -0.088065    0.56843407  0.30191811  0.52332685  0.92265539]
 [-0.32298261  0.01656434  0.53432534 -0.28766744  0.25475328  0.25181168
  -0.15208373  0.58482834  0.40523172 -0.10858545  0.25357269  0.05050759]
 [ 0.88996327 -0.29759276 -0.44387694 -0.32181583  0.71283254 -0.85171852
   0.49486641  0.18333121 -0.93068719  0.13000051  0.11454991  0.81194122]]

[[-0.13191251 -0.07782999 -0.07070745 -0.01169189  0.16590251  0.27730388
  -0.29486112 -0.21907082  0.3307642  -0.53252076  0.82873494  0.77486775]
 [-0.10310549  0.03668359 -0.24388618 -0.05351417  0.22689197  0.23232882
  -0.12984833 -0.82923189 -0.35043035  0.86236975 -0.87743889 -0.76919764]
 [-0.02181898 -0.20149327  0.35313745  0.08389832 -0.16060256  0.01572743
   0.38377783 -0.99625898  0.69032833  0.92350309 -0.66031426 -0.24699763]
 [-0.00019017 -0.04448775  0.08573028  0.02017642 -0.04400083 -0.00669109
   0.73910462 -0.13216006  0.81751723 -0.66219244 -0.45091398 -0.46844758]
 [ 0.14070421  0.18023641 -0.1126237  -0.03176887 -0.08003732 -0.28025074
   0.84036365  0.57549267  0.10706669  0.44932619  0.31243146  0.7593862 ]
 [ 0.27326505  0.17681219  0.11633491  0.01712962 -0.32814258 -0.57196246
   0.55071957 -0.31053046 -0.38201911  0.53272834 -0.38437734 -0.56241833]
 [-0.29486112 -0.12984833  0.38377783  0.73910462  0.84036365  0.55071957
  -0.32073119  0.46354708 -0.32173782  0.24134809  0.2254413  -0.08908778]
 [-0.21907082 -0.82923189 -0.99625898 -0.13216006  0.57549267 -0.31053046
   0.08417023 -0.81774715 -0.6862511   0.75109393  0.0111955   0.47357193]
 [ 0.3307642  -0.35043035  0.69032833  0.81751723  0.10706669 -0.38201911
   0.8299165  -0.42931449 -0.15153353 -0.14933375  0.78369859  0.80434958]
 [-0.53252076  0.86236975  0.92350309 -0.66219244  0.44932619  0.53272834
   0.80231782 -0.31709367 -0.2519922  -0.27539027  0.14413772 -0.12131333]
 [ 0.82873494 -0.87743889 -0.66031426 -0.45091398  0.31243146 -0.38437734
  -0.09965218  0.12219985 -0.32968829  0.62848612 -0.68363828  0.49023476]
 [ 0.77486775 -0.76919764 -0.24699763 -0.46844758  0.7593862  -0.56241833
  -0.76632312  0.53764947  0.52448619 -0.97141543  0.36025921  0.28588366]]

[[-0.01105885 -0.18906177  0.34713941  0.08208399 -0.16807096 -0.00592031
  -0.36265123  0.4943674   0.11766588  0.81633619  0.62556954  0.61743859]
 [-0.00237121 -0.03762831  0.06880448  0.01627611 -0.0331364  -0.00080445
  -0.50121849  0.38356344  0.78457862 -0.84794443  0.87198348 -0.90202005]
 [-0.01396182 -0.24431909  0.44915045  0.10619235 -0.21780096 -0.00837376
   0.83804078  0.55782239  0.5458028  -0.8314321   0.55884178 -0.78227146]
 [-0.00287032 -0.05039504  0.09266107  0.02190742 -0.04494284 -0.0017482
   0.79835012  0.92423694 -0.16473233 -0.03374932  0.03578112 -0.81985013]
 [ 0.01804935  0.3114721  -0.57218363 -0.13529086  0.27720376  0.0101262
  -0.62725974 -0.33238045 -0.02334778  0.83142601 -0.75369006  0.63723396]
 [ 0.02391141  0.40925385 -0.75148331 -0.17769338  0.36386615  0.01287519
   0.76944952  0.78536002  0.56342151  0.51634743 -0.08612815 -0.82671197]
 [-0.36265123 -0.50121849  0.83804078  0.79835012 -0.62725974  0.76944952
  -0.03607403 -0.58323091 -0.32440691 -0.79069222 -0.1731834   0.11714985]
 [ 0.4943674   0.38356344  0.55782239  0.92423694 -0.33238045  0.78536002
   0.19035051  0.45947266 -0.59214025 -0.34403479  0.3684237   0.07563083]
 [ 0.11766588  0.78457862  0.5458028  -0.16473233 -0.02334778  0.56342151
  -0.8381212  -0.08473233 -0.71167463  0.03655899  0.94815805  0.93450949]
 [ 0.81633619 -0.84794443 -0.8314321  -0.03374932  0.83142601  0.51634743
   0.30928373  0.8087392   0.30880038 -0.56762953 -0.44171739  0.88675686]
 [ 0.62556954  0.87198348  0.55884178  0.03578112 -0.75369006 -0.08612815
   0.94669938 -0.33752129  0.51051998 -0.55062347 -0.70000968  0.35892708]
 [ 0.61743859 -0.90202005 -0.78227146 -0.81985013  0.63723396 -0.82671197
  -0.09965419  0.03471927 -0.21184571 -0.18415273 -0.94007016 -0.16233098]]

[[-0.14670524 -0.24664404  0.23100576  0.05984484  0.02490972  0.28282033
   0.01103321 -0.92400597  0.378808   -0.73428168  0.53763403 -0.35184471]
 [-0.01248681 -0.23266537  0.42908347  0.10141603 -0.20890552 -0.00975137
   0.09852408  0.05805326 -0.9454058  -0.21893431  0.46153644  0.14967708]
 [-0.2219066   0.03634723 -0.44249274 -0.0957875   0.44584932  0.49321692
   0.19079232  0.73545599 -0.27199638 -0.42219007 -0.36506795  0.53372054]
 [-0.04670937  0.01779352 -0.11275915 -0.02477792  0.1039591   0.10543853
   0.43096229 -0.03279111 -0.0285149  -0.20464439  0.49578312 -0.61340641]
 [ 0.25835171  0.2233208   0.00136373 -0.00936018 -0.25424778 -0.53177418
  -0.85064155  0.03790488  0.38150832  0.22435617  0.68787313 -0.56823108]
 [ 0.32023686  0.50456556 -0.4388306  -0.11524127 -0.08809471 -0.62276166
  -0.59913146  0.4047462   0.72174    -0.7668982   0.3649134   0.19161033]
 [ 0.01103321  0.09852408  0.19079232  0.43096229 -0.85064155 -0.59913146
  -0.70399448  0.10388272 -0.95096828 -0.29747341  0.10326091 -0.8567277 ]
 [-0.92400597  0.05805326  0.73545599 -0.03279111  0.03790488  0.4047462
   0.6975761  -0.20290349  0.8051719   0.8500868  -0.93848227 -0.43482237]
 [ 0.378808   -0.9454058  -0.27199638 -0.0285149   0.38150832  0.72174
  -0.70372118  0.25641787  0.85254993  0.66001531 -0.14536531 -0.50622318]
 [-0.73428168 -0.21893431 -0.42219007 -0.20464439  0.22435617 -0.7668982
  -0.8598842   0.46917921 -0.00106834 -0.41422529  0.77334624 -0.12717813]
 [ 0.53763403  0.46153644 -0.36506795  0.49578312  0.68787313  0.3649134
  -0.58422453  0.04048347 -0.28913941  0.73935122  0.59318789 -0.83601739]
 [-0.35184471  0.14967708  0.53372054 -0.61340641 -0.56823108  0.19161033
  -0.76552923 -0.80774913  0.24768366 -0.20364925  0.18598119 -0.71316516]]

[[ 0.07269122  0.03513487  0.05396143  0.00997131 -0.09915178 -0.15404906
   0.45781724  0.32942578 -0.00150283 -0.42689048 -0.53100048 -0.90113963]
 [ 0.05909389  0.10702247 -0.10789112 -0.02759733 -0.00238471 -0.11269599
  -0.27587014  0.97742521  0.2456533   0.74169717  0.2343541  -0.25633751]
 [ 0.00761934 -0.14807598  0.29919141  0.07010361 -0.16168806 -0.04039698
   0.69497085 -0.84384346  0.27610165 -0.68925693 -0.58516025 -0.09228351]
 [-0.00093134 -0.03615361  0.06836707  0.01611924 -0.03432402 -0.00373141
   0.06358358  0.79150271 -0.5125979  -0.55314475  0.68492533 -0.53187074]
 [-0.07526594  0.04184078 -0.20716793 -0.04591888  0.18064492  0.17200445
   0.47304445  0.28680467  0.59249192  0.2474176  -0.23231223  0.38884772]
 [-0.1502206  -0.06007096 -0.13576429 -0.02631142  0.21740183  0.32035461
  -0.53823201  0.75229358  0.0492188   0.7251386  -0.95945196  0.70553183]
 [ 0.45781724 -0.27587014  0.69497085  0.06358358  0.47304445 -0.53823201
   0.32042476  0.48650046  0.58334633  0.76936346 -0.94042387 -0.68639021]
 [ 0.32942578  0.97742521 -0.84384346  0.79150271  0.28680467  0.75229358
  -0.70474803  0.66702694  0.19352195 -0.92780985 -0.67987828 -0.45636584]
 [-0.00150283  0.2456533   0.27610165 -0.5125979   0.59249192  0.0492188
   0.77192613  0.62700798 -0.3102281   0.8659872   0.46648118 -0.0592407 ]
 [-0.42689048  0.74169717 -0.68925693 -0.55314475  0.2474176   0.7251386
   0.07589736  0.06868583 -0.27546764 -0.3181163  -0.68827007 -0.10067742]
 [-0.53100048  0.2343541  -0.58516025  0.68492533 -0.23231223 -0.95945196
  -0.57729233 -0.99153042  0.84773825  0.03325959  0.99411424 -0.49441082]
 [-0.90113963 -0.25633751 -0.09228351 -0.53187074  0.38884772  0.70553183
  -0.25861644  0.81650602 -0.73701727  0.69864518  0.84797046 -0.42821279]]

[[ 0.01863421  0.14925406 -0.25743677 -0.061264    0.11440163 -0.01707964
  -0.09296359 -0.78575206  0.4170747  -0.98664132 -0.48086438  0.59272199]
 [-0.00861976 -0.01664694  0.01774156  0.00449696 -0.00068505  0.0162729
  -0.47336851  0.44325163  0.48086787 -0.17839263  0.56744633 -0.99761107]
 [ 0.04792645  0.28253274 -0.46609758 -0.11145214  0.19320322 -0.06012194
  -0.31396511 -0.41927017 -0.01752499 -0.1950916   0.40910531  0.69395087]
 [ 0.01057713  0.06087705 -0.10000949 -0.02392503  0.04116698 -0.01350455
   0.89711346  0.03588845 -0.91435098  0.59016148 -0.9887733  -0.4901744 ]
 [-0.04298996 -0.29210129  0.49288493  0.11756927 -0.21185472  0.04775016
  -0.62638572 -0.65501415 -0.05100718 -0.16206007 -0.54316606 -0.20097612]
 [-0.04230667 -0.3304906   0.56828447  0.1352825  -0.25138804  0.04011502
   0.96250019  0.69906417 -0.83599194  0.03586576  0.62602193  0.63067871]
 [-0.09296359 -0.47336851 -0.31396511  0.89711346 -0.62638572  0.96250019
  -0.82747833 -0.31437451 -0.49831176  0.93906171  0.74400083 -0.99607381]
 [-0.78575206  0.44325163 -0.41927017  0.03588845 -0.65501415  0.69906417
  -0.24278836  0.27419098 -0.28415553 -0.44952972 -0.0758574  -0.86990282]
 [ 0.4170747   0.48086787 -0.01752499 -0.91435098 -0.05100718 -0.83599194
   0.14086477  0.50178117 -0.29731925 -0.91201908  0.43683541 -0.50074778]
 [-0.98664132 -0.17839263 -0.1950916   0.59016148 -0.16206007  0.03586576
  -0.24142034 -0.7149352   0.99650936  0.60258131  0.12304733 -0.57740457]
 [-0.48086438  0.56744633  0.40910531 -0.9887733  -0.54316606  0.62602193
   0.56314819  0.35200779 -0.82685173  0.34609237 -0.46980402  0.53526921]
 [ 0.59272199 -0.99761107  0.69395087 -0.4901744  -0.20097612  0.63067871
   0.10771118  0.5364336  -0.99433971 -0.51891344 -0.51703376  0.38114938]]

[[-0.10147769 -0.14210046  0.10465229  0.02842357  0.0456493   0.2001851
  -0.15737585  0.73302451 -0.01638763 -0.37829984 -0.80364844 -0.26038695]
 [-0.03085203 -0.03750648  0.02079987  0.00604957  0.01955725  0.06177199
  -0.49405887 -0.85976448 -0.80083757  0.56224977 -0.74878565  0.28869419]
 [-0.11052703 -0.16578969  0.13529469  0.03597174  0.03873644  0.21627625
   0.60959826  0.48171321  0.1805295   0.54540732  0.72318578  0.9591547 ]
 [-0.02220049 -0.03367961  0.02790848  0.00739778  0.00740273  0.04338074
   0.66812242  0.41451189  0.03525864  0.57506184  0.67292348 -0.15779488]
 [ 0.15655793  0.2249086  -0.17243931 -0.04643543 -0.06476566 -0.30793452
   0.41434425 -0.14978245 -0.05376972  0.17914909 -0.44060369 -0.50425406]
 [ 0.21796175  0.30612471 -0.22654088 -0.06146455 -0.09714176 -0.42982783
  -0.42583547 -0.93884649  0.26324879 -0.7805658  -0.03647547 -0.4470105 ]
 [-0.15737585 -0.49405887  0.60959826  0.66812242  0.41434425 -0.42583547
   0.75440048  0.52870118  0.64261894  0.61951975 -0.68721067  0.86787125]
 [ 0.73302451 -0.85976448  0.48171321  0.41451189 -0.14978245 -0.93884649
  -0.56637939  0.09772757  0.015501   -0.30887687 -0.23449601  0.582231  ]
 [-0.01638763 -0.80083757  0.1805295   0.03525864 -0.05376972  0.26324879
  -0.62396255  0.01115912  0.13197152  0.78590656 -0.43324371 -0.11294148]
 [-0.37829984  0.56224977  0.54540732  0.57506184  0.17914909 -0.7805658
   0.43329148 -0.97585277 -0.76366283  0.58805996  0.73410657  0.1770471 ]
 [-0.80364844 -0.74878565  0.72318578  0.67292348 -0.44060369 -0.03647547
  -0.98724561 -0.94941649  0.75063555  0.72927879  0.77137202  0.12931343]
 [-0.26038695  0.28869419  0.9591547  -0.15779488 -0.50425406 -0.4470105
   0.27897539 -0.1619225   0.68664259  0.35805674  0.08262711  0.99615958]]

[[ 0.05623172  0.23085143 -0.35220452 -0.08496836  0.12634924 -0.08662241
  -0.6057942  -0.87889115  0.76403335 -0.77715998 -0.90112606  0.47484749]
 [ 0.23020823  0.4289376  -0.44354824 -0.11297759  0.00269046 -0.43710216
   0.5907431  -0.28986675 -0.43370932 -0.72523733 -0.22688758 -0.37669038]
 [-0.35096042 -0.44246944  0.26719228  0.07601214  0.20671318  0.70016721
   0.06898576 -0.7680419   0.15913201 -0.27821706  0.20820287  0.09530655]
 [-0.08467566 -0.11274788  0.07605876  0.02106692  0.04389769  0.16797044
   0.11793011  0.12459781 -0.15992865 -0.16331338 -0.00862091 -0.15968334]
 [ 0.125708    0.00150318  0.20793413  0.04420896 -0.23054339 -0.27587238
   0.7579406   0.54938525  0.13372338  0.22013401  0.99878977 -0.81745702]
 [-0.08672519 -0.43851493  0.70272743  0.16857662 -0.27709112  0.12041705
   0.87670778  0.85840323  0.19122594  0.80455854  0.49611662  0.38138733]
 [-0.6057942   0.5907431   0.06898576  0.11793011  0.7579406   0.87670778
  -0.81157021 -0.22576199 -0.55052129 -0.87796917  0.51686211  0.00311807]
 [-0.87889115 -0.28986675 -0.7680419   0.12459781  0.54938525  0.85840323
  -0.54308898 -0.15621963  0.49389062  0.46459764 -0.57891256 -0.70450471]
 [ 0.76403335 -0.43370932  0.15913201 -0.15992865  0.13372338  0.19122594
  -0.3280375  -0.72266292  0.84413233  0.04637276  0.52686171  0.29405912]
 [-0.77715998 -0.72523733 -0.27821706 -0.16331338  0.22013401  0.80455854
   0.38689195 -0.16648804 -0.48771298 -0.1548246  -0.53918983  0.33059662]
 [-0.90112606 -0.22688758  0.20820287 -0.00862091  0.99878977  0.49611662
   0.210971    0.26791709  0.29539541 -0.96304808 -0.21943598 -0.93836171]
 [ 0.47484749 -0.37669038  0.09530655 -0.15968334 -0.81745702  0.38138733
  -0.94809813 -0.74085438 -0.18463211 -0.45530885  0.12803634 -0.52352194]]

[[ 0.12073738  0.04571032  0.11409077  0.02231721 -0.17729611 -0.25789064
   0.15745349  0.30579334 -0.41918771 -0.10301085 -0.32478173  0.6305988 ]
 [ 0.01851609 -0.08713141  0.1995874   0.04626199 -0.12104376 -0.05459279
  -0.29815564  0.05171234 -0.88964337  0.35619037 -0.92475904 -0.7241367 ]
 [ 0.16669047  0.24519845 -0.19468979 -0.05204987 -0.06324124 -0.32694806
  -0.55946118 -0.08675705  0.05900231 -0.40742306 -0.88784886  0.74328286]
 [ 0.03469205  0.05597363 -0.05007884 -0.01308176 -0.00823474 -0.06725554
  -0.44074103  0.85305374 -0.50407888 -0.72637728  0.05212089 -0.37170063]
 [-0.20440727 -0.17124105 -0.0116202   0.00492578  0.20659345  0.42160933
   0.35321936 -0.76481679  0.43042708  0.6681996  -0.83098199  0.48465739]
 [-0.26223607 -0.1143238  -0.21870323 -0.04162654  0.37008191  0.55772291
  -0.82542034  0.62328161  0.595152   -0.54996426  0.2935662  -0.89077835]
 [ 0.15745349 -0.29815564 -0.55946118 -0.44074103  0.35321936 -0.82542034
  -0.9844269  -0.76621616  0.14392311  0.43253271  0.74082177 -0.56099304]
 [ 0.30579334  0.05171234 -0.08675705  0.85305374 -0.76481679  0.62328161
   0.44925881  0.45871818  0.57357602  0.7903616   0.05141546  0.21842982]
 [-0.41918771 -0.88964337  0.05900231 -0.50407888  0.43042708  0.595152
   0.63976698 -0.19157759  0.45144274  0.55946135 -0.12560105  0.33695558]
 [-0.10301085  0.35619037 -0.40742306 -0.72637728  0.6681996  -0.54996426
  -0.14260705 -0.49943713 -0.32204375  0.83639978 -0.391024   -0.87670739]
 [-0.32478173 -0.92475904 -0.88784886  0.05212089 -0.83098199  0.2935662
   0.41493974  0.70277524 -0.33502343  0.97734886 -0.60080312  0.27997942]
 [ 0.6305988  -0.7241367   0.74328286 -0.37170063  0.48465739 -0.89077835
   0.63878121 -0.32837176 -0.45004209  0.08084102 -0.2463924  -0.34969035]]

[[ 0.04085186  0.06924633 -0.06541978 -0.01692176 -0.00637284 -0.07866442
  -0.1208444   0.07315165 -0.01634282  0.02947956 -0.68157399 -0.59785398]
 [-0.06498345 -0.00506916 -0.09918749 -0.02090022  0.11489802  0.14192352
  -0.51143954  0.51789961  0.89600058  0.78321847 -0.79401517  0.05792307]
 [ 0.19421058  0.12594713  0.08212653  0.01204395 -0.23292715 -0.40645034
   0.56642716  0.93559422 -0.49543472  0.30395205 -0.22336912 -0.84989255]
 [ 0.04416005  0.02703607  0.02177289  0.00346761 -0.05456069 -0.09267561
  -0.64333209 -0.9234444  -0.369286   -0.64634965 -0.69440997 -0.2668073 ]
 [-0.14019261 -0.13287415  0.0218726   0.01039918  0.12631055  0.28669515
   0.78763176 -0.00722976  0.09558543 -0.01085005  0.93996584 -0.19617145]
 [-0.10011332 -0.1529068   0.12784252  0.03382828  0.03235751  0.19546154
   0.65649664  0.86326805  0.58496353 -0.04213064 -0.15005414  0.89189088]
 [-0.1208444  -0.51143954  0.56642716 -0.64333209  0.78763176  0.65649664
  -0.929372   -0.72030036  0.90115728  0.30000318 -0.52930693  0.14791276]
 [ 0.07315165  0.51789961  0.93559422 -0.9234444  -0.00722976  0.86326805
   0.14101073 -0.66521742  0.54875814  0.20418606  0.69370855 -0.45172609]
 [-0.01634282  0.89600058 -0.49543472 -0.369286    0.09558543  0.58496353
   0.18095385  0.02867219  0.8433379   0.78114405  0.25176232  0.02620082]
 [ 0.02947956  0.78321847  0.30395205 -0.64634965 -0.01085005 -0.04213064
  -0.96703925  0.46532859  0.76565521 -0.00699518 -0.97345625 -0.42833502]
 [-0.68157399 -0.79401517 -0.22336912 -0.69440997  0.93996584 -0.15005414
  -0.73236988  0.63441399 -0.24054249  0.47723135  0.40239123 -0.21949375]
 [-0.59785398  0.05792307 -0.84989255 -0.2668073  -0.19617145  0.89189088
  -0.66797006  0.8885332  -0.57053001  0.26532241 -0.19554657  0.38316663]]

[[ 0.1003363  -0.00142808  0.17104958  0.03648207 -0.18663256 -0.22061285
  -0.15598664 -0.42720728 -0.76353094 -0.0617748  -0.2685639  -0.29996194]
 [ 0.1247275  -0.05775467  0.32090751  0.07082433 -0.28781034 -0.28318769
   0.73087744 -0.70398173 -0.72627169  0.32614256  0.81929146 -0.60672357]
 [-0.07296347  0.10931521 -0.33381676 -0.07580113  0.24366316  0.17772906
   0.26772093  0.72246715 -0.31027513  0.51746504  0.85067358  0.84950921]
 [-0.02092554  0.0257715  -0.08494485 -0.01920038  0.06431884  0.0500802
   0.9196361  -0.13245774 -0.73800575 -0.5138979   0.74293368  0.67729868]
 [-0.06086234 -0.0549422   0.00419015  0.00326644  0.05757024  0.12490233
  -0.30040658 -0.23318691  0.98757131  0.42441539 -0.5988701   0.52807654]
 [-0.20045415 -0.00609204 -0.32442496 -0.06881421  0.36394102  0.43931602
  -0.75580617  0.10029767  0.151188    0.69913478  0.59828556  0.23352392]
 [-0.15598664  0.73087744  0.26772093  0.9196361  -0.30040658 -0.75580617
  -0.45492049  0.29947444  0.04203239  0.3852968  -0.81508735  0.85565191]
 [-0.42720728 -0.70398173  0.72246715 -0.13245774 -0.23318691  0.10029767
   0.74694305 -0.59926893  0.41527863  0.83639101  0.55501855 -0.5579735 ]
 [-0.76353094 -0.72627169 -0.31027513 -0.73800575  0.98757131  0.151188
   0.14804993  0.48103053 -0.599198   -0.01590263 -0.05172201 -0.49474455]
 [-0.0617748   0.32614256  0.51746504 -0.5138979   0.42441539  0.69913478
   0.78234398 -0.78561262  0.69152762 -0.61204253  0.35261923  0.18589425]
 [-0.2685639   0.81929146  0.85067358  0.74293368 -0.5988701   0.59828556
  -0.75137167 -0.51655204  0.80757675  0.26601383  0.56671869  0.57547596]
 [-0.29996194 -0.60672357  0.84950921  0.67729868  0.52807654  0.23352392
   0.52965417  0.72786224  0.1272238  -0.96298305 -0.7782041   0.17404036]]

[[-0.10391922 -0.19438198  0.20168139  0.05134256 -0.00196574  0.19719364
  -0.46872581 -0.78075754  0.86294382  0.73751586 -0.43942715  0.03379215]
 [-0.13368756 -0.21188189  0.1856017   0.04867507  0.0355366   0.25978224
   0.34377014  0.83974503 -0.55349063 -0.82735383 -0.60562664  0.45636054]
 [ 0.08428483  0.08380302 -0.02072844 -0.00803501 -0.07203271 -0.17173716
  -0.18009752 -0.78562852  0.74211913  0.52561723 -0.92156691 -0.64949894]
 [ 0.02372332  0.02699981 -0.01243412 -0.00381427 -0.01687308 -0.04779295
  -0.75451888  0.83593655 -0.1961246  -0.28461434  0.54414312 -0.11128716]
 [ 0.05854329  0.14757125 -0.18724502 -0.04624586  0.03905656 -0.10500722
  -0.97373851  0.73436181  0.09860748 -0.6495874   0.43332682 -0.98093782]
 [ 0.20689214  0.39309508 -0.41332732 -0.10499397  0.00999614 -0.39161668
   0.78899716 -0.38847778 -0.47728982  0.19308945  0.57339424  0.42872774]
 [-0.46872581  0.34377014 -0.18009752 -0.75451888 -0.97373851  0.78899716
  -0.57574694  0.70525803 -0.71763908  0.79395972  0.55681834 -0.09552376]
 [-0.78075754  0.83974503 -0.78562852  0.83593655  0.73436181 -0.38847778
   0.89847287 -0.96320063  0.19442287 -0.87644195 -0.4428623   0.31927824]
 [ 0.86294382 -0.55349063  0.74211913 -0.1961246   0.09860748 -0.47728982
  -0.9059453  -0.35108652 -0.0175513  -0.76315471 -0.46417352  0.88709571]
 [ 0.73751586 -0.82735383  0.52561723 -0.28461434 -0.6495874   0.19308945
  -0.1646072  -0.93802828  0.31483472  0.42625612  0.86117485  0.87478729]
 [-0.43942715 -0.60562664 -0.92156691  0.54414312  0.43332682  0.57339424
   0.32449012  0.02697579 -0.85638867 -0.24021921 -0.77876453 -0.66287502]
 [ 0.03379215  0.45636054 -0.64949894 -0.11128716 -0.98093782  0.42872774
   0.18770898  0.74148846 -0.26345555 -0.47777085  0.99116247  0.58903306]]

[[ 0.07890774 -0.07678173  0.28085967  0.06311946 -0.22220146 -0.1855868
   0.87638525 -0.15993017  0.45956913  0.92958547  0.70738727 -0.3616879 ]
 [ 0.17532675  0.10079752  0.0990989   0.01674457 -0.22314263 -0.36899147
   0.10925752  0.37659324 -0.75873537 -0.09170826 -0.9749698   0.80145647]
 [-0.20677441 -0.32374576  0.27938771  0.07347832  0.05892403  0.40243957
  -0.09276416  0.09770286  0.60560086 -0.10169216 -0.52168196 -0.43169677]
 [-0.05160353 -0.07328871  0.05520557  0.01492161  0.02218912  0.10163411
   0.40807464  0.53744869  0.98366794 -0.66779721  0.19260186 -0.62332099]
 [ 0.02913693  0.24221954 -0.41963725 -0.09981758  0.18769637 -0.02529327
  -0.33390064 -0.0650011  -0.27681822  0.74798349 -0.27258426  0.39137418]
 [-0.14530179  0.18475465 -0.60106171 -0.13596371  0.45240009  0.34867192
   0.48558124 -0.12004422 -0.64240559  0.19284427 -0.70327943  0.31182677]
 [ 0.87638525  0.10925752 -0.09276416  0.40807464 -0.33390064  0.48558124
   0.91403793  0.04685795  0.50853487  0.0283119   0.78564776 -0.94210902]
 [-0.15993017  0.37659324  0.09770286  0.53744869 -0.0650011  -0.12004422
  -0.88987241 -0.82085764 -0.58088369 -0.13689342  0.83801671 -0.02267624]
 [ 0.45956913 -0.75873537  0.60560086  0.98366794 -0.27681822 -0.64240559
   0.86769463 -0.0806444   0.05447891  0.56068774  0.32909873  0.59780526]
 [ 0.92958547 -0.09170826 -0.10169216 -0.66779721  0.74798349  0.19284427
   0.86601437  0.6882907  -0.64546854 -0.77041733  0.77006286 -0.99310674]
 [ 0.70738727 -0.9749698  -0.52168196  0.19260186 -0.27258426 -0.70327943
  -0.56272335  0.43902299 -0.70093592 -0.19346013 -0.82995329  0.65825778]
 [-0.3616879   0.80145647 -0.43169677 -0.62332099  0.39137418  0.31182677
  -0.06310278 -0.37265957 -0.82901474 -0.95140501 -0.25321604  0.44551787]]

[[ 0.06293251  0.08252961 -0.05407822 -0.01508091 -0.03388838 -0.12504112
   0.77841451  0.67625517 -0.06514217  0.830545   -0.0895594   0.73452981]
 [-0.01035206 -0.01880805  0.01901614  0.00486174  0.00035807  0.0197325
   0.55452062  0.88147424 -0.03523554  0.91273098 -0.67141822 -0.58464009]
 [ 0.12557567  0.17480035 -0.12748323 -0.03469789 -0.0575313  -0.24789016
  -0.89550528  0.315      -0.90489556  0.71068273 -0.42408565 -0.15749488]
 [ 0.02718528  0.03803175 -0.02796585 -0.00759807 -0.0122652  -0.05363419
  -0.50465663  0.72320286 -0.79017562  0.83468765 -0.07871868  0.64691771]
 [-0.12648634 -0.17109042  0.11877999  0.03268445  0.06291089  0.25048322
   0.76753321  0.0913056  -0.27699739 -0.11083919 -0.78671278 -0.04228653]
 [-0.1398829  -0.18427836  0.12181926  0.03390148  0.07449168  0.27780089
   0.18755652 -0.08003365 -0.42416875 -0.05157977 -0.58997183  0.0058711 ]
 [ 0.77841451  0.55452062 -0.89550528 -0.50465663  0.76753321  0.18755652
  -0.94749082 -0.52762263 -0.82235798  0.31384883 -0.54827139 -0.32338458]
 [ 0.67625517  0.88147424  0.315       0.72320286  0.0913056  -0.08003365
   0.23762177  0.00191301 -0.97543411 -0.76243032  0.74365376 -0.06253187]
 [-0.06514217 -0.03523554 -0.90489556 -0.79017562 -0.27699739 -0.42416875
  -0.31183588 -0.88701943  0.2400527   0.6137339  -0.40920974 -0.08961867]
 [ 0.830545    0.91273098  0.71068273  0.83468765 -0.11083919 -0.05157977
   0.58024519  0.21805294  0.25586717 -0.86132021  0.8500855   0.60315108]
 [-0.0895594  -0.67141822 -0.42408565 -0.07871868 -0.78671278 -0.58997183
  -0.99533999 -0.38604599  0.40559048 -0.78303903  0.02524225  0.7921963 ]
 [ 0.73452981 -0.58464009 -0.15749488  0.64691771 -0.04228653  0.0058711
   0.7938444   0.39718206  0.53258549 -0.64093458 -0.60751907 -0.91164923]]

[[-0.01375562 -0.09496814  0.16061821  0.03830322 -0.06928682  0.01503848
  -0.80241093 -0.42039632 -0.07397589  0.99953113 -0.22703234  0.36937424]
 [-0.15493056 -0.29401295  0.30883203  0.07846282 -0.00713153  0.29331773
   0.21465772 -0.15410167 -0.64481234  0.51973283  0.0650005  -0.61495476]
 [ 0.27659893  0.40940299 -0.32795593 -0.08752118 -0.10241618 -0.54211894
   0.34890313  0.97925687  0.566611    0.53854369  0.86894722 -0.04315955]
 [ 0.06558937  0.09987667 -0.08317512 -0.02202594 -0.02149856 -0.12810488
   0.84069131 -0.00785979  0.09526073 -0.24986557 -0.43943548  0.5988204 ]
 [-0.12906609 -0.11781502  0.01140664  0.00751997  0.12078547  0.26466254
   0.56818102  0.20162265 -0.21313043  0.87411028  0.14163787  0.24545865]
 [ 0.00545694  0.16161267 -0.30344243 -0.07159372  0.15104616  0.01383853
   0.78123474 -0.15138477  0.11949385  0.57052417 -0.31028404 -0.28715789]
 [-0.80241093  0.21465772  0.34890313  0.84069131  0.56818102  0.78123474
   0.86161191 -0.02847475  0.18781169 -0.11925702  0.36441656  0.6925106 ]
 [-0.42039632 -0.15410167  0.97925687 -0.00785979  0.20162265 -0.15138477
  -0.13849591  0.51914531 -0.97867117 -0.3615852   0.67526223 -0.74881339]
 [-0.07397589 -0.64481234  0.566611    0.09526073 -0.21313043  0.11949385
   0.14298102  0.06998939 -0.0846339   0.57292938 -0.36909555 -0.03975262]
 [ 0.99953113  0.51973283  0.53854369 -0.24986557  0.87411028  0.57052417
  -0.78616442  0.90144542 -0.87649642 -0.42180883 -0.60537336  0.99071809]
 [-0.22703234  0.0650005   0.86894722 -0.43943548  0.14163787 -0.31028404
   0.9661365   0.05062004 -0.44222259 -0.84674066  0.30622578 -0.62147526]
 [ 0.36937424 -0.61495476 -0.04315955  0.5988204   0.24545865 -0.28715789
  -0.63291624 -0.02305522 -0.8306367  -0.50932758 -0.01621788 -0.8412604 ]]
