A: 
[[ 0.12210531  0.12125556 -0.48547221  0.10655259  0.13920998  0.02967372
   0.23454464  0.46752536 -0.56118791 -0.3713546  -0.99797687 -0.60038188]
 [-0.20657893 -0.12231806 -0.18873744 -0.34196081 -0.14697936  0.37358353
   0.38888972 -0.32655358 -0.81728768  0.63543059  0.73561027 -0.94295257]
 [-0.35512338 -0.24127481  0.05362549 -0.52733024 -0.28580815  0.48358804
   0.86207097 -0.52729125 -0.24753658  0.15440476 -0.60188445 -0.67054188]
 [-0.01365259  0.00365321 -0.15561204 -0.0455139   0.00283313  0.08474545
  -0.58761803 -0.67100096 -0.21630506  0.94266313 -0.65728942 -0.41574154]
 [-0.47423821 -0.34843876  0.39157134 -0.65298639 -0.40971948  0.51154923
   0.67139524  0.4559809   0.03364824  0.71575817  0.79095955 -0.48023929]
 [ 0.15169446  0.14219005 -0.50007825  0.14886724  0.16391237 -0.0063657
  -0.83198675  0.5295232  -0.82079401  0.76216259  0.89438312 -0.26507845]
 [ 0.09128047  0.08468213 -0.29019477  0.09129561  0.09769265 -0.00832898
  -0.0632692   0.31803883 -0.64380138 -0.10711432 -0.99186431  0.80960186]
 [ 0.17385875  0.03873105  0.94194702  0.41315905  0.05505603 -0.64297303
  -0.48705425  0.23092949  0.78637382 -0.96096533 -0.95980896 -0.42761565]
 [-0.10421895 -0.11852004  0.59761164 -0.06160875 -0.13488115 -0.10221322
   0.5832561   0.59612021  0.77383473  0.62218305 -0.44587233  0.36545326]
 [-0.00829406  0.02034883 -0.31563212 -0.06304388  0.02110142  0.14424756
   0.5400596  -0.08325089  0.03570883 -0.36217618  0.43396738  0.96364689]
 [ 0.27922443  0.2098871  -0.28825429  0.37523145  0.24629472 -0.27698259
  -0.81602439 -0.32280677  0.19415749 -0.15591719  0.95212127  0.47180227]
 [ 0.16540816  0.03519651  0.91630931  0.39630215  0.05061402 -0.62017343
  -0.86417774  0.87433342 -0.96001817  0.74876675  0.89517837 -0.91828022]
 [ 0.1584146   0.08504868  0.25145079  0.27931563  0.10335642 -0.33125663
   0.25568942 -0.31107937 -0.08246392  0.25144195 -0.83042379 -0.14745791]
 [ 0.24407615  0.19647788 -0.41064378  0.30259689  0.22920022 -0.17554254
   0.09207236  0.87155705  0.0061943   0.83255094 -0.47002389  0.10744262]
 [-0.15593446 -0.08484562 -0.23375199 -0.27273958 -0.10294458  0.3202964
  -0.648719    0.24195075  0.43640813 -0.75656793 -0.03511201 -0.78818312]
 [ 0.41112733  0.29691415 -0.27659511  0.57615184  0.34968407 -0.46984955
  -0.40285962  0.07884377 -0.1002062   0.93760423  0.65025316 -0.61000621]
 [-0.00311452  0.06541119 -0.8230523  -0.13645683  0.06967947  0.34976108
  -0.7777998  -0.96907657  0.9789172  -0.82343675  0.00471834  0.18498507]
 [-0.09761401 -0.13746699  0.88240662 -0.00605044 -0.15461661 -0.23111546
  -0.7194818  -0.08740527  0.91963377  0.90409098  0.13020813  0.65426335]
 [-0.05459582 -0.02190655 -0.17696099 -0.11071871 -0.02770525  0.152051
  -0.64426518  0.11610396  0.10981656 -0.03216234 -0.96584844  0.19805018]
 [-0.24274318 -0.1619473   0.00037234 -0.36626281 -0.19218262  0.34577776
   0.22028465 -0.17072617  0.22777641  0.24822438  0.34672202  0.43790639]] 
x segnato:[[-0.5865652 ]
 [-0.67721258]
 [ 0.79358361]
 [ 0.45714281]
 [ 0.63795556]
 [ 0.65900879]
 [ 0.        ]
 [ 0.        ]
 [ 0.        ]
 [ 0.        ]
 [ 0.        ]
 [ 0.        ]]
Matrici Hi 

[[-0.05883722 -0.04833957  0.11089822 -0.071038   -0.05629502  0.03732026
  -0.09745085 -0.91497516 -0.83805503 -0.59470786 -0.47140992  0.53340502]
 [-0.04685434 -0.03681081  0.06777727 -0.05985764 -0.04302986  0.03833539
   0.76023545  0.79229517 -0.89712644  0.95975287  0.82555098  0.99842315]
 [ 0.0927852   0.05569536  0.07555144  0.15211615  0.06682418 -0.16392706
   0.5885186   0.98632703  0.86986116  0.03594832 -0.67448177 -0.88005585]
 [-0.07393759 -0.0640331   0.17945041 -0.08285185 -0.07425709  0.03007785
   0.22555914  0.37388736  0.20097159 -0.86052458  0.94741563  0.71471613]
 [-0.05470732 -0.0431465   0.08116203 -0.06956585 -0.05041935  0.04391093
  -0.30395814 -0.21695931 -0.26903359 -0.66223621 -0.47958219  0.34557662]
 [ 0.04491982  0.04552113 -0.18973998  0.0374141   0.05218921  0.01559258
  -0.27093222  0.05933885 -0.61585308  0.78403477  0.8910473  -0.71496719]
 [-0.09745085  0.76023545  0.5885186   0.22555914 -0.30395814 -0.27093222
  -0.96258376  0.90653466 -0.39687681  0.41705287 -0.04841597 -0.9177911 ]
 [-0.91497516  0.79229517  0.98632703  0.37388736 -0.21695931  0.05933885
  -0.00560344  0.15368725 -0.70225554 -0.35689774  0.5503107   0.08519039]
 [-0.83805503 -0.89712644  0.86986116  0.20097159 -0.26903359 -0.61585308
  -0.11801302 -0.70774862  0.91267634  0.12248667 -0.47274334  0.67132492]
 [-0.59470786  0.95975287  0.03594832 -0.86052458 -0.66223621  0.78403477
   0.48775477 -0.01245551 -0.51258618 -0.57836009  0.02212662  0.08133239]
 [-0.47140992  0.82555098 -0.67448177  0.94741563 -0.47958219  0.8910473
   0.60441045  0.62362578  0.24189902 -0.92360302 -0.60668113 -0.42022159]
 [ 0.53340502  0.99842315 -0.88005585  0.71471613  0.34557662 -0.71496719
  -0.8427436  -0.92440521  0.64384377 -0.98091763 -0.73313017 -0.49722709]]

[[ 0.03790116 -0.02447508  0.60679826  0.15433456 -0.02318736 -0.30860336
   0.74432185  0.17366495  0.49262069 -0.314338   -0.98833251 -0.49785421]
 [ 0.02973353 -0.01814697  0.46318306  0.11901846 -0.01706404 -0.23670796
  -0.49517072 -0.01073538  0.20752713 -0.07675522  0.27885539  0.32162072]
 [-0.05429826  0.02221244 -0.71258987 -0.19601477  0.01948098  0.37635718
  -0.90566666 -0.13080043  0.40932852  0.27916576  0.76907191 -0.21132221]
 [ 0.04850421 -0.03337937  0.80164241  0.2015268  -0.03187334 -0.40546325
  -0.55503309 -0.20104662  0.52867809  0.5437914   0.33799235  0.82925111]
 [ 0.03476123 -0.02132095  0.54278996  0.13934945 -0.02006219 -0.27727309
   0.14558382  0.4373635   0.49669062  0.99572179  0.82782985  0.22034848]
 [-0.0312315   0.02555998 -0.56577333 -0.137702    0.02487086  0.28188584
  -0.17257463  0.07528299 -0.82867064 -0.18674127  0.33479867  0.85809533]
 [ 0.74432185 -0.49517072 -0.90566666 -0.55503309  0.14558382 -0.17257463
   0.63501059 -0.58647003  0.8681312   0.4128663   0.94514273 -0.47206549]
 [ 0.17366495 -0.01073538 -0.13080043 -0.20104662  0.4373635   0.07528299
   0.88616308  0.80822635 -0.27876441  0.75180185  0.44602803 -0.78992844]
 [ 0.49262069  0.20752713  0.40932852  0.52867809  0.49669062 -0.82867064
   0.26669022  0.16081896  0.74771376 -0.41032079 -0.73697928 -0.82197965]
 [-0.314338   -0.07675522  0.27916576  0.5437914   0.99572179 -0.18674127
  -0.3932545  -0.41208703 -0.03641158 -0.83358929  0.35277103 -0.78930839]
 [-0.98833251  0.27885539  0.76907191  0.33799235  0.82782985  0.33479867
   0.14684791  0.37777401  0.35718907 -0.20667377  0.73714289  0.99967552]
 [-0.49785421  0.32162072 -0.21132221  0.82925111  0.22034848  0.85809533
  -0.95270283 -0.61086707 -0.33127187  0.115405    0.46657792 -0.39577137]]

[[ 0.05117322  0.04253826 -0.10249311  0.06081782  0.04949162 -0.02992475
   0.51647211  0.03229832  0.46076023 -0.71645549  0.43528478 -0.68790441]
 [ 0.03700945  0.03353867 -0.10795733  0.03856862  0.03875886 -0.00744733
   0.30835605 -0.49402533 -0.33759543 -0.22629391 -0.30183155  0.93971478]
 [-0.03506696 -0.06298212  0.48283411  0.0243742  -0.07008115 -0.15260547
  -0.48819442 -0.37688874  0.00902639 -0.64203574  0.43740116 -0.9922098 ]
 [ 0.0716116   0.05411188 -0.07737824  0.09568173  0.06346872 -0.06958882
  -0.94626859 -0.7710805  -0.32234488  0.88728324 -0.5016547   0.16252589]
 [ 0.04358136  0.03919303 -0.12345416  0.04600547  0.04531942 -0.01031108
  -0.6154786  -0.2912698   0.54356303 -0.66962497  0.83341952 -0.24856292]
 [-0.05821429 -0.0341964  -0.05651627 -0.09689816 -0.04112716  0.1066735
   0.76900129 -0.79745211  0.507087   -0.87028357  0.60586189 -0.41071739]
 [ 0.51647211  0.30835605 -0.48819442 -0.94626859 -0.6154786   0.76900129
   0.63221655 -0.79319784  0.46477699 -0.27639691 -0.78530362 -0.23938908]
 [ 0.03229832 -0.49402533 -0.37688874 -0.7710805  -0.2912698  -0.79745211
  -0.1560206  -0.61790948  0.90623568 -0.91092684  0.15320889  0.02531893]
 [ 0.46076023 -0.33759543  0.00902639 -0.32234488  0.54356303  0.507087
   0.4916962  -0.71755731 -0.03420807  0.24595624  0.90566858 -0.70386214]
 [-0.71645549 -0.22629391 -0.64203574  0.88728324 -0.66962497 -0.87028357
   0.01883957 -0.14904287 -0.01633956  0.82990828  0.58321253  0.22580998]
 [ 0.43528478 -0.30183155  0.43740116 -0.5016547   0.83341952  0.60586189
  -0.95017432 -0.39691258  0.71860314  0.33368577  0.54390293  0.60690431]
 [-0.68790441  0.93971478 -0.9922098   0.16252589 -0.24856292 -0.41071739
  -0.41487685 -0.21013436 -0.41789342  0.98092122 -0.78259893 -0.12486821]]

[[-0.10776623 -0.06668382 -0.06340872 -0.17278009 -0.07974719  0.18018192
   0.10038321  0.9608516   0.84128682 -0.62334241  0.55366509 -0.31279085]
 [-0.08864935 -0.05881539 -0.00385755 -0.13439779 -0.06983468  0.12795293
  -0.77743669  0.01493416 -0.79692008  0.69948923  0.38235449  0.76853088]
 [ 0.20447011  0.17482543 -0.46876635  0.2335232   0.20294373 -0.09471376
   0.77391752 -0.83122651 -0.92566161 -0.43313103 -0.79714985 -0.12994753]
 [-0.12989723 -0.0726456  -0.1707313  -0.22335839 -0.0878582   0.2567495
  -0.36856585  0.25423647 -0.31042791  0.3653614  -0.94329371 -0.88102507]
 [-0.10322818 -0.06810976 -0.00910307 -0.15723833 -0.08091515  0.15093008
  -0.15479123 -0.55957396  0.33041272  0.81865992  0.61756845 -0.61508657]
 [ 0.06778979  0.02168096  0.28704111  0.14825162  0.0285002  -0.21703935
  -0.98876617  0.12285755 -0.63436035 -0.73715     0.81555815 -0.04835074]
 [ 0.10038321 -0.77743669  0.77391752 -0.36856585 -0.15479123 -0.98876617
  -0.68487391 -0.28428176  0.44556011 -0.05636    -0.10318061 -0.56371635]
 [ 0.9608516   0.01493416 -0.83122651  0.25423647 -0.55957396  0.12285755
  -0.5743741   0.33151334  0.94898305  0.88857906 -0.39682445  0.60779816]
 [ 0.84128682 -0.79692008 -0.92566161 -0.31042791  0.33041272 -0.63436035
  -0.0975105  -0.27947618  0.26212546 -0.87395385  0.71645375 -0.86570546]
 [-0.62334241  0.69948923 -0.43313103  0.3653614   0.81865992 -0.73715
  -0.14844495 -0.20899811  0.84381363  0.69344173  0.10093475 -0.36382661]
 [ 0.55366509  0.38235449 -0.79714985 -0.94329371  0.61756845  0.81555815
   0.93630684  0.73552608 -0.94863585 -0.52437548  0.41172617  0.43223139]
 [-0.31279085  0.76853088 -0.12994753 -0.88102507 -0.61508657 -0.04835074
   0.0064186   0.99347454  0.22286141  0.81675318 -0.46586555  0.94889059]]

[[ 0.02611915  0.00303382  0.17547274  0.06750648  0.00529422 -0.1108444
  -0.80782656  0.67303715  0.63372865  0.77329891  0.02295874 -0.94435985]
 [ 0.01090473 -0.00251177  0.1193388   0.03556039 -0.00182873 -0.06561055
   0.01569304  0.74389127  0.05602279 -0.61541358 -0.87179371 -0.82689818]
 [ 0.07948366  0.05531128 -0.02796861  0.11547106  0.06536905 -0.10153778
   0.65165954  0.57082832  0.12821984  0.19771244  0.05152277 -0.82550707]
 [ 0.05214025  0.01343271  0.26032766  0.12035862  0.01845395 -0.18352917
   0.75497484 -0.77424926 -0.97304225 -0.11693802 -0.28509234  0.56796256]
 [ 0.01370817 -0.00244682  0.14135183  0.04331495 -0.00153916 -0.07884159
  -0.70190187 -0.1233107   0.47879923  0.36007536 -0.34189885  0.79475974]
 [-0.0705709  -0.02753009 -0.23833209 -0.1446511  -0.03497126  0.2005662
  -0.7688665   0.14869575  0.5245855   0.56316464  0.12122808  0.06875028]
 [-0.80782656  0.01569304  0.65165954  0.75497484 -0.70190187 -0.7688665
  -0.85647243  0.14611578  0.60825203 -0.15744657  0.52402295 -0.38308273]
 [ 0.67303715  0.74389127  0.57082832 -0.77424926 -0.1233107   0.14869575
  -0.90137366 -0.61658369  0.15772957 -0.48609527 -0.84281313  0.45232256]
 [ 0.63372865  0.05602279  0.12821984 -0.97304225  0.47879923  0.5245855
  -0.87370288 -0.4737328  -0.09097333  0.3833299   0.09068941  0.56422437]
 [ 0.77329891 -0.61541358  0.19771244 -0.11693802  0.36007536  0.56316464
  -0.63983887 -0.4544274  -0.65512572 -0.42975345  0.15823953  0.05886214]
 [ 0.02295874 -0.87179371  0.05152277 -0.28509234 -0.34189885  0.12122808
   0.62548403 -0.00393661 -0.31225073  0.17816809 -0.12575283  0.55041006]
 [-0.94435985 -0.82689818 -0.82550707  0.56796256  0.79475974  0.06875028
   0.75392797 -0.95282027 -0.02825333  0.18449044  0.55627531  0.38985847]]

[[-0.01525404 -0.02445018  0.17409316  0.00484958 -0.02733493 -0.05130453
   0.05269229  0.87003947 -0.17785066 -0.77816103 -0.54958221 -0.4837682 ]
 [-0.00191867 -0.00497885  0.0451113   0.0043261  -0.00547302 -0.01619275
   0.39802033 -0.6241313  -0.86885051  0.36443726 -0.25755542  0.02458483]
 [-0.10068802 -0.13817575  0.86604413 -0.01330876 -0.15561567 -0.21986958
  -0.70036694 -0.33097802  0.026168   -0.08712869 -0.00539626 -0.97237522]
 [-0.03913823 -0.05901723  0.40136203  0.00518796 -0.06616243 -0.11262078
  -0.36589738  0.00806376  0.77575733  0.501633    0.39130226  0.75757015]
 [-0.00324892 -0.00724238  0.06189487  0.0050054  -0.00799718 -0.02133878
   0.57382897 -0.29466632 -0.00980262  0.99719906  0.47543461  0.38046635]
 [ 0.06398358  0.0928175  -0.61146102 -0.00132727  0.10424571  0.16536345
  -0.52227553  0.64216044  0.56966459 -0.56186838 -0.1130476   0.40814616]
 [ 0.05269229  0.39802033 -0.70036694 -0.36589738  0.57382897 -0.52227553
  -0.17815931  0.84313702  0.78084062  0.621857   -0.11664214 -0.96617156]
 [ 0.87003947 -0.6241313  -0.33097802  0.00806376 -0.29466632  0.64216044
  -0.91368633  0.65573768 -0.30591494  0.34094377  0.8525826  -0.8003634 ]
 [-0.17785066 -0.86885051  0.026168    0.77575733 -0.00980262  0.56966459
   0.2254461  -0.3570072   0.55539124 -0.04372405 -0.30349809  0.95385265]
 [-0.77816103  0.36443726 -0.08712869  0.501633    0.99719906 -0.56186838
   0.04113013  0.37251171 -0.87572388  0.0001358   0.68896999 -0.1499153 ]
 [-0.54958221 -0.25755542 -0.00539626  0.39130226  0.47543461 -0.1130476
   0.6267876   0.18090263  0.98128268 -0.59928515  0.92563675 -0.34327761]
 [-0.4837682   0.02458483 -0.97237522  0.75757015  0.38046635  0.40814616
  -0.35005831  0.76666378 -0.09203234  0.44963538 -0.50660482  0.08369184]]

[[-0.06072632 -0.02003647 -0.24963719 -0.13160444 -0.02618756  0.19127986
   0.92331976 -0.59427635  0.31358678  0.19623085  0.42227748 -0.77479266]
 [-0.03722675 -0.01187256 -0.15803757 -0.08147782 -0.01561502  0.11935871
   0.68989652 -0.30622046 -0.2562842   0.78474799  0.0433356   0.25468623]
 [-0.03999456 -0.01819983 -0.10338914 -0.07690643 -0.02259619  0.10037465
  -0.26441049 -0.56301115  0.27560887  0.24615875  0.26317261 -0.68782858]
 [-0.09804421 -0.03315041 -0.39327698 -0.21091497 -0.04313678  0.30472768
  -0.73166471 -0.36879549 -0.00158239 -0.98523309 -0.83260848  0.84328829]
 [-0.04456384 -0.0142651  -0.18854453 -0.09743383 -0.01874881  0.14261443
   0.5798393   0.35881632  0.06248467 -0.3774273   0.81721358  0.83524782]
 [ 0.1033215   0.03619001  0.39913695  0.21981698  0.0468005  -0.31470699
  -0.31777406 -0.45145756  0.55042559  0.74934246  0.56496012 -0.54673401]
 [ 0.92331976  0.68989652 -0.26441049 -0.73166471  0.5798393  -0.31777406
  -0.16743247 -0.86941221  0.3661905  -0.40656543 -0.90938541 -0.02514152]
 [-0.59427635 -0.30622046 -0.56301115 -0.36879549  0.35881632 -0.45145756
  -0.02303991  0.27864475  0.83841734  0.46586942  0.41596594  0.9123452 ]
 [ 0.31358678 -0.2562842   0.27560887 -0.00158239  0.06248467  0.55042559
   0.13555995 -0.73675723  0.99765476  0.13522652 -0.4622367   0.30806658]
 [ 0.19623085  0.78474799  0.24615875 -0.98523309 -0.3774273   0.74934246
   0.52538766  0.40747858  0.44216259 -0.02053966 -0.5354504   0.02249751]
 [ 0.42227748  0.0433356   0.26317261 -0.83260848  0.81721358  0.56496012
  -0.54707654 -0.73622169 -0.36319905  0.16942362 -0.4318577   0.20964032]
 [-0.77479266  0.25468623 -0.68782858  0.84328829  0.83524782 -0.54673401
   0.69556516  0.81861768 -0.73883519 -0.0805515  -0.90265828 -0.84670834]]

[[-0.00410357 -0.01485607  0.1477947   0.01746675 -0.01620327 -0.05616123
  -0.78790934 -0.53814018 -0.60364561 -0.0452538   0.10986658  0.57735505]
 [-0.03455217 -0.02912019  0.07406135 -0.04028653 -0.03384258  0.01816697
   0.28570928  0.44719397 -0.57489374 -0.19308248 -0.56180701 -0.80038839]
 [ 0.38799681  0.23428315  0.29905618  0.63339771  0.28091562 -0.67840835
  -0.83449526 -0.6989739   0.86255244 -0.03884974 -0.7113961  -0.65818295]
 [ 0.05591904  0.01508554  0.27091     0.12775522  0.02051756 -0.19335428
   0.66660989  0.2483534  -0.4660591  -0.12768742 -0.80251753 -0.11093735]
 [-0.03725825 -0.03229588  0.09077708 -0.04169435 -0.03744987  0.0150101
   0.42568105  0.98102164  0.27142576 -0.69926892 -0.62251769  0.11983416]
 [-0.15694123 -0.07712519 -0.33609564 -0.29064237 -0.09477056  0.3646708
   0.91298886 -0.98272266  0.23461199  0.8325122   0.17518135 -0.30140493]
 [-0.78790934  0.28570928 -0.83449526  0.66660989  0.42568105  0.91298886
  -0.96035931  0.91883596  0.37926027 -0.94015945 -0.7668737  -0.29290224]
 [-0.53814018  0.44719397 -0.6989739   0.2483534   0.98102164 -0.98272266
  -0.2107971  -0.54945566  0.75055276  0.3825186  -0.66644885  0.70678157]
 [-0.60364561 -0.57489374  0.86255244 -0.4660591   0.27142576  0.23461199
   0.56823002  0.41363021  0.15679289 -0.31446334  0.31816452 -0.40030316]
 [-0.0452538  -0.19308248 -0.03884974 -0.12768742 -0.69926892  0.8325122
  -0.8786801   0.73996463 -0.48117952  0.40242714 -0.69322864  0.87764262]
 [ 0.10986658 -0.56180701 -0.7113961  -0.80251753 -0.62251769  0.17518135
  -0.79198412 -0.5928898  -0.65016912  0.93139502 -0.45146369 -0.61467518]
 [ 0.57735505 -0.80038839 -0.65818295 -0.11093735  0.11983416 -0.30140493
  -0.21863539 -0.24320832  0.20338608 -0.41644601 -0.96016972  0.23510813]]

[[ 0.03901457  0.01280097  0.16125861  0.08469145  0.01674789 -0.12325798
  -0.69886574 -0.34734596  0.00893603  0.47085986 -0.17153777  0.03216707]
 [ 0.03758652  0.01650156  0.10451162  0.07345215  0.02059164 -0.0974139
   0.72257034 -0.69584772  0.36557149  0.43827422  0.69354383  0.63020758]
 [-0.1410115  -0.09711134  0.03722732 -0.20684023 -0.11488467  0.18533667
   0.61031756  0.68351656  0.91832401  0.7134377   0.38687988 -0.41421797]
 [ 0.03630313  0.00377199  0.24931396  0.0946958   0.00688306 -0.15633869
   0.96010865  0.32303377  0.74744358 -0.10529051 -0.85217176  0.68003411]
 [ 0.04324345  0.01864528  0.12438548  0.08517046  0.02332749 -0.11381395
  -0.21268459  0.47379393  0.95854105 -0.71671711 -0.42915978 -0.73629304]
 [ 0.00356348  0.02250166 -0.24542932 -0.03391145  0.02433394  0.09789482
   0.00362137 -0.16742565  0.07287061  0.60425637 -0.00010046  0.21471979]
 [-0.69886574  0.72257034  0.61031756  0.96010865 -0.21268459  0.00362137
   0.72694986 -0.96562646  0.74564059 -0.37241539  0.6250061   0.43629191]
 [-0.34734596 -0.69584772  0.68351656  0.32303377  0.47379393 -0.16742565
   0.68785363  0.48729634  0.41423786  0.2337096   0.09420239  0.21973029]
 [ 0.00893603  0.36557149  0.91832401  0.74744358  0.95854105  0.07287061
   0.6266541  -0.97921673 -0.27751293 -0.11646516 -0.66991001  0.80103599]
 [ 0.47085986  0.43827422  0.7134377  -0.10529051 -0.71671711  0.60425637
   0.95766733  0.18598391 -0.87363629  0.71701676 -0.82858198  0.79410831]
 [-0.17153777  0.69354383  0.38687988 -0.85217176 -0.42915978 -0.00010046
  -0.57765576 -0.97737164  0.1884193  -0.0973354   0.71330369 -0.12492546]
 [ 0.03216707  0.63020758 -0.41421797  0.68003411 -0.73629304  0.21471979
  -0.58681413 -0.17249053 -0.35674354 -0.6497064   0.31942099 -0.46126798]]

[[ 0.19879694  0.14653701 -0.16992691  0.27280096  0.17225813 -0.21201097
   0.39885063 -0.26850758  0.94023145 -0.00260088  0.72621619 -0.47777358]
 [ 0.15181312  0.11347198 -0.14888423  0.20526651  0.1332223  -0.15388294
  -0.78307975 -0.69118197 -0.08329788 -0.12648463  0.5195157   0.5856125 ]
 [-0.2342712  -0.19180374  0.43340107 -0.28415724 -0.22343364  0.15202136
  -0.81891739 -0.28181889  0.37873063  0.67716395  0.18974079  0.68569577]
 [ 0.26250053  0.19043369 -0.18705562  0.3661937   0.22418587 -0.29560857
   0.65558139  0.81581394 -0.05693272 -0.4989237  -0.31955933 -0.86194487]
 [ 0.17789824  0.13280798 -0.17250016  0.24085092  0.15594075 -0.18114854
   0.87725377 -0.43494424 -0.63733621  0.42232263 -0.87489336  0.81517756]
 [-0.18501447 -0.12835649  0.06032412 -0.26954746 -0.15174097  0.23835485
   0.704008    0.7628137  -0.53420209 -0.04373008  0.20769283 -0.44912301]
 [ 0.39885063 -0.78307975 -0.81891739  0.65558139  0.87725377  0.704008
  -0.4622209   0.13065673 -0.54663692 -0.1161338   0.37374681 -0.74391534]
 [-0.26850758 -0.69118197 -0.28181889  0.81581394 -0.43494424  0.7628137
  -0.02516184 -0.58327819  0.70717001 -0.05593951  0.37160701 -0.17178594]
 [ 0.94023145 -0.08329788  0.37873063 -0.05693272 -0.63733621 -0.53420209
   0.95680622  0.53996628  0.83333915  0.62254482  0.74541542  0.4287899 ]
 [-0.00260088 -0.12648463  0.67716395 -0.4989237   0.42232263 -0.04373008
   0.99059051 -0.74714711  0.13416392  0.93518187  0.94384065 -0.70183771]
 [ 0.72621619  0.5195157   0.18974079 -0.31955933 -0.87489336  0.20769283
  -0.43429596  0.76628933  0.41227973 -0.71402611  0.52654267  0.02036445]
 [-0.47777358  0.5856125   0.68569577 -0.86194487  0.81517756 -0.44912301
   0.61930311 -0.83036073  0.72898911 -0.58196699  0.99238056  0.30124123]]

[[-0.10433955 -0.08193378  0.15044586 -0.13337442 -0.09578019  0.08557302
  -0.31279399 -0.08155381 -0.75760875 -0.82477953 -0.13671956  0.27997296]
 [-0.04747535 -0.04372279  0.14701999 -0.04810938 -0.05046748  0.00597305
   0.37012995  0.66727887 -0.28170784  0.18450069 -0.71423025  0.19281025]
 [-0.26978904 -0.13328892 -0.56913839 -0.4982466  -0.16367091  0.62326673
  -0.53351714  0.63086734  0.49332657  0.88848873 -0.48178339  0.71840398]
 [-0.2006469  -0.14498312  0.13592762 -0.28103545 -0.1707423   0.22891222
   0.39291588 -0.59455182  0.3906859  -0.95008539 -0.30176054  0.98477282]
 [-0.05894439 -0.05317344  0.16897749 -0.06190223 -0.0614708   0.01310505
  -0.8233837  -0.95337543  0.57678427 -0.74162356  0.72514139 -0.68148721]
 [ 0.26188818  0.1726872   0.02438879  0.39911826  0.20516692 -0.38345022
  -0.65667388 -0.64954871  0.44446933  0.24295025  0.24339932 -0.33734339]
 [-0.31279399  0.37012995 -0.53351714  0.39291588 -0.8233837  -0.65667388
   0.634938   -0.74518288 -0.98824527 -0.14250545 -0.71295829  0.8078595 ]
 [-0.08155381  0.66727887  0.63086734 -0.59455182 -0.95337543 -0.64954871
  -0.08788968  0.78345498 -0.77677349  0.55233208  0.1817867  -0.46547751]
 [-0.75760875 -0.28170784  0.49332657  0.3906859   0.57678427  0.44446933
   0.31879864  0.62843249  0.47285272 -0.0966426   0.64159969  0.87741003]
 [-0.82477953  0.18450069  0.88848873 -0.95008539 -0.74162356  0.24295025
   0.47323271 -0.00112411  0.79762388  0.2670979   0.52095044  0.55303374]
 [-0.13671956 -0.71423025 -0.48178339 -0.30176054  0.72514139  0.24339932
   0.00286496  0.94247114  0.50556231 -0.33282872 -0.23025349 -0.94268551]
 [ 0.27997296  0.19281025  0.71840398  0.98477282 -0.68148721 -0.33734339
  -0.58248635  0.63971628 -0.24635816 -0.52491073  0.13727026 -0.80968396]]

[[ 0.05562601  0.01332532  0.28999287  0.13036785  0.01861288 -0.20094315
   0.71275937 -0.24780418  0.20086563 -0.39135092  0.64611294 -0.93095311]
 [ 0.0303584   0.00430819  0.19441624  0.07693644  0.00698942 -0.12483377
   0.44451161 -0.54760197  0.16587004 -0.97590333 -0.72578852 -0.02146296]
 [ 0.0822674   0.05585731 -0.01198264  0.12223108  0.06617135 -0.11221203
  -0.07781344 -0.17228376 -0.70920587 -0.14103061 -0.09678853  0.92191656]
 [ 0.09711452  0.02905098  0.43570845  0.21630454  0.03868152 -0.32120547
  -0.6268811   0.72299689 -0.25697096  0.00621117 -0.02275916  0.36515421]
 [ 0.03682111  0.00565184  0.23060211  0.09248203  0.00893327 -0.14922606
  -0.68896175 -0.74452259 -0.23469996  0.49037459  0.8800823   0.00753366]
 [-0.11378916 -0.04242563 -0.40824218 -0.23707127 -0.05428835  0.33344471
  -0.63288875 -0.50791648 -0.50751384  0.47511844 -0.32732394  0.62771137]
 [ 0.71275937  0.44451161 -0.07781344 -0.6268811  -0.68896175 -0.63288875
  -0.39800672 -0.76886635  0.2731018   0.20556068  0.92320546 -0.84248746]
 [-0.24780418 -0.54760197 -0.17228376  0.72299689 -0.74452259 -0.50791648
  -0.23267719  0.48416537  0.86132319 -0.76726832 -0.79744673  0.55706758]
 [ 0.20086563  0.16587004 -0.70920587 -0.25697096 -0.23469996 -0.50751384
  -0.19146687 -0.85569795 -0.63673283 -0.46576909  0.70093417 -0.74849169]
 [-0.39135092 -0.97590333 -0.14103061  0.00621117  0.49037459  0.47511844
  -0.16862001  0.10458894 -0.37007846 -0.07678236  0.99141238  0.11533559]
 [ 0.64611294 -0.72578852 -0.09678853 -0.02275916  0.8800823  -0.32732394
  -0.92280402 -0.2990869   0.68656884 -0.30973602 -0.85798211  0.58524068]
 [-0.93095311 -0.02146296  0.92191656  0.36515421  0.00753366  0.62771137
  -0.84209419 -0.56484923  0.51096289  0.65929076  0.57025858 -0.3230959 ]]

[[ 0.07117844  0.00630652  0.50210438  0.1877934   0.01233115 -0.31210118
   0.9545473  -0.16126597 -0.99786162 -0.44377635 -0.25899451 -0.3824131 ]
 [ 0.05247827  0.00627257  0.35039825  0.1352875   0.01082636 -0.22180119
   0.25671824  0.83808859 -0.0393131   0.83888617  0.17157272  0.69966351]
 [-0.06097928 -0.02519493 -0.18878532 -0.12224483 -0.03172179  0.16610915
   0.82663531  0.47751648 -0.46414909  0.36365955 -0.60336962 -0.16337198]
 [ 0.09765325  0.00548386  0.72750167  0.26382868  0.01353075 -0.44439895
   0.43190204  0.07109136 -0.33350072 -0.07725096  0.85045875 -0.07284283]
 [ 0.06168839  0.00720057  0.41400244  0.15936839  0.01254164 -0.26161254
  -0.61744227  0.44361706  0.50021907 -0.63582366  0.50785848 -0.28455672]
 [-0.07585192  0.00158342 -0.63634296 -0.21633545 -0.00426386  0.37508296
   0.00314505  0.57887928 -0.16011909 -0.61728315 -0.34434768  0.77600368]
 [ 0.9545473   0.25671824  0.82663531  0.43190204 -0.61744227  0.00314505
   0.78726444 -0.62554578  0.36899086 -0.78902066  0.14915544 -0.46344015]
 [-0.16126597  0.83808859  0.47751648  0.07109136  0.44361706  0.57887928
   0.49206479  0.01453156 -0.91867025  0.50127945 -0.80172184  0.31787333]
 [-0.99786162 -0.0393131  -0.46414909 -0.33350072  0.50021907 -0.16011909
  -0.42175034  0.0996868   0.09203859 -0.36053848  0.53429043  0.04251025]
 [-0.44377635  0.83888617  0.36365955 -0.07725096 -0.63582366 -0.61728315
   0.48018403  0.20691089  0.8587139  -0.62648505 -0.67638802  0.6992419 ]
 [-0.25899451  0.17157272 -0.60336962  0.85045875  0.50785848 -0.34434768
  -0.38767199  0.69398376 -0.5926012   0.02937894  0.63916505 -0.80868156]
 [-0.3824131   0.69966351 -0.16337198 -0.07284283 -0.28455672  0.77600368
   0.63708401 -0.15088554  0.28337972  0.00099782 -0.61695105  0.28979901]]

[[ 0.05898419  0.04798854 -0.10542161  0.07213651  0.0559313  -0.03982749
  -0.34865133  0.75859422 -0.18580389 -0.56119087  0.09115912 -0.85416447]
 [-0.00703486 -0.00320853 -0.01809711 -0.0135133  -0.00398233  0.01761828
  -0.94681896  0.78955861 -0.49920427  0.42352015  0.4537724  -0.93540412]
 [ 0.56561155  0.42950154 -0.63687118  0.75160905  0.50355035 -0.53884681
   0.2598937   0.52762569  0.34709938  0.08146661  0.60063674  0.55723627]
 [ 0.17955755  0.14117516 -0.26104346  0.22918069  0.1650155  -0.1463637
  -0.64283901 -0.32270498  0.64973799  0.31227215  0.20403329 -0.30950218]
 [-0.00288828  0.00033857 -0.02762425 -0.00878086  0.00013512  0.01570621
   0.2656643  -0.34157881 -0.83611728 -0.44357844 -0.80259039 -0.3090338 ]
 [-0.3213684  -0.2485917   0.41744443 -0.41814954 -0.29097912  0.28283864
  -0.17732406  0.73999126  0.14778738 -0.32921983  0.84870988  0.9058204 ]
 [-0.34865133 -0.94681896  0.2598937  -0.64283901  0.2656643  -0.17732406
   0.82847954 -0.17866077 -0.46047365  0.72764385  0.435551    0.65498629]
 [ 0.75859422  0.78955861  0.52762569 -0.32270498 -0.34157881  0.73999126
   0.37133905  0.41067017  0.35816256 -0.80430033  0.74087881  0.25538053]
 [-0.18580389 -0.49920427  0.34709938  0.64973799 -0.83611728  0.14778738
   0.06803916  0.52168429 -0.68355917  0.46155402  0.17672114  0.533974  ]
 [-0.56119087  0.42352015  0.08146661  0.31227215 -0.44357844 -0.32921983
  -0.61507485 -0.28157775  0.07350425 -0.1397197   0.05107481 -0.43140417]
 [ 0.09115912  0.4537724   0.60063674  0.20403329 -0.80259039  0.84870988
  -0.64402491 -0.03130644  0.23042441 -0.19914958 -0.6363633   0.36159494]
 [-0.85416447 -0.93540412  0.55723627 -0.30950218 -0.3090338   0.9058204
   0.86261684  0.43427575  0.50600409 -0.88352963 -0.10282023  0.61592512]]

[[ 0.10764711  0.06147972  0.12590588  0.18260507  0.0741747  -0.20623369
  -0.94102924 -0.09795688  0.32805488 -0.29231275  0.23595327  0.52013512]
 [ 0.08810978  0.04972567  0.11032121  0.15062655  0.06007547 -0.17185223
  -0.33579316 -0.34943052  0.46632695  0.39953822 -0.53972934 -0.24109537]
 [-0.19885878 -0.10630626 -0.32120689 -0.35151649 -0.12925662  0.41816084
  -0.43072853  0.50323326  0.86815646 -0.37506196 -0.56689109 -0.52179098]
 [ 0.13061575  0.07576088  0.1385841   0.21929649  0.09124484 -0.24428568
   0.21803697 -0.16664117  0.69109988  0.27869803 -0.4697182  -0.63459734]
 [ 0.10264202  0.05798425  0.1278197   0.17535829  0.07004503 -0.1999039
  -0.7795856   0.36179991 -0.22922382 -0.13882897  0.64591476  0.86948222]
 [-0.06997435 -0.04301271 -0.04466219 -0.11274756 -0.05147523  0.11845925
   0.28327782 -0.83751871 -0.16854708  0.37989706  0.6755175   0.40628455]
 [-0.94102924 -0.33579316 -0.43072853  0.21803697 -0.7795856   0.28327782
   0.93680181  0.81229249 -0.3404293   0.69496929  0.06739141 -0.16482143]
 [-0.09795688 -0.34943052  0.50323326 -0.16664117  0.36179991 -0.83751871
  -0.78324045  0.80944113  0.73497047 -0.47773388  0.21178643 -0.9984865 ]
 [ 0.32805488  0.46632695  0.86815646  0.69109988 -0.22922382 -0.16854708
  -0.96718082  0.40556711 -0.01534654 -0.51416869  0.8705983  -0.84272313]
 [-0.29231275  0.39953822 -0.37506196  0.27869803 -0.13882897  0.37989706
  -0.70846768 -0.3201491   0.69736775 -0.00815768  0.09426589  0.37290833]
 [ 0.23595327 -0.53972934 -0.56689109 -0.4697182   0.64591476  0.6755175
  -0.72081206 -0.18973992  0.77046396 -0.35446355  0.74412616 -0.39192749]
 [ 0.52013512 -0.24109537 -0.52179098 -0.63459734  0.86948222  0.40628455
  -0.74944019  0.01791922 -0.95802553 -0.57679917 -0.6344818   0.50726249]]

[[ 0.16008506  0.10908732 -0.02812176  0.23708168  0.12918472 -0.21633881
  -0.90307885 -0.40144617  0.35887913  0.74022687  0.48439016  0.29954929]
 [ 0.12814991  0.09050841 -0.06132692  0.18357293  0.10681618 -0.15689627
   0.53942847 -0.53965977 -0.71473052 -0.56841053  0.24752814  0.43177619]
 [-0.26059793 -0.21639529  0.51914528 -0.31016056 -0.25178921  0.15356451
  -0.95211188  0.21125569 -0.52372187 -0.51771138  0.02502622 -0.31455792]
 [ 0.19986619  0.12998187  0.04066796  0.30812723  0.15464477 -0.30189265
   0.00388686 -0.9123671   0.94356497 -0.42657033 -0.6914603  -0.21574173]
 [ 0.14956247  0.10531923 -0.06776636  0.21485567  0.12433033 -0.18470962
   0.01672201  0.18526482 -0.23430198 -0.17002211 -0.02036358 -0.41973228]
 [-0.11880034 -0.06466912 -0.17773792 -0.20773377 -0.07845998  0.24387501
   0.96702062  0.41629018  0.11031377 -0.18405349  0.870126   -0.7708233 ]
 [-0.90307885  0.53942847 -0.95211188  0.00388686  0.01672201  0.96702062
   0.31409065 -0.61010095  0.63195228 -0.85315456 -0.2080994  -0.67264431]
 [-0.40144617 -0.53965977  0.21125569 -0.9123671   0.18526482  0.41629018
  -0.87699814 -0.93823986  0.7764921  -0.55491421 -0.88198353 -0.98149297]
 [ 0.35887913 -0.71473052 -0.52372187  0.94356497 -0.23430198  0.11031377
  -0.39883281 -0.98068849  0.54096815 -0.94384895 -0.42973206  0.57369258]
 [ 0.74022687 -0.56841053 -0.51771138 -0.42657033 -0.17002211 -0.18405349
  -0.66726502 -0.11547198 -0.97182383 -0.10634655  0.2088023  -0.26864378]
 [ 0.48439016  0.24752814  0.02502622 -0.6914603  -0.02036358  0.870126
   0.948386   -0.17955002 -0.74007541 -0.84778867 -0.8185231   0.40165119]
 [ 0.29954929  0.43177619 -0.31455792 -0.21574173 -0.41973228 -0.7708233
   0.46904061 -0.43858876 -0.89576068  0.41256915  0.67339965 -0.54371961]]

[[ 0.01962072  0.00044241  0.15421328  0.05429645  0.00201371 -0.09266378
  -0.44224843  0.33805674 -0.39661314 -0.25838523  0.44641917 -0.61546179]
 [ 0.02868879  0.01517756  0.04827789  0.05102256  0.01847758 -0.0611401
  -0.26394554 -0.04551894 -0.89221407  0.25124764 -0.06678887  0.39608151]
 [-0.19026308 -0.18149786  0.66570936 -0.1805562  -0.20896085 -0.00816279
  -0.69972114 -0.64474342  0.73554682  0.32792906  0.47209197 -0.12516649]
 [-0.00084838 -0.0283871   0.33929121  0.05303449 -0.03041221 -0.14114513
  -0.39846448  0.31959128  0.45259471  0.77373538 -0.90744807  0.62430088]
 [ 0.03220887  0.01625944  0.06371881  0.05880654  0.01991052 -0.07263503
  -0.61336106 -0.39026321 -0.84498948  0.39725934 -0.54225103 -0.99593864]
 [ 0.05186587  0.07551937 -0.49907702 -0.00162326  0.08480257  0.13548022
  -0.6199321  -0.82061571 -0.26905422 -0.69988076  0.62393887  0.48561472]
 [-0.44224843 -0.26394554 -0.69972114 -0.39846448 -0.61336106 -0.6199321
   0.35020129 -0.20380764 -0.90619658  0.65213289  0.48727455  0.78913966]
 [ 0.33805674 -0.04551894 -0.64474342  0.31959128 -0.39026321 -0.82061571
  -0.73976631 -0.11220879  0.93084172  0.25595486 -0.64076198 -0.24269013]
 [-0.39661314 -0.89221407  0.73554682  0.45259471 -0.84498948 -0.26905422
   0.93077147 -0.61089825 -0.62517128  0.83325164  0.72079582 -0.23017133]
 [-0.25838523  0.25124764  0.32792906  0.77373538  0.39725934 -0.69988076
  -0.01509215 -0.92863675 -0.19436766  0.264877    0.79908729  0.06545282]
 [ 0.44641917 -0.06678887  0.47209197 -0.90744807 -0.54225103  0.62393887
   0.12933361  0.10635032 -0.7581449   0.99726177  0.78990867 -0.87788357]
 [-0.61546179  0.39608151 -0.12516649  0.62430088 -0.99593864  0.48561472
   0.90138729  0.34423651 -0.85618243 -0.74082465  0.62718754  0.28157779]]

[[-0.01107192 -0.01630256  0.10874974  0.00070042 -0.01829677 -0.02984878
  -0.18772936  0.59051336  0.92548131 -0.15077532 -0.88201958  0.66279038]
 [-0.02075961 -0.02354841  0.1183095  -0.01238886 -0.02680328 -0.02005376
   0.82561798 -0.40542742  0.62035532  0.93112884 -0.29697054  0.72740122]
 [ 0.16310533  0.15456626 -0.55818741  0.15678502  0.17803853  0.00175311
  -0.5859768  -0.86884984  0.37060187 -0.70563823  0.37161795  0.59072884]
 [ 0.00940183  0.00014134  0.07475729  0.02615562  0.0008894  -0.04476399
  -0.56512582  0.02195093  0.92613825 -0.72254844 -0.9930474   0.14539937]
 [-0.02306132 -0.02645328  0.13501188 -0.0131886  -0.03008932 -0.02378128
   0.63001924 -0.35124641 -0.40375171  0.33644572 -0.087101    0.86927497]
 [-0.05265439 -0.04161752  0.07921542 -0.06677941 -0.04862367  0.04180204
   0.26200923 -0.13373444 -0.50101611  0.27897025  0.55127895 -0.98164698]
 [-0.18772936  0.82561798 -0.5859768  -0.56512582  0.63001924  0.26200923
   0.21720043  0.11703724 -0.27262008 -0.62936213  0.15128878  0.12669657]
 [ 0.59051336 -0.40542742 -0.86884984  0.02195093 -0.35124641 -0.13373444
  -0.66409018 -0.60898599 -0.33072091 -0.9439467   0.14658734 -0.91129437]
 [ 0.92548131  0.62035532  0.37060187  0.92613825 -0.40375171 -0.50101611
   0.47570368 -0.12442946 -0.32361733 -0.53807048  0.72219449  0.47707149]
 [-0.15077532  0.93112884 -0.70563823 -0.72254844  0.33644572  0.27897025
   0.33723489 -0.08356949  0.10470871 -0.36272841  0.00935927 -0.28710711]
 [-0.88201958 -0.29697054  0.37161795 -0.9930474  -0.087101    0.55127895
   0.7767415   0.38214652 -0.50836612  0.39795593  0.9171147   0.69319391]
 [ 0.66279038  0.72740122  0.59072884  0.14539937  0.86927497 -0.98164698
   0.9291775   0.8293587  -0.15880484 -0.01980151  0.04070675  0.20568925]]

[[ 0.05707209  0.05967453 -0.26349151  0.04394666  0.06827338  0.02921778
   0.47402943  0.64688827  0.15330303  0.03592684 -0.59878335 -0.6252817 ]
 [ 0.03558177  0.03997662 -0.19808455  0.02198628  0.04552887  0.03240133
   0.69841429 -0.55396043  0.08197425  0.06789011 -0.01241915 -0.89089123]
 [ 0.03032971 -0.00209724  0.27229974  0.08936098  0.00013981 -0.15746994
   0.59417952  0.94173807  0.73522673  0.39236807  0.33455949  0.2113087 ]
 [ 0.09098245  0.08971877 -0.35404304  0.08062484  0.10305338  0.01888413
   0.93189485 -0.8681339   0.05212671  0.85903478  0.45663149 -0.96939345]
 [ 0.04251841  0.04742083 -0.2324424   0.02695422  0.05403141  0.0369312
  -0.58891804  0.31469165 -0.29598243 -0.51301377  0.38864928 -0.22934045]
 [-0.09405883 -0.08416241  0.26125551 -0.10012109 -0.09735525  0.02443027
  -0.17734654  0.15345632 -0.82127341  0.81803334 -0.1528593   0.15695642]
 [ 0.47402943  0.69841429  0.59417952  0.93189485 -0.58891804 -0.17734654
  -0.37928469 -0.35519061 -0.23750718 -0.70054223 -0.44755127 -0.64768855]
 [ 0.64688827 -0.55396043  0.94173807 -0.8681339   0.31469165  0.15345632
  -0.75190466  0.67489875  0.23183991 -0.65403246 -0.95961726  0.10258211]
 [ 0.15330303  0.08197425  0.73522673  0.05212671 -0.29598243 -0.82127341
  -0.40906698  0.71793474 -0.03420978  0.48689346 -0.36520032 -0.80404587]
 [ 0.03592684  0.06789011  0.39236807  0.85903478 -0.51301377  0.81803334
  -0.50999028  0.47166463 -0.52311497 -0.4042839  -0.86734467  0.08345176]
 [-0.59878335 -0.01241915  0.33455949  0.45663149  0.38864928 -0.1528593
  -0.35186103  0.42131621 -0.05937326 -0.10511789 -0.33185892 -0.32413727]
 [-0.6252817  -0.89089123  0.2113087  -0.96939345 -0.22934045  0.15695642
  -0.8181813  -0.04887215 -0.9730908  -0.67593517  0.44612475 -0.07307995]]

[[ 0.23754487  0.1611947  -0.03348081  0.35311797  0.19096989 -0.32447854
  -0.55302008  0.66615779  0.69563724  0.21672857  0.16979022 -0.42735832]
 [ 0.19131675  0.13341782 -0.07078199  0.27738408  0.15764641 -0.24294851
   0.77126444  0.18813474 -0.62330651 -0.25358145  0.4021034  -0.40317763]
 [-0.40083173 -0.31581575  0.59085956 -0.5103064  -0.36908124  0.32332342
   0.54840188 -0.51646786  0.15020055 -0.80448796 -0.10159436  0.69983848]
 [ 0.29431131  0.19270131  0.04406089  0.45119701  0.22910798 -0.43791021
  -0.2926574  -0.266562   -0.71437775  0.61154866  0.74391352  0.13247975]
 [ 0.22317013  0.15528097 -0.07829459  0.3242512   0.18351934 -0.28519084
  -0.4983473   0.02772903 -0.29696883 -0.22301469 -0.76524642  0.22960707]
 [-0.17035157 -0.09721432 -0.20018941 -0.28912356 -0.11729878  0.32676063
   0.77275433  0.34542359  0.16280245  0.48636333  0.02899205  0.21275687]
 [-0.55302008  0.77126444  0.54840188 -0.2926574  -0.4983473   0.77275433
  -0.68911593  0.24100153  0.65947326 -0.18730445  0.18965283 -0.95023952]
 [ 0.66615779  0.18813474 -0.51646786 -0.266562    0.02772903  0.34542359
   0.40682857  0.76149544  0.97323673  0.86858738  0.5456097   0.95945385]
 [ 0.69563724 -0.62330651  0.15020055 -0.71437775 -0.29696883  0.16280245
   0.45444775  0.31069244 -0.82353344  0.97401578  0.38230017  0.90220426]
 [ 0.21672857 -0.25358145 -0.80448796  0.61154866 -0.22301469  0.48636333
  -0.4513773   0.51473172  0.44979744 -0.99841592 -0.94030103  0.40586851]
 [ 0.16979022  0.4021034  -0.10159436  0.74391352 -0.76524642  0.02899205
   0.15843111  0.51411905  0.85106627  0.23499721 -0.77219368 -0.06035618]
 [-0.42735832 -0.40317763  0.69983848  0.13247975  0.22960707  0.21275687
  -0.68637883  0.37795653 -0.05849644 -0.90512164 -0.52834818  0.20212211]]
