A: 
[[ 0.85419113 -1.23259952  0.22919004 -0.00312153  0.14481246 -0.28825464
   0.46684409 -0.16297946  0.68064748  0.09443264  0.12327713  0.83673822]
 [-0.54503263 -0.75349286 -0.18389999  0.2678439   0.03050526  0.56669835
  -0.23553247 -0.29952581 -0.91905627 -0.93381911 -0.47296714  0.10375028]
 [-0.63031767  0.59930801  0.72887184  1.2296779   0.13662295  0.54666529
  -0.28971307 -0.25980731 -0.75748374 -0.00160086  0.1073655  -0.73948774]
 [ 0.43161334 -0.06330455  0.01562161 -1.0065637  -0.39471886 -0.8727204
  -0.0391255   0.44724576  0.84386298  0.21109711 -0.76986482  0.69745574]
 [-0.52476499  0.48119912 -0.72928263 -0.1484197   0.237132    0.51239898
  -0.10275802  0.12936022 -0.52169433  0.46267517  0.70974187  0.61965104]
 [-0.22334297  0.08868011 -0.50599183 -0.64090365  0.74534564  0.08001398
  -0.05315076  1.14640313  0.02315052 -0.69022993 -0.9881238  -0.53583134]
 [-0.15333483 -1.09611664  0.1917814   0.10496546 -0.15584179  0.10425246
  -0.17669399 -0.25024167  0.1123866  -0.09172094 -0.97881425 -0.1850098 ]
 [-0.12551703 -0.3736805   0.84064616  0.49808031  0.28010647 -0.04394011
  -0.19394356  0.37679629 -0.25760435  0.28173069  0.87005597  0.40370497]
 [ 0.28969777  0.00434131  0.00539757 -0.59338605 -0.31083084 -0.5424179
  -0.00797988  0.17402924  0.20982829 -0.67662975 -0.41804064  0.00124762]
 [ 0.54925279 -0.60179277 -0.06896141  0.24073256  0.82091452  0.19802691
   0.52771096  0.28881489  0.47303552 -0.91931368 -0.75736897  0.43938156]] 
x segnato:[[-0.19053433]
 [ 0.19692585]
 [ 0.57014421]
 [ 0.37419975]
 [ 0.73680713]
 [ 0.89737518]
 [ 0.54723633]
 [ 0.99100528]
 [ 0.        ]
 [ 0.        ]
 [ 0.        ]
 [ 0.        ]]
Matrici Hi 

[[-0.50244195 -0.6101114  -0.50871104 -0.45224214 -0.4463408   0.18504511
  -0.34753644 -0.30198081 -0.62833765 -0.8257488   0.52347803  0.83792425]
 [ 0.15275359 -0.13485671 -0.00632123  0.42147682  0.10898969  0.25290212
   0.22052146 -0.38338076  0.878785    0.14322967  0.38267227  0.52700983]
 [ 0.22013424  0.20171963  0.43051839 -0.44066113  0.00398106 -0.64025506
  -0.1055242   0.70638096 -0.67521584 -0.64060754  0.59190469  0.35016969]
 [-0.09085829  0.04432199  0.04015188  0.27936855  0.06346872  0.19488921
   0.01008438 -0.14621042 -0.59971729  0.43090476  0.8210019  -0.78246996]
 [ 0.12350356 -0.13648009 -0.3785963   0.4294946   0.479055    0.55008878
   0.36919481 -0.25995809 -0.32637246  0.28965499  0.541167    0.99788769]
 [-0.00329037  0.12257293 -0.10621074  0.62931422  0.26713285  0.50039133
   0.23143769 -0.40375791 -0.75710794  0.1350558   0.23447117 -0.86256472]
 [-0.39892159 -0.46615113 -0.50259783 -0.01463511 -0.21000924  0.44920316
  -0.13642475 -0.49968215 -0.58843742 -0.80395139  0.25477325 -0.6393992 ]
 [ 0.5688767   0.14121227  0.04105534  0.07487222  0.60684537 -0.09782929
   0.45175007  0.41808057 -0.70642501 -0.36258833 -0.05194717 -0.22623728]
 [-0.62833765  0.878785   -0.67521584 -0.59971729 -0.32637246 -0.75710794
  -0.58843742 -0.70642501 -0.18551492  0.1895874  -0.14926452 -0.44021016]
 [-0.8257488   0.14322967 -0.64060754  0.43090476  0.28965499  0.1350558
  -0.80395139 -0.36258833  0.77106667  0.95577217  0.17056736 -0.43667248]
 [ 0.52347803  0.38267227  0.59190469  0.8210019   0.541167    0.23447117
   0.25477325 -0.05194717  0.44426843  0.0756025  -0.89511863 -0.27935753]
 [ 0.83792425  0.52700983  0.35016969 -0.78246996  0.99788769 -0.86256472
  -0.6393992  -0.22623728 -0.6616525  -0.57547663  0.56284769  0.67608353]]

[[ 0.11352024  0.43455508  0.11602596 -0.13482879  0.48284792 -0.16499946
   0.07095154  0.75011852  0.56604406 -0.50033335 -0.67002219 -0.58278119]
 [ 0.93200069 -0.74428076 -0.13625773 -0.06581783  0.64105073 -0.11246465
   0.69056121  0.20772889 -0.39618266 -0.03197882  0.82075751 -0.00996217]
 [-0.34533525 -0.14514295 -0.26349236  0.17686775  0.269928    0.45547172
  -0.06162193  0.01200633 -0.80640316  0.93784705 -0.65495144  0.86709198]
 [-0.18278692 -0.31974367  0.39641621  0.12651697 -0.1113196  -0.07010837
  -0.23282651  0.05097705  0.8036594  -0.13306657  0.03484547  0.79788078]
 [-0.16057856  0.18798866  0.54488669  0.11909045 -0.08205416 -0.22168528
  -0.25308179  0.2659998  -0.77013223  0.40413969 -0.25101562 -0.21657415]
 [-0.08315458 -0.1652199   0.47412871  0.05253858 -0.49030553 -0.27918603
  -0.25669799 -0.22505808  0.11957977 -0.34047527 -0.51589663  0.4257872 ]
 [ 0.13681061  0.25037749  0.32716521 -0.09720078  0.19964206 -0.3005476
  -0.01136763  0.53046031  0.60965531  0.00414164 -0.09706994  0.91946959]
 [-0.12357206  0.14938683 -0.07400034  0.15892618  0.15422721  0.20005612
   0.00795802  0.01489367  0.64626336 -0.71774902  0.92501709  0.34518388]
 [ 0.56604406 -0.39618266 -0.80640316  0.8036594  -0.77013223  0.11957977
   0.60965531  0.64626336  0.55438223  0.03507707  0.97079577 -0.48679003]
 [-0.50033335 -0.03197882  0.93784705 -0.13306657  0.40413969 -0.34047527
   0.00414164 -0.71774902  0.7428474   0.3223086   0.42452122  0.99188301]
 [-0.67002219  0.82075751 -0.65495144  0.03484547 -0.25101562 -0.51589663
  -0.09706994  0.92501709  0.67979953 -0.8390063  -0.8809941   0.11329016]
 [-0.58278119 -0.00996217  0.86709198  0.79788078 -0.21657415  0.4257872
   0.91946959  0.34518388  0.24770401 -0.56165789  0.09315313 -0.65412602]]

[[-0.11507734 -0.42072772 -0.5409539  -0.21306586 -0.39891873  0.20505204
  -0.01544085 -0.61481565  0.10338404  0.17910076  0.68680782 -0.98269502]
 [ 0.17045889  0.45933187  0.02744909  0.36320726 -0.03353962  0.10033999
   0.20132744 -0.3634012  -0.40980694 -0.31830186 -0.37729056  0.90355323]
 [-0.68216654 -0.18378199 -0.55844169 -0.47508463 -0.5351448   0.20353396
  -0.45497475 -0.280182    0.3970474  -0.93875727 -0.2507505   0.12503178]
 [-0.13417647 -0.07565842  0.18102367 -0.3367661  -0.29550366 -0.31602124
  -0.27047736  0.18929777 -0.05330563 -0.54954967 -0.33112214  0.20386416]
 [-0.15118273 -0.32881062 -0.33197375 -0.17909504  0.00056853  0.17194856
  -0.04481444 -0.05692318  0.75720717 -0.70192757  0.90130058 -0.73787382]
 [ 0.31545272  0.1080222   0.58573203  0.07200206  0.27454799 -0.38130458
   0.07106769  0.54118579  0.56604404  0.36602349  0.61465608  0.85681276]
 [ 0.09433446 -0.26275284 -0.16353431 -0.08692874 -0.16303295  0.00856416
   0.06435335 -0.27234039 -0.10970452  0.90612569 -0.65111446 -0.86114776]
 [-0.44307163 -0.1848367  -0.73684697 -0.06014573  0.0443428   0.58551301
  -0.06364502 -0.29651683 -0.48039332  0.35290643  0.0733287   0.99741331]
 [ 0.10338404 -0.40980694  0.3970474  -0.05330563  0.75720717  0.56604404
  -0.10970452 -0.48039332 -0.66786719 -0.58574795 -0.01272432 -0.31580648]
 [ 0.17910076 -0.31830186 -0.93875727 -0.54954967 -0.70192757  0.36602349
   0.90612569  0.35290643 -0.84679712  0.75217819  0.36278344 -0.09375957]
 [ 0.68680782 -0.37729056 -0.2507505  -0.33112214  0.90130058  0.61465608
  -0.65111446  0.0733287   0.5091965  -0.41240318  0.76195099 -0.79322115]
 [-0.98269502  0.90355323  0.12503178  0.20386416 -0.73787382  0.85681276
  -0.86114776  0.99741331 -0.84279863 -0.12894483  0.35799606 -0.17282521]]

[[-0.21445652 -0.34716725  0.15884459  0.35140807  0.50263553  0.33100604
  -0.04260308  0.30516514  0.40951673 -0.3049689   0.87099484 -0.61330541]
 [-0.04242277 -0.57782547  0.47691797  0.63531232 -0.14692268  0.18192475
  -0.0462171  -0.52370448  0.20107526 -0.77337002  0.58457321 -0.59360862]
 [ 0.07714704  0.82927361 -0.41364348 -0.39861607 -0.34124424 -0.1871704
   0.05433839 -0.14921729 -0.35330466 -0.99963795 -0.3261058  -0.36384464]
 [-0.05424402  0.6891582   0.70273657  0.53103895 -0.15871411 -0.15555169
  -0.12662237 -0.07025688  0.92773848 -0.43478612  0.26834699  0.29921817]
 [-0.04992133  0.23629925  0.53455096  0.90602922  0.83562581  0.39743616
   0.141678    0.40207684 -0.57111437  0.98115831  0.75875907 -0.09452924]
 [-0.00650399  0.18150187  0.67611975  0.53045334  0.07106474 -0.0640298
  -0.07002064  0.05598959 -0.57177273  0.0230049  -0.9249752  -0.43705455]
 [-0.18411926 -0.2934599   0.49467438  0.61926715  0.49304752  0.28647903
  -0.06103983  0.26477699  0.02787036  0.44943298  0.8983376  -0.82991015]
 [ 0.12241273  0.17541066 -0.41560763  0.1136506   0.59559495  0.3536873
   0.31979719  0.19918465  0.70481813 -0.49330431  0.32593093  0.94821032]
 [ 0.40951673  0.20107526 -0.35330466  0.92773848 -0.57111437 -0.57177273
   0.02787036  0.70481813 -0.79973071  0.81819836 -0.76752591 -0.0122917 ]
 [-0.3049689  -0.77337002 -0.99963795 -0.43478612  0.98115831  0.0230049
   0.44943298 -0.49330431 -0.33209689 -0.35635448 -0.48230136  0.69256891]
 [ 0.87099484  0.58457321 -0.3261058   0.26834699  0.75875907 -0.9249752
   0.8983376   0.32593093  0.07669276 -0.5232067   0.5800507   0.74245342]
 [-0.61330541 -0.59360862 -0.36384464  0.29921817 -0.09452924 -0.43705455
  -0.82991015  0.94821032 -0.75961213 -0.29150408  0.00885154  0.25194729]]

[[-0.02851376 -0.09054525  0.36483566 -0.05334532 -0.68856372 -0.34335725
  -0.23713282 -0.41077714  0.37617818 -0.92825474 -0.83292268  0.62625765]
 [-0.40381922  0.0174382   0.22399532  0.90059729  0.28410072  0.6393012
  -0.0620625  -0.30341079  0.10323163  0.73088998 -0.88310115  0.24736242]
 [-0.39655065 -0.8320824   0.1317273  -0.93182595 -0.80368172 -0.5761579
  -0.65853845  0.18768142  0.58099481 -0.9927624  -0.23783492 -0.79222426]
 [ 0.12454564 -0.26737351  0.19339481 -0.36662169 -0.07012455 -0.37826125
  -0.09160136  0.34596395 -0.79864359 -0.79145472  0.12219883 -0.58629306]
 [-0.34835475 -0.66249478  0.23546413  0.27284728 -0.04460417  0.22807583
  -0.24919466 -0.13719102  0.59038888 -0.84401007 -0.12715517  0.47923073]
 [ 0.31238189  0.24210437 -0.07129159  0.28067113  0.64155827  0.18897936
   0.38251853  0.27154021 -0.04788098  0.61936713 -0.34966167 -0.73629999]
 [ 0.08845783  0.05623665  0.2774642   0.22286477 -0.2037054  -0.09225103
   0.00179515 -0.25873519 -0.879445    0.77113846 -0.89849805  0.47376299]
 [-0.82257857 -0.98242649  0.05844375  0.14682343 -0.2710329   0.42126484
  -0.56612054 -0.26361723  0.46528009  0.59539023  0.96453922  0.20200299]
 [ 0.37617818  0.10323163  0.58099481 -0.79864359  0.59038888 -0.04788098
  -0.879445    0.46528009 -0.57140384 -0.92683423 -0.10135331 -0.01999763]
 [-0.92825474  0.73088998 -0.9927624  -0.79145472 -0.84401007  0.61936713
   0.77113846  0.59539023  0.94520603 -0.38255863  0.11701308  0.8191516 ]
 [-0.83292268 -0.88310115 -0.23783492  0.12219883 -0.12715517 -0.34966167
  -0.89849805  0.96453922 -0.48416173  0.24682848 -0.15729893 -0.37036475]
 [ 0.62625765  0.24736242 -0.79222426 -0.58629306  0.47923073 -0.73629999
   0.47376299  0.20200299  0.16692997  0.65913935  0.18561404  0.7206974 ]]

[[ 0.4886358   0.47598425 -0.39928197  0.33226086  0.81755095  0.35585344
   0.6416641   0.14791929 -0.06349907 -0.96843541  0.72663301  0.72818201]
 [-0.39680483  0.07771342 -0.0186831  -0.66069641 -0.89375448 -0.42673085
  -0.53122817 -0.14149125  0.36437949 -0.38042813  0.24905873 -0.35851048]
 [ 0.78808145 -0.2290945  -0.75060102 -0.51768718  0.44959276 -0.07599953
   0.66469564  0.15091824  0.84667527  0.26230229 -0.6061396   0.05718097]
 [ 0.01599995 -0.01823896 -0.26084009  0.1258136  -0.08797395  0.21728232
   0.11510164 -0.41066922  0.09149378  0.12430423 -0.69446398 -0.74258889]
 [-0.15135924 -0.14571615  0.2830603   0.25085062  0.31880925  0.1174471
  -0.086365    0.31192075 -0.05812697  0.09907105  0.1222924  -0.57034724]
 [-0.61465682 -0.08109136  0.46940828  0.38089032 -0.46870535  0.12226771
  -0.50772878 -0.34096167 -0.72625436 -0.58722789 -0.21909538 -0.14360635]
 [ 0.03885954  0.35874375 -0.04962881  0.4291973   0.37989063  0.31522498
   0.20782987 -0.02383152  0.62196137  0.11044199  0.66370281 -0.06436144]
 [ 0.15922187 -0.44483292  0.15401322 -0.44619673  0.32483523 -0.33442178
  -0.03187503  0.77011713 -0.31262834 -0.23931902 -0.07452527 -0.4398786 ]
 [-0.06349907  0.36437949  0.84667527  0.09149378 -0.05812697 -0.72625436
   0.62196137 -0.31262834  0.15762516 -0.90398411 -0.37950924  0.71500587]
 [-0.96843541 -0.38042813  0.26230229  0.12430423  0.09907105 -0.58722789
   0.11044199 -0.23931902  0.86525158  0.90605034  0.00206958 -0.95571537]
 [ 0.72663301  0.24905873 -0.6061396  -0.69446398  0.1222924  -0.21909538
   0.66370281 -0.07452527 -0.9966848   0.99441458  0.82424252  0.6038423 ]
 [ 0.72818201 -0.35851048  0.05718097 -0.74258889 -0.57034724 -0.14360635
  -0.06436144 -0.4398786   0.43922118 -0.37454751  0.33617943  0.89739631]]

[[ 0.35024069 -0.63529911  0.22440018  0.0734046  -0.05515546 -0.15183458
   0.15185417 -0.1884176  -0.10630548  0.35227526  0.78262582 -0.68406479]
 [-1.02495853 -0.51245133  0.70411129  0.45228358 -0.1180563   0.28298877
  -0.79436864  0.19146405  0.44546178  0.6078541  -0.45228741  0.30546291]
 [ 0.2049507   0.38562659  0.08424446 -0.18209611  0.07656107 -0.27124689
   0.07587333  0.31227078 -0.31914028  0.35281102 -0.07334876 -0.55868447]
 [-0.2210382   0.36169466 -0.4196074  -0.41763953  0.50853996  0.10314523
  -0.04489955  0.77986244 -0.87349511 -0.57323785 -0.85475333 -0.92037996]
 [-0.01604053 -0.00689921 -0.215547   -0.30589493 -0.13020767 -0.08450863
  -0.03718673  0.02031632 -0.20664111 -0.1156212   0.0010279  -0.2196996 ]
 [-0.28105039  0.29020015 -0.51441246 -0.28801318  0.29413677  0.23718463
  -0.04792423  0.36867798 -0.79448503 -0.70234079 -0.25403597 -0.02459946]
 [ 0.07787005 -0.45100815 -0.00274223 -0.03108971  0.05313121  0.01153938
   0.03961521 -0.01204912 -0.86865672  0.55843522 -0.09572251  0.64469272]
 [ 0.07135718  0.04029785  0.28729425  0.01355663 -0.58823673 -0.2883422
  -0.11515261 -0.441096    0.76023418 -0.92646099 -0.28584626  0.92915852]
 [-0.10630548  0.44546178 -0.31914028 -0.87349511 -0.20664111 -0.79448503
  -0.86865672  0.76023418  0.32734382 -0.02623078  0.03510256  0.6783054 ]
 [ 0.35227526  0.6078541   0.35281102 -0.57323785 -0.1156212  -0.70234079
   0.55843522 -0.92646099  0.56016172  0.37902082  0.51527534 -0.77830778]
 [ 0.78262582 -0.45228741 -0.07334876 -0.85475333  0.0010279  -0.25403597
  -0.09572251 -0.28584626  0.40357053  0.02043558  0.3274036   0.18068254]
 [-0.68406479  0.30546291 -0.55868447 -0.92037996 -0.2196996  -0.02459946
   0.64469272  0.92915852 -0.00982022 -0.3460559   0.47881886 -0.43208324]]

[[-0.29431851 -0.11201566 -0.1779077  -0.29802486 -0.36392934 -0.02779737
  -0.25800349 -0.12730275 -0.25247148  0.17487779  0.71857937  0.47643676]
 [-0.18212007 -0.05052587  0.24607941 -0.76990462  0.34692681 -0.51358808
  -0.35380973  1.35769876  0.14157941 -0.26649831  0.731882   -0.64284416]
 [-0.0189934  -0.46391118  0.95388309  0.32135516 -0.17737389 -0.32888065
  -0.26667099  0.10602651  0.70907923 -0.84965572  0.66714284  0.15765532]
 [ 0.47049725 -0.48511119  0.80887753  0.06074767  0.07041848 -0.54538589
   0.05790653  0.35315816 -0.10660898 -0.09129733 -0.29731088 -0.16701935]
 [-0.49689741  0.15392068  0.04915855  0.05350672  0.12480173  0.18909898
  -0.3029219   0.30323128 -0.29387417  0.84531198 -0.99183681 -0.03767069]
 [ 0.35954836  0.03323076  0.00251181  0.05012467  0.26477082 -0.05954122
   0.27766298  0.11213085  0.0646682   0.79971781 -0.31820317  0.60689952]
 [-0.12747646 -0.03147303 -0.19837624 -0.28947394 -0.13606123 -0.04197518
  -0.111481    0.04375272 -0.13225191  0.41660852 -0.63079863 -0.15992592]
 [-0.93020468  0.34462623  0.0206576   0.20390053  0.11078945  0.43674937
  -0.53139036  0.29419189  0.64785103  0.11486392 -0.31219391  0.41717018]
 [-0.25247148  0.14157941  0.70907923 -0.10660898 -0.29387417  0.0646682
  -0.13225191  0.64785103  0.94693812  0.59999665 -0.28040136  0.52052701]
 [ 0.17487779 -0.26649831 -0.84965572 -0.09129733  0.84531198  0.79971781
   0.41660852  0.11486392 -0.67925482  0.15851534  0.08725736  0.96561306]
 [ 0.71857937  0.731882    0.66714284 -0.29731088 -0.99183681 -0.31820317
  -0.63079863 -0.31219391  0.86576447 -0.35631183 -0.67063736  0.58897098]
 [ 0.47643676 -0.64284416  0.15765532 -0.16701935 -0.03767069  0.60689952
  -0.15992592  0.41717018  0.34523865 -0.94736719  0.92185285  0.66413103]]

[[ 0.35489833 -0.06466519 -0.26787754 -0.36102422  0.10582391 -0.17833761
   0.23243056  0.15041089 -0.06604229 -0.79833108  0.60508136  0.68343576]
 [-0.15045842  1.01424795  0.45717383  0.38757887  0.24968024 -0.03631104
  -0.08896879  0.4076216   0.36355647  0.62980653  0.37543078  0.75134672]
 [-0.33612814 -0.57962353  0.15875534  0.25904133  0.38256148  0.32131684
  -0.16510242  0.27664444  0.04661648  0.81421729  0.57968451  0.8829109 ]
 [-0.11736803 -0.1841618   0.34580966  0.19972737  0.11866136  0.0063156
  -0.12371202  0.18113824  0.60006009 -0.15749218  0.33395313 -0.94086245]
 [ 0.46341019  0.33821805  0.30522437  0.42329256  0.33597494 -0.05745336
   0.36021061  0.04194995  0.15010818 -0.88314895  0.16483039  0.79474254]
 [ 0.08740554  0.19222952  0.22616255  0.13338633 -0.16041234 -0.12699134
   0.00273199 -0.13924466 -0.69019892  0.95711476 -0.91439251  0.00758098]
 [ 0.36036682  0.16087152 -0.08529875 -0.20213375  0.02402208 -0.22411571
   0.21352558  0.06962643  0.69904658  0.62614042  0.17875852  0.06029361]
 [ 0.21883799  0.30478752  0.24805092  0.60862422  0.50722075  0.2163532
   0.28976962  0.07250905  0.71252724  0.5838335   0.74958813 -0.67004419]
 [-0.06604229  0.36355647  0.04661648  0.60006009  0.15010818 -0.69019892
   0.69904658  0.71252724 -0.58525671  0.84637006  0.41619534 -0.96278602]
 [-0.79833108  0.62980653  0.81421729 -0.15749218 -0.88314895  0.95711476
   0.62614042  0.5838335  -0.87481966 -0.17812423 -0.08202028  0.88525004]
 [ 0.60508136  0.37543078  0.57968451  0.33395313  0.16483039 -0.91439251
   0.17875852  0.74958813 -0.29797896  0.13468205 -0.12065215  0.75418254]
 [ 0.68343576  0.75134672  0.8829109  -0.94086245  0.79474254  0.00758098
   0.06029361 -0.67004419  0.65877553  0.94319904  0.5042499  -0.75082513]]

[[-0.16894502 -0.47465497  0.18947962 -0.01513684  0.1137272   0.01002246
  -0.16973342  0.25126061 -0.56546288 -0.19017913 -0.54619626 -0.01198859]
 [ 0.17813729 -0.64574416  0.43183151  0.43302806  0.27596413  0.07524037
   0.10912824  0.00229323  0.55413812 -0.96771607 -0.83020831 -0.7386103 ]
 [ 0.05591731  0.45980561 -0.25756016 -0.12266238  0.09615073  0.01851386
   0.10884551  0.09253479  0.86611418 -0.55290593  0.85184923 -0.52012918]
 [ 0.56072121  0.5739433   0.20167027  0.27416244  0.52575136 -0.12221345
   0.44627317  0.31905203 -0.77036898 -0.47306235  0.3436899   0.32320724]
 [ 0.34682808  0.12815943  0.61538165  0.02114292  0.0156794  -0.48780246
   0.03665993  0.3353731  -0.50196227 -0.00785121 -0.92696334  0.82951571]
 [ 0.42721755  0.36177745  0.26772983  0.21090548  0.21324293 -0.18187319
   0.27892268  0.11483071 -0.68291853 -0.23700872  0.79747616 -0.25380205]
 [ 0.06619278 -0.30222439  0.34340661  0.11296575  0.18708727 -0.0905277
  -0.02129095  0.2570633   0.37786801 -0.30735778  0.11250447 -0.79680486]
 [-0.07261424 -0.05257189  0.26168973 -0.26573336 -0.43474445 -0.36570281
  -0.25509854  0.01332862 -0.65282868 -0.15459331  0.77526315  0.65451015]
 [-0.56546288  0.55413812  0.86611418 -0.77036898 -0.50196227 -0.68291853
   0.37786801 -0.65282868 -0.41732462  0.78256025 -0.14350208  0.94599209]
 [-0.19017913 -0.96771607 -0.55290593 -0.47306235 -0.00785121 -0.23700872
  -0.30735778 -0.15459331  0.94739881 -0.65174375 -0.22162189  0.07392872]
 [-0.54619626 -0.83020831  0.85184923  0.3436899  -0.92696334  0.79747616
   0.11250447  0.77526315 -0.47630062  0.43395748 -0.25798444  0.70740118]
 [-0.01198859 -0.7386103  -0.52012918  0.32320724  0.82951571 -0.25380205
  -0.79680486  0.65451015  0.65548428 -0.14404921 -0.90724721  0.81778561]]
