A: 
[[-0.3296969   0.58689886 -0.38829636  0.05732146 -0.53945995 -0.24946691
  -0.42960964  0.06487687 -0.76528519  0.7757926  -0.96558241  0.66410414]
 [-0.25278889  0.0330828   0.15047329  0.02537539 -0.94931893 -0.56162574
  -0.11989632  0.80063828  0.93537798 -0.89611885 -0.29826315  0.14858579]
 [-0.01870415  0.39551338 -0.7193555   0.08435415 -1.3410186   0.10359118
  -0.34942842 -0.66965538 -0.90611541  0.22459538 -0.3150584   0.68437699]
 [ 0.61015007 -0.86808807 -0.14557    -0.05801705 -0.38561117  0.72993786
   0.24677718  0.41903494 -0.779214   -0.64036531 -0.85332337  0.65368044]
 [-0.30618147  0.14524607  0.68003713 -0.07047899 -0.13035156 -0.95956932
   0.22840399 -0.1684122   0.13405784 -0.40765659 -0.36424009 -0.63947634]
 [ 0.22495318  0.01511529  0.10077598 -0.5322869   0.54639365 -0.39220896
   0.0819621  -0.0862368   0.49566709 -0.95874068 -0.57149319 -0.82416211]
 [ 0.62485616 -0.72417604  0.03248271 -0.1694589   0.79521577  0.75204727
   0.36926076 -0.09646658  0.52206069  0.13682147 -0.01180323  0.66638467]
 [ 0.13051913  0.00477189 -0.46873341 -0.09359318 -1.12473483  0.03021877
  -0.22510947  0.17376096  0.40255815 -0.5084961  -0.44364651  0.2704915 ]
 [-0.21609926 -0.47460535  0.06945619  1.14278135 -0.33258244  1.22853277
   0.16627303  0.04459165 -0.95311366 -0.78263645 -0.76730586 -0.07506668]
 [ 0.30991685 -0.54197658  0.4728355  -0.07100538  0.98419003  0.26366647
   0.46848643 -0.16885008 -0.78001939  0.87991898 -0.07810068  0.24921869]] 
x segnato:[[ 0.16183142]
 [-0.63757722]
 [-0.19744147]
 [ 0.93653948]
 [-0.7671482 ]
 [ 0.95777557]
 [-0.21674053]
 [-0.59555197]
 [ 0.        ]
 [ 0.        ]
 [ 0.        ]
 [ 0.        ]]
Matrici Hi 

[[-0.23029795  0.72078385 -0.44672218 -0.17699957  0.12696674 -0.26441811
  -0.44372185 -0.18393709  0.35989833 -0.7056102   0.62426836 -0.85258833]
 [ 0.64867222 -1.07331354  0.32332532 -0.04221428 -0.19079044  0.52759489
   0.60269185 -0.0381195  -0.44863276 -0.95246099 -0.29827413  0.72886936]
 [-0.38928774  0.24888321  0.31051596  0.25301291  0.09088926 -0.30930352
   0.00725728 -0.05100779 -0.9826021  -0.16969522  0.72935369  0.76095542]
 [ 0.00486772 -0.2902922   0.35299716  0.0870045   0.22725562  0.00668631
   0.20880442  0.28742557 -0.0692795  -0.58522072  0.56233878  0.42466139]
 [ 0.29081962 -0.29441523  0.25230597 -0.03218967  0.01812298  0.07323068
   0.43673514 -1.13239428  0.15875287 -0.76011612  0.34629752 -0.66459537]
 [-0.02270831  0.32232748 -0.21727437 -0.21710582  0.35533545 -0.11932045
  -0.19603827 -0.0708833   0.65435552  0.2994188   0.16889317 -0.39377606]
 [-0.34243928  0.50909779  0.01122281  0.01685512  0.26876654 -0.36172994
  -0.199592   -0.09381818  0.74023338  0.03621296 -0.48795045 -0.05372921]
 [-0.47745603  0.37324336 -0.26423654  0.50789173 -0.87271503  0.06439675
  -0.36355025  0.32734154 -0.98608917  0.44729609  0.94281832  0.46674679]
 [ 0.35989833 -0.44863276 -0.9826021  -0.0692795   0.15875287  0.65435552
   0.74023338 -0.98608917 -0.08163686 -0.10154898  0.43492518  0.06597943]
 [-0.7056102  -0.95246099 -0.16969522 -0.58522072 -0.76011612  0.2994188
   0.03621296  0.44729609 -0.89045301 -0.19313955 -0.43585015  0.95647727]
 [ 0.62426836 -0.29827413  0.72935369  0.56233878  0.34629752  0.16889317
  -0.48795045  0.94281832 -0.39384177  0.56313323  0.75371485  0.12556698]
 [-0.85258833  0.72886936  0.76095542  0.42466139 -0.66459537 -0.39377606
  -0.05372921  0.46674679  0.53403264  0.16915192 -0.72872508  0.80268738]]

[[-0.24994829  0.42509171  0.01682279 -0.04852799 -0.19476988 -0.48489136
  -0.12539395 -0.3033578   0.45839757  0.56199464 -0.63836288  0.86261204]
 [ 0.26835644 -0.44000337 -0.03253242  0.02266015  0.04672034  0.442281
   0.1227121   0.31610373  0.51061788  0.80195789 -0.26331598 -0.01535214]
 [ 0.071525   -0.12549556  0.21747025 -0.01692703  0.36539977  0.01001698
   0.19386308 -0.26737654  0.14521131 -0.82954923  0.9512212   0.09118652]
 [ 0.26482047 -0.32972823 -0.14937394 -0.0038034   0.26946082  0.52558382
   0.04409298  0.26171493  0.06320981 -0.31065979  0.18897673  0.34308932]
 [-0.55497037  0.38082502  0.22670027  0.66069515  0.82185502  0.28325344
  -0.04348034 -0.31540447  0.8189823  -0.03673185 -0.73400616  0.43977895]
 [-0.21100912  0.32015849 -0.26073774  0.17048644  0.10153059  0.1651922
  -0.26454158  0.09209713 -0.25451427 -0.0868394  -0.00350005  0.69559525]
 [ 0.0279729   0.04658153  0.10543963 -0.10112257  0.18296037 -0.15389975
   0.08700443 -0.32315845 -0.5215315   0.6035762   0.34295901  0.47214625]
 [-0.75964414  0.65707651  0.01438375  0.51285466 -0.3533689  -0.31914348
  -0.37866234  0.34839616  0.90785857 -0.77277327 -0.39774375  0.58398058]
 [ 0.45839757  0.51061788  0.14521131  0.06320981  0.8189823  -0.25451427
  -0.5215315   0.90785857  0.21001229  0.20074847 -0.23950935 -0.96724966]
 [ 0.56199464  0.80195789 -0.82954923 -0.31065979 -0.03673185 -0.0868394
   0.6035762  -0.77277327 -0.25819175 -0.06322498 -0.61132045 -0.85360415]
 [-0.63836288 -0.26331598  0.9512212   0.18897673 -0.73400616 -0.00350005
   0.34295901 -0.39774375  0.36179343 -0.25655103 -0.29894579 -0.87662092]
 [ 0.86261204 -0.01535214  0.09118652  0.34308932  0.43977895  0.69559525
   0.47214625  0.58398058  0.01006016 -0.91722157  0.19579979  0.33022824]]

[[ 0.23419517 -0.39485461  0.18934652  0.05767403 -0.41262199  0.11016638
   0.33107449 -0.50806379 -0.16469215  0.33564459 -0.18391078  0.56833331]
 [ 0.04283866 -0.0641612  -0.1179301   0.05304965  0.40049679  0.33993949
  -0.06857009  0.29859278  0.44697992 -0.40629992  0.51348937  0.99199784]
 [-0.41759012  0.57862567 -0.12823717 -0.01971415  0.11343131 -0.41107796
  -0.39483956  0.50744227 -0.9688037  -0.97765709 -0.9826267   0.07503962]
 [-0.31892723  0.50135617 -0.05104723 -0.18647165  0.32424207 -0.50461673
  -0.33362332  0.58130047  0.70959279 -0.14354104 -0.70026875  0.74469791]
 [-0.68454645  0.04148591  0.10307534  1.2199565   0.00875418  0.85670341
  -0.14527007  0.57732399 -0.91245919 -0.1544252  -0.16529675  0.4464608 ]
 [-0.08912501 -0.12665785  0.25626259  0.18718113 -0.17104472 -0.05374861
   0.15180121 -0.05329858 -0.82207522 -0.09000411  0.79535336 -0.1066098 ]
 [-0.168021    0.21580499  0.04716387 -0.07466588 -0.08133013 -0.35628357
  -0.10984945  0.19129943 -0.55877839  0.61619604 -0.11445606  0.69584591]
 [-0.02565459  0.05119299 -0.21787161  0.38426888 -0.36672522  0.47127526
   0.01905214 -0.80886544  0.15342476 -0.55001645  0.58181222  0.2879178 ]
 [-0.16469215  0.44697992 -0.9688037   0.70959279 -0.91245919 -0.82207522
  -0.55877839  0.15342476  0.35523495 -0.75997469 -0.75443012  0.24880371]
 [ 0.33564459 -0.40629992 -0.97765709 -0.14354104 -0.1544252  -0.09000411
   0.61619604 -0.55001645  0.3202528  -0.65215523 -0.62733985  0.48517584]
 [-0.18391078  0.51348937 -0.9826267  -0.70026875 -0.16529675  0.79535336
  -0.11445606  0.58181222  0.92574399 -0.61290694 -0.20743198  0.28888441]
 [ 0.56833331  0.99199784  0.07503962  0.74469791  0.4464608  -0.1066098
   0.69584591  0.2879178  -0.6722809  -0.22969419  0.98209005 -0.24238122]]

[[-0.34405881  0.36261756  0.08737673 -0.06598507  0.07423173 -0.51212973
  -0.23678862  0.62235197 -0.70744514  0.26679621  0.02612988 -0.16198508]
 [ 0.80040351 -0.70253298 -0.16543452 -0.31136943  0.04182136  0.62919094
   0.39916005 -0.74251659 -0.16279161 -0.69936754 -0.53074734 -0.19268572]
 [-0.58952138  0.26927549 -0.07209025  0.74416213 -0.4537613   0.27595626
  -0.28987423  0.54457303 -0.61442215 -0.08907355  0.74361587 -0.69419993]
 [ 0.0470355  -0.07925458  0.07559003  0.0726144   0.11505444  0.11971794
   0.12029654 -0.31667565  0.66377665 -0.91020175  0.50648168 -0.12548083]
 [-0.06872473  0.04811186 -0.38911295  0.27986475 -0.27072512  0.50268084
  -0.24314368  0.30127044  0.63628555 -0.5299049   0.91465257 -0.91353942]
 [-0.05560412  0.2515425   0.1614121  -0.36183407  0.46234253 -0.56178628
  -0.02528969  0.00395259 -0.93684711  0.90049965 -0.1273024  -0.87718242]
 [-0.55093855  0.32935067  0.03197581  0.43411761 -0.20265474 -0.09338268
  -0.2948494   0.74639449 -0.13632615 -0.26879507  0.29651088  0.68788236]
 [-0.16394734  0.47533073  0.02135096 -0.06572838  0.00675687 -0.41714823
  -0.00670988 -1.03708524  0.41991354  0.31676971 -0.62736457  0.89087051]
 [-0.70744514 -0.16279161 -0.61442215  0.66377665  0.63628555 -0.93684711
  -0.13632615  0.41991354 -0.82164709  0.75657993 -0.80931527 -0.53490443]
 [ 0.26679621 -0.69936754 -0.08907355 -0.91020175 -0.5299049   0.90049965
  -0.26879507  0.31676971  0.63051235  0.68030478  0.8162046  -0.32554859]
 [ 0.02612988 -0.53074734  0.74361587  0.50648168  0.91465257 -0.1273024
   0.29651088 -0.62736457  0.33222022  0.4050803  -0.02763344  0.03538804]
 [-0.16198508 -0.19268572 -0.69419993 -0.12548083 -0.91353942 -0.87718242
   0.68788236  0.89087051 -0.93252644 -0.58994286  0.23465861  0.00387594]]

[[ 0.00086398 -0.07113733  0.08640305  0.09587354 -0.05857425  0.05150447
   0.09460994 -0.19438656  0.2901929  -0.39370653 -0.19102374  0.91280608]
 [-0.0261406  -0.01294843  0.21674941 -0.03881148  0.44657748 -0.10337575
   0.10455994 -0.04114601 -0.80885446  0.39352122  0.23877543  0.37565887]
 [ 0.2037699  -0.30698155 -0.04261837 -0.030873   -0.10872187  0.23974021
   0.07278485  0.25005512 -0.43219465 -0.72497148 -0.90568667  0.64881387]
 [-0.23040763  0.3445739  -0.2056827  -0.03021162 -0.25898091 -0.24346001
  -0.31603906  0.45201058 -0.45781688 -0.05828218 -0.89172458 -0.32912579]
 [ 0.24441538 -0.73023745  0.21666256  0.1129574  -0.34568677  0.33467776
   0.23782562  0.84624898  0.39751964 -0.43737222 -0.31947771 -0.80874223]
 [-0.34874152  0.39348301 -0.18004424  0.10435402 -0.55408653 -0.29887669
  -0.33962501  0.45676359  0.16808428 -0.25104126 -0.68060812 -0.237668  ]
 [ 0.03364548 -0.14786166  0.05807596  0.05753505 -0.07816734  0.0827129
   0.05821777  0.13630794  0.62081577 -0.87491105 -0.06537495 -0.92974254]
 [ 0.38315544  0.04670704 -0.84904522 -0.2662178  -0.8267894   0.38678375
  -0.31148116 -0.17616836  0.65801226 -0.66433621  0.36387005  0.92701848]
 [ 0.2901929  -0.80885446 -0.43219465 -0.45781688  0.39751964  0.16808428
   0.62081577  0.65801226 -0.69943609 -0.97599883  0.78780396 -0.29392811]
 [-0.39370653  0.39352122 -0.72497148 -0.05828218 -0.43737222 -0.25104126
  -0.87491105 -0.66433621 -0.73173647  0.99809948  0.05087929 -0.93111616]
 [-0.19102374  0.23877543 -0.90568667 -0.89172458 -0.31947771 -0.68060812
  -0.06537495  0.36387005 -0.72601211 -0.80523044  0.48066605 -0.459343  ]
 [ 0.91280608  0.37565887  0.64881387 -0.32912579 -0.80874223 -0.237668
  -0.92974254  0.92701848 -0.77988851  0.1342135  -0.8873662  -0.96218965]]

[[ 0.04291009  0.16380103 -0.31843264 -0.24570539 -0.49027984 -0.20740858
  -0.24462304  0.30213625  0.75306905  0.09827433 -0.13005025  0.97601926]
 [ 0.2118079  -0.43823069  0.1617676   0.03511912  0.03806632  0.25187438
   0.22465919  0.15750584  0.07112245 -0.15892608 -0.50420983  0.350516  ]
 [-0.47342705  0.38607675  0.39208497  0.2468556   0.54240874 -0.36550205
   0.00709138 -0.17133175 -0.90502396 -0.83202212  0.09347077 -0.58626734]
 [ 0.1086601  -0.32345789  0.37134433  0.2454529   0.78833105  0.42231239
   0.3960281  -0.60837695 -0.12442525  0.37539762 -0.76938738  0.07582487]
 [ 0.33995489 -0.61147945  0.34452053 -0.02719438 -0.0337887   0.16449334
   0.43773903 -0.19461843  0.72019432 -0.77614605  0.38300822  0.21374387]
 [ 0.55818635 -0.5751795  -0.08196733 -0.1093456   0.10013074  0.59468557
   0.3195174  -0.49122771  0.94511503  0.97016994 -0.75877042  0.26674871]
 [-0.21484133  0.20382467  0.17624012  0.04017581  0.26047086 -0.25527348
  -0.02261387  0.01078321  0.85892229 -0.91018648 -0.32850211 -0.946394  ]
 [-0.32374707  0.77927732 -0.60174111  0.14195825 -0.59298052 -0.07429013
  -0.47035871 -0.64290513  0.96672637  0.7605744  -0.9433053  -0.3612182 ]
 [ 0.75306905  0.07112245 -0.90502396 -0.12442525  0.72019432  0.94511503
   0.85892229  0.96672637  0.30480794 -0.03999493  0.90948773  0.25806377]
 [ 0.09827433 -0.15892608 -0.83202212  0.37539762 -0.77614605  0.97016994
  -0.91018648  0.7605744  -0.07094449 -0.38327083 -0.20963505  0.44540038]
 [-0.13005025 -0.50420983  0.09347077 -0.76938738  0.38300822 -0.75877042
  -0.32850211 -0.9433053   0.7353207  -0.91361857 -0.53708361 -0.4479637 ]
 [ 0.97601926  0.350516   -0.58626734  0.07582487  0.21374387  0.26674871
  -0.946394   -0.3612182   0.56271795 -0.65165701  0.14319746  0.02784491]]

[[ 0.21084661 -0.26461802  0.35888174 -0.18468253  0.53104725 -0.09878694
   0.33561315 -0.35277425 -0.12131811  0.38170739 -0.06453772 -0.88136101]
 [-0.105126    0.07881777 -0.06714324  0.11379128 -0.78949784 -0.15628227
  -0.05864869 -0.10260069  0.23012905  0.94345415  0.44347692  0.85635266]
 [-0.09757668  0.01491417 -0.17504315  0.17751097  0.34162292  0.38768457
  -0.19457185  0.63678095 -0.86972015 -0.37508265  0.45728498  0.94812113]
 [-0.29660897  0.44139456 -0.4694415   0.18280632 -0.13542971  0.1748235
  -0.4796523   0.51451139  0.24348261  0.14634019 -0.02714858 -0.22652769]
 [ 0.52419127 -0.19106029 -0.52123834 -0.34791254  0.25005492  0.54180612
  -0.05400033 -0.21776488 -0.54665253 -0.31354697  0.24325035 -0.51363315]
 [ 0.08640199  0.22928064 -0.28825283 -0.21821361  0.33316978  0.04504695
  -0.15935948 -0.19601356 -0.51606571  0.9659531  -0.6179816   0.13315802]
 [-0.03996221 -0.05442838  0.06424367  0.0790432   0.52872758  0.19688845
  -0.00691384  0.32165782  0.92982092  0.81955187 -0.50580699 -0.91452858]
 [ 0.38669003  0.00471186 -0.46684557 -0.40931993 -0.21724199  0.10530601
  -0.10174501 -0.33472378  0.22941783  0.44486871 -0.78601534  0.50949855]
 [-0.12131811  0.23012905 -0.86972015  0.24348261 -0.54665253 -0.51606571
   0.92982092  0.22941783  0.80423769 -0.19856449  0.18839907  0.10576806]
 [ 0.38170739  0.94345415 -0.37508265  0.14634019 -0.31354697  0.9659531
   0.81955187  0.44486871  0.40597167 -0.55041863 -0.09114148 -0.74107557]
 [-0.06453772  0.44347692  0.45728498 -0.02714858  0.24325035 -0.6179816
  -0.50580699 -0.78601534 -0.14541593  0.95370758 -0.59205545 -0.32374707]
 [-0.88136101  0.85635266  0.94812113 -0.22652769 -0.51363315  0.13315802
  -0.91452858  0.50949855  0.79681872 -0.44041827 -0.69370861 -0.12424843]]

[[ 0.16634203 -0.20923437 -0.02427746  0.05231303  0.12808604  0.32141404
   0.11659091 -0.18645353 -0.50189818 -0.36248719 -0.16563146  0.4742249 ]
 [-0.16907446  0.02591632  0.22461989  0.22702427  0.21738241  0.01518333
   0.09361727 -0.14757768  0.03226699  0.28568789  0.08493439  0.55202992]
 [-0.16733882  0.45038737 -0.06026776 -0.36533169 -0.04133461 -0.69316694
  -0.24414523  0.21733297  0.32990728  0.09472712  0.60395874  0.71925265]
 [-0.16394922  0.09939326 -0.27103152  0.15443276 -0.64654306  0.06130232
  -0.28604443  0.65963597 -0.04601741  0.28131427 -0.74748744  0.96906288]
 [-0.62138236  0.27750164  0.22992532  0.76964375 -0.68289268 -0.04646885
  -0.04309047 -0.21283947 -0.4332184   0.86120298 -0.49706621 -0.62450416]
 [-0.04957774 -0.3294401  -0.3078084   0.64747251 -0.93087311  0.84027979
  -0.10158297  0.45340826 -0.02168667  0.77450205  0.61074587  0.46216006]
 [-0.06160466  0.16747614 -0.12977326 -0.10070403 -0.06873396 -0.14196565
  -0.16152297  0.22839105  0.57635066  0.85764883 -0.20947125  0.08918625]
 [ 0.38570573 -0.04152354  0.13291122 -0.73318894 -0.11404618 -0.72257731
   0.21942809 -0.62883058  0.35843984  0.99826338 -0.49360525 -0.58321056]
 [-0.50189818  0.03226699  0.32990728 -0.04601741 -0.4332184  -0.02168667
   0.57635066  0.35843984 -0.0591784  -0.08839874  0.89647383 -0.81296399]
 [-0.36248719  0.28568789  0.09472712  0.28131427  0.86120298  0.77450205
   0.85764883  0.99826338  0.96701834 -0.03476031 -0.33153116 -0.60217922]
 [-0.16563146  0.08493439  0.60395874 -0.74748744 -0.49706621  0.61074587
  -0.20947125 -0.49360525  0.31234643  0.53507358  0.10909955 -0.91892348]
 [ 0.4742249   0.55202992  0.71925265  0.96906288 -0.62450416  0.46216006
   0.08918625 -0.58321056 -0.56604121 -0.21725167 -0.02440755 -0.85234136]]

[[ 0.23920103 -0.27023698 -0.06628352  0.02740103 -0.36995565  0.25136156
   0.15780426 -0.38425156  0.33834102 -0.2382747  -0.32583757  0.71135812]
 [-0.14702493  0.23627783 -0.27466488  0.05444187 -0.13875133  0.05129812
  -0.28075321  0.3634502  -0.12703544 -0.26026023 -0.22230396 -0.48303582]
 [-0.09938638  0.0535787   0.27755327 -0.08494266  0.51947067 -0.26250843
   0.06616895  0.15220889  0.30614878 -0.86078118  0.09663947  0.95592914]
 [-0.38685814  0.30019411  0.30802169  0.09281287  0.30929436 -0.44553953
  -0.06116163  0.2524566  -0.25961703  0.37147446 -0.86570059  0.81369657]
 [-0.34887074  0.54828801  0.12555783 -0.31460127 -0.5239447  -1.10025669
  -0.22238505  0.19843127 -0.73522218 -0.71036481 -0.75754773 -0.62031429]
 [-0.24320038  0.18308544  0.2398683   0.07363371 -0.41610642 -0.48548448
   0.03680696 -0.19290532  0.98648182 -0.143318   -0.61710155 -0.75736733]
 [-0.02747678 -0.06489429  0.17838771  0.05062639  0.0919513  -0.05323493
   0.10941946 -0.07497421  0.73279997 -0.15434893 -0.62685361  0.09371271]
 [ 0.3699235  -0.13810059  0.19163423 -0.63049231  0.78485688 -0.3464032
   0.21312705 -0.19806272  0.73962739 -0.87187783  0.63386392 -0.06100405]
 [ 0.33834102 -0.12703544  0.30614878 -0.25961703 -0.73522218  0.98648182
   0.73279997  0.73962739  0.11163133 -0.44547155 -0.491066   -0.09146204]
 [-0.2382747  -0.26026023 -0.86078118  0.37147446 -0.71036481 -0.143318
  -0.15434893 -0.87187783 -0.78700958 -0.65611138 -0.87782802 -0.45528334]
 [-0.32583757 -0.22230396  0.09663947 -0.86570059 -0.75754773 -0.61710155
  -0.62685361  0.63386392  0.89809722 -0.24652911 -0.6308997  -0.2008205 ]
 [ 0.71135812 -0.48303582  0.95592914  0.81369657 -0.62031429 -0.75736733
   0.09371271 -0.06100405  0.72937126  0.15358001 -0.17137834 -0.40581356]]

[[-0.1259634   0.13035234 -0.19979897  0.40912614 -0.73569808  0.27199374
  -0.02658315 -0.74907466 -0.09720949 -0.44931056  0.82543087  0.66851178]
 [ 0.40861357 -0.35619622 -0.08851789 -0.34842096  0.17158602  0.15380518
   0.09668139  0.25004223 -0.14094512  0.6081855   0.15807855 -0.50194826]
 [-0.39685085  0.07963738  0.5380726   0.1021072   0.8168315  -0.37901137
   0.00134699  0.95503196 -0.60040112 -0.97287516 -0.88070141  0.91978548]
 [-0.11371912  0.25884776  0.10916434 -0.27128699  0.85616025 -0.33383739
  -0.1144663   0.36908635 -0.47169557  0.10539258 -0.60458443  0.63417239]
 [ 0.10706365  0.26972875 -0.46425912  0.0011627   0.62490671  0.52747081
  -0.16717887 -0.65027076 -0.71166808  0.97718567 -0.55497479 -0.24658581]
 [-0.02893424  0.55764523 -0.5592767   0.02347953 -0.07210234  0.20128282
  -0.24439429 -1.17778113  0.35577865 -0.95805426  0.15883788 -0.6686643 ]
 [-0.37761838  0.19078888  0.24388787  0.31274459  0.24490469 -0.1028978
  -0.03879932  0.19586916 -0.55284492  0.07550171 -0.35282465  0.67492192]
 [ 0.28832199 -0.06626993 -0.06250202 -0.57958594 -0.2246758  -0.46360103
  -0.00054551  0.16865877 -0.79159038 -0.97835676 -0.63021227  0.08724746]
 [-0.09720949 -0.14094512 -0.60040112 -0.47169557 -0.71166808  0.35577865
  -0.55284492 -0.79159038  0.00616157 -0.43957786  0.49188435  0.89213513]
 [-0.44931056  0.6081855  -0.97287516  0.10539258  0.97718567 -0.95805426
   0.07550171 -0.97835676 -0.37020621 -0.32288004 -0.63821357 -0.4024523 ]
 [ 0.82543087  0.15807855 -0.88070141 -0.60458443 -0.55497479  0.15883788
  -0.35282465 -0.63021227 -0.03690462  0.54303321 -0.64802189  0.56589967]
 [ 0.66851178 -0.50194826  0.91978548  0.63417239 -0.24658581 -0.6686643
   0.67492192  0.08724746  0.3473243  -0.28680264 -0.89002916 -0.09845818]]
