A: 
[[ 0.20184162  0.82513241 -0.91830209 -0.11816978 -0.05248469 -0.12472574
   0.12448053  0.20221248 -0.75079643 -0.8669403  -0.90218093 -0.62216097]
 [-0.06106532  0.23881997 -0.13608003 -0.060107   -0.15368959  0.14562449
   0.08427371 -0.41162896  0.64066533  0.70479653 -0.28594004  0.34995115]
 [-0.23312946 -0.56014213  0.72772127  0.05938282 -0.0757739   0.23084222
  -0.17094168 -0.06943167 -0.93482802  0.28049446 -0.82367876 -0.48873875]
 [ 0.2695936  -0.36971355  0.02062845  0.13100438  0.44084161 -0.49168634
  -0.05838717 -0.19668246  0.4760123   0.65150627 -0.36046634  0.59023409]
 [ 0.11647198 -0.14604066 -0.00268502  0.05391173  0.18570482 -0.20939932
  -0.70127495  0.94476386  0.82239259 -0.5260681  -0.58607844  0.00656296]
 [-0.25578989 -0.29049885  0.52383217  0.00155319 -0.19564746  0.32486503
  -0.26233883 -0.53222604  0.74861844 -0.79186367  0.4213377   0.50285106]
 [-0.26365834 -0.4520309   0.6692514   0.03154749 -0.14869194  0.30115306
  -0.20585564  0.2883098   0.60077431  0.31739959  0.01750827 -0.34783059]
 [-0.01932885 -0.23910958  0.22359701  0.04273401  0.06060256 -0.02341716
  -0.42144532 -0.97008121  0.77231404 -0.68113291 -0.02619288 -0.54622213]
 [-0.23449305 -0.58567638  0.7508385   0.06409822 -0.06849022  0.2272761
  -0.73686331  0.11081619 -0.28189078  0.17054337 -0.26174451 -0.66009821]
 [ 0.13774651  0.28626639 -0.39210418 -0.02631492  0.06028875 -0.14626801
  -0.97680133  0.93268108 -0.84984795 -0.76834664  0.42725389  0.41019819]
 [ 0.12287612  0.67134796 -0.70226885 -0.10511009 -0.09062971 -0.03859511
   0.19606884 -0.51542119  0.57785461 -0.59156682  0.61772241  0.90045551]
 [ 0.36151749  0.22559132 -0.58360357  0.03410696  0.34073262 -0.50000263
  -0.59732089 -0.46806    -0.23254643 -0.39097041  0.7082276   0.4281966 ]
 [-0.41415813  0.31229033  0.18496183 -0.15107748 -0.58847663  0.69887059
   0.71640218  0.86215028  0.70225824  0.71726979 -0.86093034  0.39430069]
 [ 0.28460392  0.58785665 -0.80708367 -0.05366183  0.12581853 -0.30300804
  -0.58520756 -0.48667847 -0.27039606  0.06377387 -0.0523146   0.85674157]
 [-0.28475935  0.41014547 -0.03842618 -0.14222704 -0.47245674  0.52368247
   0.29028631  0.88404365 -0.67621809  0.77381677 -0.78840264 -0.04918471]
 [ 0.47266066 -0.40282527 -0.17175229  0.18152833  0.68771821 -0.80784424
   0.70326125 -0.54148388 -0.83664228 -0.95091202  0.00345446  0.8991464 ]
 [ 0.27582907  0.46854144 -0.69645386 -0.03214897  0.15706778 -0.31601666
  -0.61007697  0.88669875 -0.19700452  0.7014706   0.57772922  0.44780426]
 [ 0.11635055  0.67578128 -0.6989417  -0.10739489 -0.09973275 -0.02769116
   0.62643485  0.2228344  -0.16170477  0.70070359  0.80811365  0.07277958]
 [ 0.08447655  0.598568   -0.59891266 -0.09915242 -0.10987426  0.00373112
  -0.75303527  0.42715648  0.76064184  0.06000365  0.96751901  0.49133835]
 [ 0.12686424  0.39582307 -0.47312618 -0.05017444  0.00964196 -0.10551839
   0.65734351  0.13506195 -0.83266314 -0.9745992   0.8581313  -0.8767107 ]] 
x segnato:[[ 0.95952422]
 [-0.25913943]
 [-0.74537422]
 [ 0.75806739]
 [ 0.42827153]
 [ 0.64272068]
 [ 0.        ]
 [ 0.        ]
 [ 0.        ]
 [ 0.        ]
 [ 0.        ]
 [ 0.        ]]
Matrici Hi 

[[-0.10264295  0.30092967 -0.14357557 -0.08131008 -0.2234451   0.22257857
  -0.69774321 -0.76044196 -0.90259355 -0.73046488 -0.91392972 -0.16333236]
 [-0.10148487 -0.23275115  0.3073932   0.02367439 -0.03683456  0.10293817
  -0.90365386  0.82330209  0.59594618 -0.04865264 -0.72310186 -0.6201896 ]
 [ 0.19741905 -0.12944634 -0.10461834  0.06820483  0.27377252 -0.32884618
  -0.7356795  -0.41894963  0.93677184  0.51895186  0.80049838 -0.48243465]
 [-0.00233733  0.11091969 -0.0914529  -0.02227443 -0.04121523  0.02805471
   0.81459874 -0.48736195  0.9133587  -0.09505794 -0.97124987  0.63499384]
 [-0.08374624  0.42961757 -0.27313529 -0.10246783 -0.2462155   0.2222631
  -0.90840888 -0.97116219  0.34694849  0.91743146  0.89415586 -0.74225475]
 [ 0.13369351 -0.50909312  0.28626054  0.12889349  0.33170112 -0.31578229
  -0.67598742  0.68638068 -0.99215864  0.89903324  0.22358582 -0.43261044]
 [-0.69774321 -0.90365386 -0.7356795   0.81459874 -0.90840888 -0.67598742
   0.76193667 -0.98789981 -0.55133203  0.191534    0.95176162 -0.99527182]
 [-0.76044196  0.82330209 -0.41894963 -0.48736195 -0.97116219  0.68638068
   0.61758956  0.35325861 -0.89078851  0.57978941  0.00556107  0.63679164]
 [-0.90259355  0.59594618  0.93677184  0.9133587   0.34694849 -0.99215864
   0.35732826 -0.19987387  0.17394999 -0.32753477  0.97164132  0.45423128]
 [-0.73046488 -0.04865264  0.51895186 -0.09505794  0.91743146  0.89903324
   0.82862062 -0.51178942 -0.55440333 -0.98790426 -0.79745327 -0.88153466]
 [-0.91392972 -0.72310186  0.80049838 -0.97124987  0.89415586  0.22358582
  -0.05729176  0.38690784 -0.70577733 -0.47039511  0.97528493  0.42410735]
 [-0.16333236 -0.6201896  -0.48243465  0.63499384 -0.74225475 -0.43261044
  -0.59640237 -0.46386572 -0.11046631  0.6398294  -0.13583242  0.89160496]]

[[-0.07705315 -0.37718402  0.40325974  0.05731585  0.04162517  0.03387779
  -0.2410508   0.3664507  -0.02685741 -0.55473075  0.61705309  0.45358653]
 [-0.02962714 -0.14113201  0.15175287  0.02127347  0.0146524   0.0138867
   0.0154767   0.49437619 -0.4070284   0.96515704 -0.02594799  0.75517166]
 [ 0.10874994  0.5290419  -0.56634811 -0.08024553 -0.05760206 -0.0485431
  -0.54659752 -0.09762105  0.79965154  0.27471232  0.99922701  0.93541869]
 [-0.01089123 -0.05407844  0.05764746  0.00825148  0.00614903  0.00461963
  -0.14777302  0.01858106  0.13108927 -0.93305036  0.59062513  0.08239168]
 [-0.07902977 -0.3882124   0.41475059  0.0590516   0.04316252  0.03444809
  -0.21498706  0.27798195  0.95102101  0.72397358 -0.00339001 -0.24115113]
 [ 0.11064592  0.54248513 -0.5797977  -0.08247267 -0.0600712  -0.04845737
   0.08415525  0.98633691 -0.42847976 -0.62844744  0.08737463  0.3295035 ]
 [-0.2410508   0.0154767  -0.54659752 -0.14777302 -0.21498706  0.08415525
   0.94773624 -0.39012084 -0.65507067  0.47591333  0.73862579  0.73346033]
 [ 0.3664507   0.49437619 -0.09762105  0.01858106  0.27798195  0.98633691
   0.71158595  0.00714059 -0.33470741  0.1585786   0.61948517 -0.65161653]
 [-0.02685741 -0.4070284   0.79965154  0.13108927  0.95102101 -0.42847976
   0.45836279 -0.99841258  0.05066261  0.02396213  0.20438931  0.82725677]
 [-0.55473075  0.96515704  0.27471232 -0.93305036  0.72397358 -0.62844744
  -0.13794289 -0.20929945 -0.77123193 -0.15797593  0.8095339  -0.98503583]
 [ 0.61705309 -0.02594799  0.99922701  0.59062513 -0.00339001  0.08737463
   0.43637305 -0.26703395 -0.08095285 -0.82824276  0.42831802  0.08183575]
 [ 0.45358653  0.75517166  0.93541869  0.08239168 -0.24115113  0.3295035
  -0.0068232   0.79180309  0.37061387  0.32250473  0.58531347  0.57692848]]

[[-0.00282084 -0.21539578  0.18558239  0.04165926  0.07150527 -0.04328627
   0.83247683  0.72237382 -0.27062959  0.02638987  0.25219064  0.28286807]
 [-0.16939497 -0.65606775  0.73981918  0.09202589  0.03140361  0.1127206
   0.52257383 -0.10050347  0.99284133 -0.48615502  0.7562622  -0.50230643]
 [ 0.14660262  0.78975518 -0.82835995 -0.12320316 -0.10423279 -0.04852698
  -0.74652074 -0.10541085  0.81132475  0.34308972 -0.743197    0.50558939]
 [ 0.03263173  0.0820527  -0.10495237 -0.00902791  0.00933979 -0.03150577
  -0.58792755  0.42225601  0.78643987  0.63261805  0.1001188   0.33804575]
 [ 0.05553601 -0.02191746 -0.04171467  0.0163417   0.07198233 -0.0893057
   0.72944516  0.49839037  0.44093315 -0.57345312 -0.85700859 -0.59331937]
 [-0.03312565  0.18268312 -0.11884105 -0.04303285 -0.10181578  0.09073164
   0.18695262 -0.81185107  0.27458627  0.95514303 -0.79789264  0.94661045]
 [ 0.83247683  0.52257383 -0.74652074 -0.58792755  0.72944516  0.18695262
   0.5006461  -0.62444567 -0.17660594 -0.21786369 -0.91627687  0.4284248 ]
 [ 0.72237382 -0.10050347 -0.10541085  0.42225601  0.49839037 -0.81185107
   0.07097766 -0.26947637 -0.44508713  0.40154506 -0.5861799   0.80528922]
 [-0.27062959  0.99284133  0.81132475  0.78643987  0.44093315  0.27458627
  -0.22823803  0.41054616 -0.36983218 -0.43981181  0.86520417  0.66827275]
 [ 0.02638987 -0.48615502  0.34308972  0.63261805 -0.57345312  0.95514303
  -0.0265527   0.52218554 -0.21114971 -0.20934026  0.01459272  0.70810445]
 [ 0.25219064  0.7562622  -0.743197    0.1001188  -0.85700859 -0.79789264
  -0.04797556 -0.05862487  0.40214825  0.62452128  0.50256332 -0.65041049]
 [ 0.28286807 -0.50230643  0.50558939  0.33804575 -0.59331937  0.94661045
   0.55717834  0.61223724 -0.13109861  0.98603221 -0.89750265  0.55837977]]

[[ 0.08414196 -0.03111135 -0.06497711  0.02434788  0.10833212 -0.13484316
   0.70392489 -0.03784179 -0.1665478   0.19903739 -0.16413529 -0.52279424]
 [ 0.27195737  0.27115635 -0.52499244  0.00574791  0.22110252 -0.35372649
  -0.18980976  0.23244289 -0.17806711 -0.67880849 -0.24569145  0.99020074]
 [-0.32178892 -0.19599736  0.51539929 -0.03130136 -0.30495549  0.44611623
  -0.28613605  0.92708788  0.3406144  -0.72014586  0.21402698  0.15098276]
 [-0.03512853 -0.05995877  0.08894099  0.00415072 -0.01990386  0.04018324
   0.15925435  0.22484623  0.64493451 -0.24212177  0.89338994  0.60190056]
 [ 0.00312132 -0.13019457  0.10693484  0.02622704  0.04881528 -0.0335045
   0.68416559  0.34523381 -0.2303839  -0.12343951 -0.38670298  0.62545858]
 [-0.06790155  0.10721001 -0.01713645 -0.03576103 -0.11592508  0.12695178
  -0.96991744  0.61642784 -0.73497463 -0.04686957  0.61781189  0.62521886]
 [ 0.70392489 -0.18980976 -0.28613605  0.15925435  0.68416559 -0.96991744
   0.51605747 -0.00273045  0.58841273 -0.61333728 -0.64798231 -0.71621474]
 [-0.03784179  0.23244289  0.92708788  0.22484623  0.34523381  0.61642784
  -0.99474389 -0.51729732  0.06185155  0.83761396 -0.10548279 -0.72253942]
 [-0.1665478  -0.17806711  0.3406144   0.64493451 -0.2303839  -0.73497463
   0.85751991  0.50117852 -0.84348435 -0.63816421 -0.17006948 -0.34254851]
 [ 0.19903739 -0.67880849 -0.72014586 -0.24212177 -0.12343951 -0.04686957
  -0.17140035 -0.75465707  0.06574343  0.76479172  0.81298481 -0.70085207]
 [-0.16413529 -0.24569145  0.21402698  0.89338994 -0.38670298  0.61781189
   0.18229576  0.3049594   0.53831488 -0.86447181  0.6286242  -0.33862344]
 [-0.52279424  0.99020074  0.15098276  0.60190056  0.62545858  0.62521886
   0.86440237  0.12233353 -0.53546338  0.00661273 -0.68722285 -0.89236565]]

[[ 0.02628374 -0.11761181  0.07112869  0.02877943  0.07129549 -0.06595289
  -0.33728251  0.74691669  0.80829142  0.96303592 -0.34956692 -0.91851862]
 [-0.033202   -0.42797731  0.39869809  0.07679102  0.11008746 -0.04403449
  -0.70663364  0.87735341 -0.37741407  0.20280405  0.33963737 -0.63249762]
 [-0.00039778  0.49032883 -0.41505888 -0.09631192 -0.17067952  0.10890848
   0.50735497 -0.79213982 -0.24672043  0.21715576  0.74148541 -0.31400513]
 [ 0.01221424  0.05849059 -0.06282238 -0.00883052 -0.00614718 -0.00565724
   0.35963861  0.60064668  0.24513094 -0.91960049  0.76137784 -0.0654887 ]
 [ 0.04199249  0.01224524 -0.05596105  0.00670107  0.04442394 -0.06116155
   0.1524632  -0.13390151 -0.32530873 -0.12690953  0.03008217 -0.30812287]
 [-0.04730851  0.08434417 -0.02011529 -0.02680901 -0.08411709  0.09058128
  -0.26972529  0.19065866  0.61664063 -0.65697839 -0.48130931  0.2818635 ]
 [-0.33728251 -0.70663364  0.50735497  0.35963861  0.1524632  -0.26972529
   0.32118358 -0.53736808 -0.78570137 -0.82112242  0.47732795  0.33994574]
 [ 0.74691669  0.87735341 -0.79213982  0.60064668 -0.13390151  0.19065866
  -0.91139001  0.52766541  0.8592756  -0.61468948  0.53815759  0.04206045]
 [ 0.80829142 -0.37741407 -0.24672043  0.24513094 -0.32530873  0.61664063
   0.74626282  0.82610106  0.5151405  -0.63593385  0.47853199 -0.17618133]
 [ 0.96303592  0.20280405  0.21715576 -0.91960049 -0.12690953 -0.65697839
   0.02782601 -0.19647177 -0.344734   -0.44533048  0.4559188   0.73635564]
 [-0.34956692  0.33963737  0.74148541  0.76137784  0.03008217 -0.48130931
  -0.30918828 -0.31293651 -0.45318089 -0.86483342 -0.30678691  0.63680644]
 [-0.91851862 -0.63249762 -0.31400513 -0.0654887  -0.30812287  0.2818635
  -0.992617   -0.23017525  0.15923096 -0.75638623  0.10847416 -0.20334576]]

[[ 0.00658744  0.2565782  -0.22456803 -0.04892458 -0.08143581  0.04665399
   0.1859481  -0.06715511  0.96115117  0.92716515 -0.82138274  0.36068234]
 [-0.04851253 -0.16215284  0.19006629  0.02130431  0.00005912  0.03796639
  -0.21220452 -0.05520459  0.38627877 -0.81516936 -0.15858093 -0.10242792]
 [ 0.03395717 -0.14112378  0.0827222   0.03505722  0.08835223 -0.0828167
   0.12685114 -0.49575561 -0.7023719  -0.15410904 -0.27544291  0.91005318]
 [ 0.01094864  0.08744937 -0.08598736 -0.01478798 -0.01766726  0.002664
   0.32731869  0.45010127  0.41630352  0.23021089  0.73445534  0.56776616]
 [ 0.02447693  0.35369999 -0.32628613 -0.06410594 -0.0944155   0.04089811
   0.28326711  0.11508274  0.83883733  0.42388434  0.53503693  0.08050513]
 [-0.02073424 -0.42604538  0.3835267   0.07911495  0.12386859 -0.06256996
  -0.80270822  0.04821239  0.34066811  0.29187441 -0.30952431 -0.87993054]
 [ 0.1859481  -0.21220452  0.12685114  0.32731869  0.28326711 -0.80270822
   0.72130362 -0.17057149 -0.28084772 -0.44022024 -0.58742881  0.52800425]
 [-0.06715511 -0.05520459 -0.49575561  0.45010127  0.11508274  0.04821239
   0.32407852  0.1609604  -0.68190038 -0.43348658 -0.00581694 -0.48397544]
 [ 0.96115117  0.38627877 -0.7023719   0.41630352  0.83883733  0.34066811
  -0.83213569 -0.81230965  0.8498418   0.79821337  0.41464031  0.73043449]
 [ 0.92716515 -0.81516936 -0.15410904  0.23021089  0.42388434  0.29187441
   0.96197511  0.2865673  -0.90772643 -0.55322675  0.78556773 -0.74592944]
 [-0.82138274 -0.15858093 -0.27544291  0.73445534  0.53503693 -0.30952431
   0.27276499  0.39692052  0.28635851 -0.69970036 -0.92604173  0.99396891]
 [ 0.36068234 -0.10242792  0.91005318  0.56776616  0.08050513 -0.87993054
  -0.67023498 -0.35752972 -0.7662961  -0.98579271 -0.41863368 -0.34966152]]

[[-0.17449295  0.0225501   0.17031183 -0.04225626 -0.21008891  0.27036676
   0.71160672  0.86587935 -0.41266489 -0.55088889 -0.38165376 -0.5404251 ]
 [-0.05210548  0.57335986 -0.42928591 -0.123817   -0.25944001  0.20589045
  -0.89761654  0.10083714  0.76687672 -0.42714106 -0.87955618  0.06006372]
 [ 0.23357285 -0.51032799  0.1788833   0.15079012  0.44790328 -0.46796129
   0.80497153 -0.01511393  0.36510388  0.80981072 -0.08237417  0.72130586]
 [-0.02760531 -0.10763133  0.12117056  0.0151374   0.00536616  0.01821131
  -0.54747955  0.06105044 -0.62778256 -0.02692028  0.09321059  0.58775846]
 [-0.18417211 -0.17290423  0.34644144 -0.00599737 -0.15345606  0.24191594
   0.21773789 -0.00212717  0.59425843 -0.17662916  0.13952027  0.63344456]
 [ 0.25387688  0.09234695 -0.35384725  0.03691883  0.26221879 -0.36572321
  -0.89680819  0.95719582  0.26287958 -0.34566926  0.18468872  0.74583125]
 [ 0.71160672 -0.89761654  0.80497153 -0.54747955  0.21773789 -0.89680819
  -0.84824391 -0.32945194 -0.95339329 -0.27448781  0.35966287 -0.85977736]
 [ 0.86587935  0.10083714 -0.01511393  0.06105044 -0.00212717  0.95719582
   0.31060553 -0.11298164  0.76406032  0.16982412 -0.79592039 -0.18636153]
 [-0.41266489  0.76687672  0.36510388 -0.62778256  0.59425843  0.26287958
  -0.99452286  0.64174875 -0.62934785  0.10250459 -0.74607858  0.81683792]
 [-0.55088889 -0.42714106  0.80981072 -0.02692028 -0.17662916 -0.34566926
  -0.8838593   0.93932734 -0.7517551   0.65885437 -0.51555724  0.63955796]
 [-0.38165376 -0.87955618 -0.08237417  0.09321059  0.13952027  0.18468872
  -0.54891838  0.39518492  0.06988807  0.36506493 -0.97814807 -0.34107202]
 [-0.5404251   0.06006372  0.72130586  0.58775846  0.63344456  0.74583125
  -0.42173087 -0.6029656  -0.78251582  0.92125514  0.48490746  0.7300862 ]]

[[-0.10444937 -0.16473199  0.25297381  0.0096831  -0.06388378  0.12247091
  -0.7407297   0.08864657  0.29183526  0.23183918  0.90185094  0.99968503]
 [ 0.33819144 -0.40981417 -0.01985755  0.15374634  0.53427665 -0.60487402
   0.1443306  -0.87100743  0.04315169 -0.15862735  0.39308847  0.93496169]
 [-0.17318918  0.52608903 -0.25778802 -0.14079172 -0.38338202  0.3796052
   0.37238947  0.84296879 -0.90146786 -0.11574498  0.33548006  0.03983106]
 [-0.08901424  0.04471026  0.05874286 -0.02807296 -0.11870062  0.14525711
   0.56551125 -0.69534197  0.28642449  0.48861823 -0.77156647  0.15626185]
 [-0.23847447 -0.04867871  0.30012398 -0.04214929 -0.25952483  0.35194312
   0.06890195 -0.29540158 -0.25529503  0.21620559 -0.48012506 -0.60542528]
 [ 0.2335563   0.16002101 -0.38913339  0.01923238  0.21517136 -0.31986988
  -0.74471795 -0.44654555 -0.39110064 -0.3915981   0.90317395  0.48455633]
 [-0.7407297   0.1443306   0.37238947  0.56551125  0.06890195 -0.74471795
   0.65159828  0.17870608  0.61270949 -0.71285612 -0.51285244 -0.53347394]
 [ 0.08864657 -0.87100743  0.84296879 -0.69534197 -0.29540158 -0.44654555
   0.37704077 -0.22936909 -0.05959113  0.7829788   0.27937418  0.91686126]
 [ 0.29183526  0.04315169 -0.90146786  0.28642449 -0.25529503 -0.39110064
   0.75415406 -0.32305721  0.40874459 -0.23882477 -0.32520667 -0.16166316]
 [ 0.23183918 -0.15862735 -0.11574498  0.48861823  0.21620559 -0.3915981
  -0.36876403  0.79449546  0.76673262 -0.32690673  0.50139208  0.53104668]
 [ 0.90185094  0.39308847  0.33548006 -0.77156647 -0.48012506  0.90317395
   0.13923429 -0.36180413  0.40794717 -0.07259085 -0.69961639  0.14691579]
 [ 0.99968503  0.93496169  0.03983106  0.15626185 -0.60542528  0.48455633
  -0.21089996  0.20765562 -0.59229717 -0.94968089  0.60074228  0.95623705]]

[[-0.06340221  0.14382842 -0.05305009 -0.04197182 -0.12342189  0.12819699
  -0.15020993  0.4764453  -0.38817004  0.85626931  0.0709466  -0.9599681 ]
 [ 0.02507837  0.40025133 -0.36638531 -0.07311112 -0.10987872  0.05026561
  -0.02687991  0.05634364  0.23301381 -0.5901073  -0.05980664 -0.99048058]
 [ 0.04757532 -0.49529397  0.3680528   0.10751462  0.22708825 -0.18175739
   0.7116008  -0.22026582  0.16605393 -0.02299484 -0.33048835 -0.45826707]
 [-0.01866745 -0.04736557  0.06040061  0.00524817 -0.00519503  0.0179292
   0.84702186  0.03039411 -0.66372566  0.22597452 -0.33094544  0.56984664]
 [-0.08219761  0.02776843  0.06569912 -0.02327029 -0.10491786  0.13114763
  -0.30823944 -0.05619141 -0.66290803 -0.51686329  0.34420245  0.7988567 ]
 [ 0.10196756 -0.13034105 -0.00024319  0.0476861   0.16344211 -0.18387186
   0.86403248  0.53303169 -0.44474379 -0.77258382 -0.58168364 -0.77041726]
 [-0.15020993 -0.02687991  0.7116008   0.84702186 -0.30823944  0.86403248
   0.50322952 -0.9691482   0.75320913  0.67811157  0.72991271  0.22991518]
 [ 0.4764453   0.05634364 -0.22026582  0.03039411 -0.05619141  0.53303169
  -0.23305833  0.40694975 -0.32607501 -0.07495325 -0.33882027  0.5407366 ]
 [-0.38817004  0.23301381  0.16605393 -0.66372566 -0.66290803 -0.44474379
  -0.1198343  -0.62041784  0.09855772 -0.27178049 -0.37460995 -0.91646331]
 [ 0.85626931 -0.5901073  -0.02299484  0.22597452 -0.51686329 -0.77258382
   0.6137845  -0.04016089  0.4276618  -0.29900747  0.31743484  0.78844747]
 [ 0.0709466  -0.05980664 -0.33048835 -0.33094544  0.34420245 -0.58168364
  -0.98824702  0.84043636 -0.90034818 -0.01833039 -0.31033237 -0.41992751]
 [-0.9599681  -0.99048058 -0.45826707  0.56984664  0.7988567  -0.77041726
   0.14147193  0.4232183  -0.19227403 -0.02647613 -0.37078976  0.56489452]]

[[-0.09997232  0.03781348  0.0764825  -0.02909525 -0.12900827  0.16039988
  -0.68529214 -0.86673603  0.95559773 -0.14187702 -0.52792867  0.02323299]
 [ 0.16762936 -0.2475699   0.02781428  0.08492772  0.28024909 -0.30963017
   0.47174686  0.12580979  0.65763033 -0.62992416  0.40539349  0.36514839]
 [-0.03351978  0.16873541 -0.10659431 -0.0403811  -0.09743067  0.08825032
   0.09906506  0.3862931   0.72645032 -0.04892627  0.09992198  0.82899865]
 [-0.05457125  0.05678305  0.01112328 -0.02297481 -0.08296769  0.09553949
   0.14392011  0.26738767 -0.54902794 -0.15203378 -0.75277926  0.97900566]
 [-0.17407406  0.12977516  0.07899765 -0.06320807 -0.24682672  0.29341348
  -0.47875732 -0.06018409 -0.33490919 -0.91343926  0.25412742 -0.96894614]
 [ 0.18907353 -0.11219351 -0.11017845  0.06300967  0.2581096  -0.3123427
   0.84639918 -0.17744339 -0.80526881  0.66481877  0.24479052  0.10735031]
 [-0.68529214  0.47174686  0.09906506  0.14392011 -0.47875732  0.84639918
   0.38164672 -0.33791255  0.61392431  0.410222    0.83945062  0.14049149]
 [-0.86673603  0.12580979  0.3862931   0.26738767 -0.06018409 -0.17744339
   0.13388745 -0.92741394 -0.00807619  0.32683922  0.54611738  0.5971603 ]
 [ 0.95559773  0.65763033  0.72645032 -0.54902794 -0.33490919 -0.80526881
   0.19150577  0.72335601 -0.39892943  0.9198323  -0.26335198  0.57529937]
 [-0.14187702 -0.62992416 -0.04892627 -0.15203378 -0.91343926  0.66481877
   0.86427344 -0.01036271 -0.03312206  0.25771525 -0.53859592 -0.16440518]
 [-0.52792867  0.40539349  0.09992198 -0.75277926  0.25412742  0.24479052
  -0.90319628 -0.32963728  0.43549667 -0.47406111  0.82452317  0.62753416]
 [ 0.02323299  0.36514839  0.82899865  0.97900566 -0.96894614  0.10735031
   0.86430784  0.14190609  0.40674632  0.65593242 -0.3361458   0.86870522]]

[[ 0.06262771  0.04545746 -0.10650462  0.00465707  0.05681324 -0.08520972
  -0.85987039 -0.98397288  0.89351423  0.71781287 -0.67902463  0.80101716]
 [ 0.25089177  0.40730287 -0.61749144 -0.02553759  0.14942118 -0.2916159
   0.73458866  0.77511335  0.20622416 -0.12241381 -0.97121312 -0.24540965]
 [-0.28058381 -0.39448302  0.63886034  0.01658436 -0.18828865  0.33960609
  -0.63325387  0.65816607  0.25848948  0.79356807 -0.11862459  0.51453902]
 [-0.03565885 -0.07007668  0.09809031  0.00602136 -0.01700613  0.03875496
  -0.89798234 -0.37112194  0.86497541  0.51964737 -0.60457843  0.46006986]
 [-0.01450361 -0.08870459  0.09091009  0.01426358  0.01398232  0.0024655
  -0.01679426  0.36339884  0.99203103  0.03699229 -0.00253263 -0.65783331]
 [-0.03983353  0.02082865  0.02559153 -0.01272365 -0.05340307  0.06518333
   0.15449996  0.68160121  0.7925108  -0.67781335  0.86913874 -0.31351504]
 [-0.85987039  0.73458866 -0.63325387 -0.89798234 -0.01679426  0.15449996
  -0.78291995 -0.20022398  0.73957169 -0.62010903  0.03691357 -0.50960106]
 [-0.98397288  0.77511335  0.65816607 -0.37112194  0.36339884  0.68160121
  -0.81660859  0.2530601   0.19901716  0.79795996 -0.60492679 -0.69284778]
 [ 0.89351423  0.20622416  0.25848948  0.86497541  0.99203103  0.7925108
   0.57520067 -0.43213824  0.18155606 -0.69760239 -0.46765057 -0.37789413]
 [ 0.71781287 -0.12241381  0.79356807  0.51964737  0.03699229 -0.67781335
   0.94001124 -0.42208346  0.08314508  0.56799756  0.21221831 -0.63929519]
 [-0.67902463 -0.97121312 -0.11862459 -0.60457843 -0.00253263  0.86913874
   0.56925158  0.75605866 -0.4715741  -0.26871    -0.31239343 -0.31801764]
 [ 0.80101716 -0.24540965  0.51453902  0.46006986 -0.65783331 -0.31351504
  -0.14006655  0.32150016 -0.73373788 -0.22545288  0.66196444  0.1719532 ]]

[[ 0.02420936 -0.03050756 -0.00042914  0.01123572  0.03865263 -0.04355845
   0.11165831 -0.08801053  0.80179371 -0.62466174 -0.02377105  0.19943871]
 [ 0.23403013 -0.01726404 -0.23942145  0.05412682  0.27726539 -0.35974914
  -0.0656017  -0.67436621 -0.14274313  0.97836405 -0.72665914  0.09219697]
 [-0.22459085  0.04774643  0.20334476 -0.05806242 -0.27690601  0.35212588
   0.72917478  0.99099977 -0.82835505  0.37125848  0.17980803 -0.47510579]
 [-0.04067907 -0.00322616  0.04689276 -0.00818628 -0.0460325   0.06115611
   0.77185796  0.45095356 -0.96276849  0.21995928 -0.82110066 -0.18482108]
 [-0.05318206 -0.0293691   0.08261812 -0.00576651 -0.05144957  0.07439744
  -0.45078911  0.90945345  0.79640004 -0.75973333  0.11853293 -0.17762938]
 [ 0.01487246  0.04258561 -0.05223058 -0.00513289  0.0024555  -0.01321321
   0.07024932  0.25562666  0.08593272  0.67208128  0.12954626  0.00298342]
 [ 0.11165831 -0.0656017   0.72917478  0.77185796 -0.45078911  0.07024932
   0.33579418 -0.66662752 -0.82666929 -0.25865876 -0.4882702   0.61156096]
 [-0.08801053 -0.67436621  0.99099977  0.45095356  0.90945345  0.25562666
   0.16133107  0.98398523 -0.58954907 -0.25990611  0.48187556  0.53005816]
 [ 0.80179371 -0.14274313 -0.82835505 -0.96276849  0.79640004  0.08593272
   0.494959   -0.1990368  -0.11305619 -0.08291491 -0.4736342  -0.02974428]
 [-0.62466174  0.97836405  0.37125848  0.21995928 -0.75973333  0.67208128
  -0.54461386 -0.06056809 -0.79072453 -0.32068427 -0.23925849  0.32992555]
 [-0.02377105 -0.72665914  0.17980803 -0.82110066  0.11853293  0.12954626
  -0.95823189 -0.80106132  0.98398777  0.16033096  0.8726446   0.65213734]
 [ 0.19943871  0.09219697 -0.47510579 -0.18482108 -0.17762938  0.00298342
   0.92353498 -0.16461596 -0.32968251  0.13539766 -0.27522985  0.36550145]]

[[ 0.05298393 -0.00327295 -0.05474309  0.01212946  0.06255165 -0.08130605
   0.94662504  0.18394965 -0.79109176  0.35785699 -0.16293852 -0.31901057]
 [ 0.06377508  0.15542835 -0.20093635 -0.01667566  0.01996662 -0.06266446
  -0.11155364 -0.63628574  0.20088048 -0.83806292 -0.85990953  0.3259592 ]
 [-0.11155768 -0.12815263  0.2296939   0.00096339 -0.08482185  0.14136155
   0.12234175 -0.46585162 -0.60736559  0.84393491  0.68304049 -0.74730627]
 [-0.00102853 -0.03121198  0.02756465  0.00590227  0.00964309 -0.00532979
   0.7075709   0.851265   -0.36932874  0.47153592 -0.66494778 -0.00856819]
 [ 0.03927582 -0.05775099  0.00630083  0.01984865  0.06557426 -0.07249049
  -0.73366749 -0.37987546  0.17334192 -0.5729572  -0.27117602  0.6186385 ]
 [-0.06649653  0.03930873  0.03887595 -0.02213098 -0.09072444  0.1098169
  -0.30758068 -0.96499435 -0.41673128  0.64797872  0.01388081  0.57145052]
 [ 0.94662504 -0.11155364  0.12234175  0.7075709  -0.73366749 -0.30758068
  -0.78792175 -0.42650386  0.11462219  0.44688944 -0.71871109 -0.25425633]
 [ 0.18394965 -0.63628574 -0.46585162  0.851265   -0.37987546 -0.96499435
  -0.83102668 -0.03254929  0.61614559  0.97742709 -0.29656368  0.92050996]
 [-0.79109176  0.20088048 -0.60736559 -0.36932874  0.17334192 -0.41673128
   0.5399083  -0.91268922 -0.08357487 -0.32108878  0.00696126  0.03113934]
 [ 0.35785699 -0.83806292  0.84393491  0.47153592 -0.5729572   0.64797872
   0.79740316  0.89464917 -0.38292168 -0.2286766   0.39195302 -0.65050575]
 [-0.16293852 -0.85990953  0.68304049 -0.66494778 -0.27117602  0.01388081
  -0.16661711  0.46604445  0.31465998  0.26737263  0.1230449   0.95248218]
 [-0.31901057  0.3259592  -0.74730627 -0.00856819  0.6186385   0.57145052
  -0.02424211  0.22636967 -0.88292632 -0.82636896 -0.04475247  0.04750029]]

[[ 0.23820142 -0.13811586 -0.14154318  0.07874801  0.32405437 -0.39278691
   0.75888027 -0.05525928  0.01927451 -0.00316799 -0.6103446  -0.01225957]
 [-0.04085142 -0.05226899  0.08863736  0.00140087 -0.02920699  0.05058569
  -0.31788655  0.64806346 -0.25576741  0.9391396   0.52673887 -0.34202305]
 [-0.2239623   0.19422239  0.07854288 -0.08667165 -0.3270268   0.38352343
  -0.89873898  0.520888    0.99950578 -0.68234584  0.34460968 -0.21753972]
 [ 0.05966013 -0.0196865  -0.04808204  0.01679801  0.07598825 -0.09508529
  -0.38518195  0.05398419  0.57737573 -0.83068109 -0.19428376  0.50250172]
 [ 0.29028887 -0.14194945 -0.19483803  0.09079313  0.38576151 -0.47285334
   0.62422605  0.76947705 -0.52575196  0.31846804 -0.47190033  0.0454569 ]
 [-0.3713032   0.19851495  0.23485084 -0.11945823 -0.49930474  0.608562
  -0.6516232   0.50380627  0.09091694 -0.67576708  0.91344967 -0.78944117]
 [ 0.75888027 -0.31788655 -0.89873898 -0.38518195  0.62422605 -0.6516232
  -0.81128053 -0.05437884 -0.20894802  0.69424582  0.62408565  0.8968415 ]
 [-0.05525928  0.64806346  0.520888    0.05398419  0.76947705  0.50380627
  -0.34105617  0.98130738 -0.67886882 -0.94536825  0.8033618   0.56335127]
 [ 0.01927451 -0.25576741  0.99950578  0.57737573 -0.52575196  0.09091694
   0.48022783  0.45452145 -0.86431341 -0.84932307  0.79498139 -0.14388376]
 [-0.00316799  0.9391396  -0.68234584 -0.83068109  0.31846804 -0.67576708
   0.64583345  0.64372655  0.50322242  0.93825486 -0.32912975  0.28276773]
 [-0.6103446   0.52673887  0.34460968 -0.19428376 -0.47190033  0.91344967
  -0.52767163  0.41773377 -0.44423247  0.38183465 -0.3118899  -0.59285907]
 [-0.01225957 -0.34202305 -0.21753972  0.50250172  0.0454569  -0.78944117
  -0.06830757 -0.93911598  0.43404007  0.48135701 -0.40030154 -0.5372921 ]]

[[-0.13034177 -0.12533486  0.2476972  -0.00366207 -0.10757331  0.17055261
   0.71464347 -0.501478   -0.68532423 -0.97445626 -0.71371905 -0.39110723]
 [ 0.06863806  0.57973954 -0.56576455 -0.09889124 -0.12169685  0.02366102
  -0.28022527  0.43932994 -0.97362375  0.63274025 -0.02905411  0.32542516]
 [ 0.08333007 -0.355198    0.21052603  0.08777297  0.21989823 -0.2051924
   0.22831099  0.70574986 -0.12726138  0.97512929 -0.03872864 -0.64666037]
 [-0.04172872 -0.14094546  0.16473161  0.01861318  0.00056029  0.03233317
  -0.1035776  -0.54207719  0.05001066  0.28730582 -0.14276571  0.56864688]
 [-0.17491132 -0.34653735  0.48352018  0.03008543 -0.08244456  0.18947927
   0.0177899   0.03999571 -0.00573424 -0.02347145 -0.17311538  0.32334912]
 [ 0.21339722  0.31867397 -0.50168777 -0.0162734   0.13672766 -0.25416682
   0.07773532 -0.14156035  0.41732536  0.41842479  0.06496124 -0.95064937]
 [ 0.71464347 -0.28022527  0.22831099 -0.1035776   0.0177899   0.07773532
  -0.51194676 -0.07963037 -0.27325677  0.7027014  -0.05691339  0.59056137]
 [-0.501478    0.43932994  0.70574986 -0.54207719  0.03999571 -0.14156035
  -0.74743449 -0.32384426 -0.81055192  0.11041276 -0.25906128  0.28767502]
 [-0.68532423 -0.97362375 -0.12726138  0.05001066 -0.00573424  0.41732536
   0.04915004 -0.94526993  0.64953529  0.68650816 -0.96579804 -0.76035722]
 [-0.97445626  0.63274025  0.97512929  0.28730582 -0.02347145  0.41842479
   0.98997788 -0.96072013  0.62580929 -0.94002475  0.30738664 -0.94024312]
 [-0.71371905 -0.02905411 -0.03872864 -0.14276571 -0.17311538  0.06496124
   0.89283228  0.06416327  0.58703523 -0.04631838 -0.67842307  0.76674178]
 [-0.39110723  0.32542516 -0.64666037  0.56864688  0.32334912 -0.95064937
   0.96972768  0.27895683 -0.87807218  0.76044827 -0.12895147 -0.73511796]]

[[-0.05499699 -0.23886204  0.26210666  0.03495242  0.0191725   0.0308851
  -0.33911673 -0.46253703 -0.73685674 -0.65703507 -0.008824    0.87783062]
 [ 0.26464037 -0.06198289 -0.2347568   0.06953921  0.32827096 -0.41618165
  -0.82588476 -0.03952826  0.33082594  0.4040552  -0.68656359 -0.10083374]
 [-0.16454695  0.3118183  -0.08560264 -0.09686801 -0.2989801   0.31913328
  -0.19570127  0.39890389  0.45554585  0.30439514  0.70839972 -0.2849228 ]
 [-0.06385854 -0.0396224   0.10289629 -0.00606903 -0.06026559  0.08837053
  -0.47237066  0.27880454 -0.93733971  0.51146871 -0.01124468  0.95434343]
 [-0.15561918 -0.25535551  0.38531279  0.01637387 -0.09173631  0.18027808
  -0.53738005  0.18808633 -0.94172755 -0.41425217 -0.65557393  0.18882618]
 [ 0.14209837  0.34959397 -0.45049031 -0.03779928  0.04334886 -0.138899
   0.12903246 -0.70770895  0.40719396  0.83390786  0.4105989  -0.6397927 ]
 [-0.33911673 -0.82588476 -0.19570127 -0.47237066 -0.53738005  0.12903246
   0.19197026  0.36078458 -0.02858481  0.02760606  0.29233183 -0.63286746]
 [-0.46253703 -0.03952826  0.39890389  0.27880454  0.18808633 -0.70770895
   0.93199037  0.85009898  0.74224299 -0.84843008  0.93314813 -0.94970465]
 [-0.73685674  0.33082594  0.45554585 -0.93733971 -0.94172755  0.40719396
   0.74036744  0.8166075   0.25540172 -0.56807597 -0.03883901 -0.31105826]
 [-0.65703507  0.4040552   0.30439514  0.51146871 -0.41425217  0.83390786
  -0.97184236  0.24125465  0.82307046 -0.32353199 -0.25551741 -0.62366172]
 [-0.008824   -0.68656359  0.70839972 -0.01124468 -0.65557393  0.4105989
   0.78614638 -0.39190511 -0.90252418  0.87231149 -0.80240403 -0.7549812 ]
 [ 0.87783062 -0.10083374 -0.2849228   0.95434343  0.18882618 -0.6397927
  -0.70727431  0.8848589  -0.64466099 -0.77589312 -0.41644107  0.35855153]]

[[-0.08697946 -0.01336744  0.1057474  -0.01623422 -0.09618027  0.12933426
   0.37788033  0.24391664  0.33032268 -0.29484977  0.47213684 -0.35763   ]
 [ 0.05405321  0.70464112 -0.65577008 -0.1265649  -0.18196242  0.07343126
   0.60886312 -0.97132268 -0.66914735 -0.04527701  0.47323811 -0.29884799]
 [ 0.04861706 -0.58258185  0.44088721  0.12487048  0.25859789 -0.20262186
  -0.77180708 -0.3103944  -0.92413079  0.10386034  0.42661516 -0.40367746]
 [-0.02946534 -0.141182    0.15161959  0.02131836  0.0148573   0.01362957
   0.68887867  0.31684323 -0.66244983 -0.15812174  0.85171979 -0.6803934 ]
 [-0.11958546 -0.26011195  0.35022699  0.02511958 -0.04831722  0.12442389
  -0.20403048 -0.63369107  0.40598118  0.66366829 -0.5985142   0.03826681]
 [ 0.14422609  0.17597116 -0.30567702 -0.00326498  0.10608861 -0.18048472
  -0.836739    0.98550466 -0.80518973  0.92928826  0.78650766 -0.70188953]
 [ 0.37788033  0.60886312 -0.77180708  0.68887867 -0.20403048 -0.836739
  -0.74937039  0.95470849  0.75992527  0.44631099  0.49829182  0.01977905]
 [ 0.24391664 -0.97132268 -0.3103944   0.31684323 -0.63369107  0.98550466
  -0.2336033   0.60464039  0.6991189  -0.29435511  0.65353188  0.63480324]
 [ 0.33032268 -0.66914735 -0.92413079 -0.66244983  0.40598118 -0.80518973
  -0.87771508 -0.29432861 -0.25611864 -0.52762901  0.92205615 -0.44148824]
 [-0.29484977 -0.04527701  0.10386034 -0.15812174  0.66366829  0.92928826
  -0.76594969 -0.18819109 -0.57178661 -0.13908796  0.07511286 -0.63285479]
 [ 0.47213684  0.47323811  0.42661516  0.85171979 -0.5985142   0.78650766
  -0.96266871  0.00208957  0.56760765 -0.7121224  -0.64303742 -0.51998566]
 [-0.35763    -0.29884799 -0.40367746 -0.6803934   0.03826681 -0.70188953
   0.0341863  -0.87927198 -0.29614622 -0.64840015 -0.9012291   0.21091415]]

[[ 0.06407605  0.28009124 -0.30689885 -0.04107516 -0.02296144 -0.03558674
   0.83660617 -0.94284055  0.46430068  0.63896705 -0.42416817 -0.12241514]
 [-0.09423372 -0.50760204  0.53242256  0.0791852   0.06698542  0.03120104
   0.89842627  0.93528193 -0.92400217 -0.67731146 -0.79184056  0.41521529]
 [ 0.01029346  0.12607555 -0.11800686 -0.02251031 -0.03183583  0.01219218
  -0.10655519  0.55219583  0.30264741  0.86318384  0.17316928  0.72544967]
 [ 0.03238509  0.16034056 -0.17102353 -0.02444516 -0.01812385 -0.01383848
  -0.92170421  0.91756696  0.1838068  -0.37953676 -0.40697832  0.90545444]
 [ 0.10698608  0.50087799 -0.54056807 -0.07510086 -0.04986947 -0.05208127
   0.27161818 -0.97327527 -0.3625364  -0.60898323  0.71863712 -0.02489391]
 [-0.11826739 -0.5381089   0.58436286  0.07996148  0.04971769  0.06101545
   0.05214232 -0.74467115 -0.94069112 -0.18491648 -0.63197691 -0.28379493]
 [ 0.83660617  0.89842627 -0.10655519 -0.92170421  0.27161818  0.05214232
  -0.88855754  0.45922739 -0.08610148  0.95795242  0.69253201  0.11157287]
 [-0.94284055  0.93528193  0.55219583  0.91756696 -0.97327527 -0.74467115
  -0.04012814 -0.16584473  0.51417324  0.52597312  0.88284966 -0.08874256]
 [ 0.46430068 -0.92400217  0.30264741  0.1838068  -0.3625364  -0.94069112
   0.37002563  0.2450776  -0.73667373  0.61054044  0.82733706  0.55805298]
 [ 0.63896705 -0.67731146  0.86318384 -0.37953676 -0.60898323 -0.18491648
   0.84317602  0.17223561 -0.06421036  0.06673167 -0.6229767   0.33832712]
 [-0.42416817 -0.79184056  0.17316928 -0.40697832  0.71863712 -0.63197691
  -0.56370964  0.75739972 -0.45085541 -0.93338189 -0.95761551 -0.80651826]
 [-0.12241514  0.41521529  0.72544967  0.90545444 -0.02489391 -0.28379493
  -0.38674451 -0.77639645  0.63741514  0.45022642  0.54933196 -0.25493128]]

[[-0.11912388  0.16619242 -0.01151226 -0.0584414  -0.19577443  0.21788369
  -0.55009263 -0.86329912  0.46992019 -0.80359068 -0.09186623 -0.8135726 ]
 [-0.21644199 -0.38921133  0.56476436  0.02945604 -0.1157698   0.24321736
  -0.41250265  0.21304354 -0.95248325  0.03823435 -0.79497218 -0.98318299]
 [ 0.31272124  0.14939706 -0.46606815  0.03848062  0.31062221 -0.44261826
  -0.89230636  0.03999318 -0.18696799  0.82045434  0.69841004  0.26340864]
 [ 0.01664955  0.11241292 -0.11332936 -0.01845103 -0.01972528 -0.00049256
   0.42983362  0.80905454  0.84846177  0.41773774 -0.52863488  0.62740084]
 [-0.06294228  0.32775453 -0.20940311 -0.0779671  -0.18673902  0.16812296
   0.92673547 -0.78122768 -0.84380177 -0.29639276 -0.46710459  0.57455863]
 [ 0.13336766 -0.33873039  0.14225374  0.09538962  0.27218171 -0.27765709
  -0.54387159 -0.884766   -0.74579309 -0.8271159  -0.26020567  0.23832748]
 [-0.55009263 -0.41250265 -0.89230636  0.42983362  0.92673547 -0.54387159
  -0.93650209  0.31007963 -0.92140647  0.4473822   0.06052882  0.88724563]
 [-0.86329912  0.21304354  0.03999318  0.80905454 -0.78122768 -0.884766
  -0.68365678 -0.95877142 -0.18540999  0.83203429 -0.85782929 -0.3965139 ]
 [ 0.46992019 -0.95248325 -0.18696799  0.84846177 -0.84380177 -0.74579309
  -0.30303307 -0.38400947 -0.45859849  0.1948004  -0.98108008  0.8775416 ]
 [-0.80359068  0.03823435  0.82045434  0.41773774 -0.29639276 -0.8271159
   0.48230693 -0.83464778  0.94523461  0.95445341 -0.57619321 -0.504094  ]
 [-0.09186623 -0.79497218  0.69841004 -0.52863488 -0.46710459 -0.26020567
  -0.15610682 -0.63949819  0.80411562  0.85276768 -0.6322651   0.40381352]
 [-0.8135726  -0.98318299  0.26340864  0.62740084  0.57455863  0.23832748
   0.08021335  0.29606659 -0.70233034 -0.47598034  0.36276293  0.1748936 ]]

[[ 0.08426542 -0.09249427 -0.01309698  0.03642087  0.1297844  -0.14858914
  -0.18151978  0.2565409   0.14057216 -0.43410381 -0.2178911  -0.70573246]
 [ 0.44734011 -0.28961887 -0.24019355  0.15382228  0.61906854 -0.74432933
  -0.91170354  0.36633201  0.86830658  0.11907962 -0.35141005  0.98156175]
 [-0.47053727  0.34582158  0.21775055 -0.16988115 -0.665468    0.79202384
   0.07504925 -0.01827938 -0.22043032 -0.17627694 -0.31483248 -0.70194997]
 [-0.06952014  0.03678373  0.04429784 -0.02229099 -0.09335265  0.11385778
   0.36781328  0.56247374 -0.17244923  0.32876568  0.93395214  0.37314077]
 [-0.05761998 -0.00667154  0.06820243 -0.011183   -0.06447321  0.08616049
   0.87498612 -0.43278078 -0.95119689  0.7144595  -0.12126142  0.7631542 ]
 [-0.02935088  0.07670349 -0.03313462 -0.02141625 -0.06064933  0.06158191
   0.28914188 -0.51546853  0.77437957  0.13825503  0.69735526  0.00853081]
 [-0.18151978 -0.91170354  0.07504925  0.36781328  0.87498612  0.28914188
   0.73222471  0.76511127 -0.44804547  0.71893944 -0.57257071 -0.32408531]
 [ 0.2565409   0.36633201 -0.01827938  0.56247374 -0.43278078 -0.51546853
   0.94848953 -0.95019245 -0.79671225 -0.22625921  0.17653521  0.67347247]
 [ 0.14057216  0.86830658 -0.22043032 -0.17244923 -0.95119689  0.77437957
  -0.4479818  -0.12094894  0.18007316 -0.32556073  0.91841161 -0.2480413 ]
 [-0.43410381  0.11907962 -0.17627694  0.32876568  0.7144595   0.13825503
   0.78655124 -0.98490204  0.84436353  0.22717346  0.21492589 -0.79198752]
 [-0.2178911  -0.35141005 -0.31483248  0.93395214 -0.12126142  0.69735526
   0.23920321  0.56904672 -0.3127285  -0.5862794  -0.55949422 -0.62435023]
 [-0.70573246  0.98156175 -0.70194997  0.37314077  0.7631542   0.00853081
  -0.48955483  0.44429698 -0.42587543 -0.79633264  0.43753693 -0.36432493]]
