A: 
[[ 0.21289941 -0.17654901  0.36239853  0.37470068 -0.29149139  0.81870403
  -0.07075069  0.57864229  0.1999437  -0.94147732  0.26815082  0.55590268]
 [ 0.59666401 -0.29498292  0.36215397 -0.86128613  0.02078086 -0.18402977
   0.83650371  0.26356356  0.26953599  0.12018664 -0.09585273 -0.2842223 ]
 [-0.5114085  -0.22050318 -0.4706133   0.14207696  0.16621244 -0.77670245
  -0.29594789 -0.32791149  0.50952281 -0.0722587  -0.35874034 -0.37027537]
 [-0.33429258 -0.54625336  0.05687956  0.05978869  0.06668659 -0.22361104
  -0.5634834   0.0747083  -0.74198571 -0.8384953   0.75858905 -0.63029504]
 [ 0.30134269 -0.40951945  0.14750242 -0.40019612 -0.25228049  0.46191503
   0.57966985 -0.39102118  0.62890916 -0.84853542 -0.42602854 -0.77746898]
 [-0.10231107 -0.87559038  0.35788405 -0.07644279 -0.18532075  0.47289409
  -0.38784732 -0.02738803 -0.72071286 -0.32482382 -0.10608521 -0.07732355]
 [ 0.32065067  0.9537288  -0.1951402   0.16474401 -0.15804049  0.60003398
   0.59013177 -0.42216179  0.61150079  0.38908658  0.43923281 -0.41281802]
 [ 0.49787385  0.26587002 -0.1399391   0.19519084 -0.41558478  0.66361774
   1.06316868 -0.01770608 -0.38516258 -0.31798844  0.56032843  0.07396961]
 [ 0.11988419  1.22336883 -0.16701586  0.15596081  0.16859198  0.07853759
   0.05769891 -0.15909993 -0.88359067 -0.30951204  0.73635177  0.28888939]
 [-0.08163123  0.52709524  0.51023917  0.01775212  0.51524458 -0.42584733
  -1.07170175  1.0528767   0.67713778 -0.07411869 -0.83886643  0.7974761 ]] 
x segnato:[[ 0.36838636]
 [-0.37648531]
 [ 0.80541813]
 [-0.73826689]
 [ 0.33806483]
 [-0.12222146]
 [-0.43918682]
 [ 0.19260856]
 [ 0.        ]
 [ 0.        ]
 [ 0.        ]
 [ 0.        ]]
Matrici Hi 

[[ 0.20101283  0.00047986 -0.01338802 -0.17833972 -0.15616896  0.31731811
   0.44544388 -0.35607413 -0.38783645 -0.03626781 -0.0754632  -0.45880555]
 [ 0.05276052  0.1595103   0.16468954 -0.2560523   0.10058548  0.09027234
  -0.13851575 -0.18040657 -0.141307    0.52620958  0.12772218 -0.4477814 ]
 [ 0.44806926 -0.24994754  0.329089   -0.5196749  -0.08180292  0.1658577
   0.55231916  0.16993429  0.83756911  0.20967556 -0.80524004  0.24945367]
 [ 0.21256012  0.30471964  0.29280312 -0.04907017  0.06096269  0.21469164
  -0.08976358  0.3748674   0.2121194   0.49426713  0.25703476  0.25929018]
 [-0.04818959 -0.07256855  0.07836031  0.06272202  0.02898817 -0.02181272
  -0.19088372  0.18747681 -0.97634119 -0.35453206  0.82712791 -0.87091491]
 [ 0.44194779 -0.10541595  0.20604724 -0.8683527   0.05359335 -0.13308693
   0.70917464 -0.26567071  0.51074772  0.67438841  0.81500144 -0.59302057]
 [-0.28198644  0.2512148  -0.58018679  0.4414682  -0.21823773  0.29564647
   0.15619572 -0.93330701 -0.59712394  0.24066212 -0.68550573  0.78529756]
 [ 0.79923645  0.15073667  0.68711841 -0.16864918 -0.3033389   1.09493218
   0.57737731  0.67138834 -0.37388103 -0.00936798 -0.41942411  0.61125358]
 [-0.38783645 -0.141307    0.83756911  0.2121194  -0.97634119  0.51074772
  -0.59712394 -0.37388103  0.98582157 -0.85850429  0.00592811  0.67964701]
 [-0.03626781  0.52620958  0.20967556  0.49426713 -0.35453206  0.67438841
   0.24066212 -0.00936798 -0.11182905 -0.24647653 -0.76850241 -0.07625999]
 [-0.0754632   0.12772218 -0.80524004  0.25703476  0.82712791  0.81500144
  -0.68550573 -0.41942411 -0.57096702 -0.17620266 -0.33617912 -0.06342155]
 [-0.45880555 -0.4477814   0.24945367  0.25929018 -0.87091491 -0.59302057
   0.78529756  0.61125358  0.27647444  0.38152724 -0.93769968  0.72557912]]

[[ 0.00426449 -0.29574246 -0.19991055  0.33724879 -0.23938477  0.08012254
   0.33590677  0.16834389  0.22712819  0.18773336 -0.06415354 -0.16389456]
 [ 0.20260981  0.67039396  0.35026171 -0.16600066  0.09672412  0.56394685
  -0.26792167 -0.14080669 -0.71270409  0.39740142 -0.82736767  0.79974951]
 [-0.03001974 -0.66866751 -0.10884236 -0.00189352 -0.20088574 -0.04341762
   0.30664645 -0.05123633  0.2960143   0.56529289  0.85410271 -0.56852462]
 [ 0.2154156   0.81789825  0.31750157 -0.61646277  0.39472843 -0.11127262
  -0.20864827 -0.18246034  0.8300432   0.27009008 -0.21495435  0.32683943]
 [-0.02188875  0.00548898  0.08023031  0.14151871  0.00035564  0.07028439
  -0.17588795  0.23384971  0.92661584  0.11554554 -0.92348568  0.68022372]
 [ 0.09933748 -0.33868541  0.0033938  -0.73401379 -0.07046713  0.16096899
   0.41610235 -1.06937549 -0.6390876  -0.19581045  0.95529144 -0.50248803]
 [-0.04216081  0.02890197 -0.38514705  0.75232139 -0.26554809  0.06202796
   0.34140096  0.4069415  -0.35444471  0.93434191  0.23472009 -0.05958532]
 [ 0.14465612  0.0496148  -0.00894983  0.28026671  0.03270799 -0.39022421
   0.20514429  0.97510008  0.5115043  -0.46386802 -0.47919467 -0.49404796]
 [ 0.22712819 -0.71270409  0.2960143   0.8300432   0.92661584 -0.6390876
  -0.35444471  0.5115043  -0.7496289  -0.47443076 -0.88065535  0.49567804]
 [ 0.18773336  0.39740142  0.56529289  0.27009008  0.11554554 -0.19581045
   0.93434191 -0.46386802 -0.91637186 -0.23907914 -0.19218935 -0.52884927]
 [-0.06415354 -0.82736767  0.85410271 -0.21495435 -0.92348568  0.95529144
   0.23472009 -0.47919467  0.45666832 -0.26693398 -0.64961655 -0.41284943]
 [-0.16389456  0.79974951 -0.56852462  0.32683943  0.68022372 -0.50248803
  -0.05958532 -0.49404796  0.28660585  0.75243662  0.40325419 -0.5311452 ]]

[[-0.09681769  0.17990761  0.10594548  0.01226208  0.24734719 -0.38226009
  -0.41346693  0.41824413 -0.13724384 -0.5862903  -0.01606154  0.21797105]
 [-0.09919197 -0.31276647 -0.14040182  0.98462737 -0.21683069 -0.10721128
  -0.05270944  1.28689541 -0.48408253 -0.34972896 -0.01447558 -0.38186739]
 [-0.28602136  0.14276514  0.0124123   0.04159693  0.31036024 -0.51744309
  -0.63941879  0.22365419  0.59350985 -0.78538167 -0.43278056  0.17117917]
 [ 0.52227455 -0.05275002  0.18219384 -0.43538021 -0.18003712  0.32542114
   0.83456343 -0.03250796  0.03328245  0.74876491 -0.66685077 -0.31794296]
 [-0.22536723 -0.24970678 -0.10146708  0.43577565 -0.13480402  0.15691099
  -0.26502019  0.09085181  0.36378225  0.72042056 -0.01769241  0.17105283]
 [ 0.13132065  0.51896983 -0.00010632 -0.29492027  0.43138228 -0.96046573
   0.07985614  0.61765579 -0.15446354  0.49904209 -0.44454861  0.55919325]
 [ 0.17795444  0.27349357  0.19833627 -0.29319471  0.14848986 -0.05976491
   0.01266433  0.10752681  0.36515977  0.34566178  0.66879701 -0.13263334]
 [ 0.09882819 -0.10852609  0.44758952 -0.43388166  0.11764742  0.20406468
  -0.33387714 -0.02320269  0.39111057  0.72303284  0.25135512  0.04881843]
 [-0.13724384 -0.48408253  0.59350985  0.03328245  0.36378225 -0.15446354
   0.36515977  0.39111057  0.76005717 -0.8539033   0.06164019 -0.13813682]
 [-0.5862903  -0.34972896 -0.78538167  0.74876491  0.72042056  0.49904209
   0.34566178  0.72303284  0.00769236 -0.91916443 -0.80811026 -0.01026367]
 [-0.01606154 -0.01447558 -0.43278056 -0.66685077 -0.01769241 -0.44454861
   0.66879701  0.25135512 -0.72505326 -0.22381124 -0.28732314 -0.22978649]
 [ 0.21797105 -0.38186739  0.17117917 -0.31794296  0.17105283  0.55919325
  -0.13263334  0.04881843 -0.11968377 -0.42089705  0.86208638  0.79439423]]

[[ 0.04065121  0.60271326 -0.30231557 -0.05309645  0.12188145 -0.29354778
   0.30865288 -0.2946434   0.0685623  -0.14882297  0.21380529 -0.74674391]
 [-0.21464303  0.40645731 -0.45558761  0.1835496   0.03620312 -0.18409808
   0.07281354 -0.5782124   0.32121026 -0.40073497  0.35336998  0.55152189]
 [-0.0656908   0.69055776 -0.22197125  0.41031278  0.05411726  0.02090551
  -0.09141528  0.04950176  0.47080295  0.20074631 -0.10405449  0.3250713 ]
 [ 0.08985095 -1.10709781  0.39659902 -0.85408018 -0.04469421 -0.00153129
   0.09244942 -0.36103873  0.69154181  0.97166726 -0.90947321  0.57721844]
 [-0.11252044  0.38695338 -0.20658262  0.58135656 -0.0996789   0.24861688
  -0.1210537   0.0878006  -0.63524216  0.25014072  0.29818419 -0.930685  ]
 [-0.00676621 -0.20376137  0.16367672 -0.691194    0.29227437 -0.5628878
  -0.1014331  -0.17822685  0.47722277 -0.77301764 -0.00206689 -0.93836708]
 [ 0.22334795  0.19833306 -0.16807568 -0.64273022  0.16569481 -0.55819546
   0.67135193 -0.39820939  0.07813849  0.53267095 -0.43110919  0.35234076]
 [ 0.12705158  0.31204985 -0.22192671 -0.03451722 -0.13361584  0.26428263
   0.47734572 -0.55402085 -0.65207906 -0.29691766  0.86512357 -0.66500238]
 [ 0.0685623   0.32121026  0.47080295  0.69154181 -0.63524216  0.47722277
   0.07813849 -0.65207906  0.74968891  0.57519642  0.69611538 -0.42364496]
 [-0.14882297 -0.40073497  0.20074631  0.97166726  0.25014072 -0.77301764
   0.53267095 -0.29691766 -0.7314626  -0.63744835 -0.97436933  0.37175974]
 [ 0.21380529  0.35336998 -0.10405449 -0.90947321  0.29818419 -0.00206689
  -0.43110919  0.86512357 -0.32341156  0.25570157  0.63599997  0.4088214 ]
 [-0.74674391  0.55152189  0.3250713   0.57721844 -0.930685   -0.93836708
   0.35234076 -0.66500238  0.84622599  0.61195974  0.94978775  0.23215995]]

[[-0.13851622 -0.35382309 -0.30602275  0.40682601 -0.23193377  0.01108168
   0.21956791  0.00898424  0.98363945  0.19817988  0.97188928 -0.89698744]
 [-0.2417943   0.30404224 -0.28474557  0.51327114  0.05592477 -0.23333374
  -0.24421834  0.20836019 -0.04235268 -0.45922546 -0.14066629 -0.87017568]
 [ 0.14392438 -0.61143643  0.24821328 -0.35599392 -0.07793072  0.03521559
   0.17179494  0.09982637  0.35585077  0.576693    0.76407291  0.18505403]
 [ 0.24832404  0.43929558  0.00502073  0.27410548 -0.00280889 -0.0444619
   0.27857783  0.70025304  0.89263393  0.07722012  0.34176964  0.05338574]
 [-0.06497014 -0.22383954  0.14958137 -0.26481504  0.0877579  -0.07091062
  -0.22653098 -0.13638475  0.21161591 -0.69331452  0.61553071  0.33950137]
 [ 0.24523896  0.40993659 -0.01711026  0.18415084 -0.04354426  0.07852418
   0.33448088  0.40806228  0.22700868  0.50711555 -0.5286163  -0.60822072]
 [-0.41677411  0.05438429 -0.84419233  1.08072496 -0.34831271  0.05598326
   0.22287164 -0.27994134 -0.34556383 -0.72649729 -0.55296714 -0.76926259]
 [ 0.20704112 -1.20045454  0.0684581   0.09990578 -0.38135384 -0.03887451
   0.65579146  0.75642026 -0.10331015 -0.42107871  0.58708495 -0.50932219]
 [ 0.98363945 -0.04235268  0.35585077  0.89263393  0.21161591  0.22700868
  -0.34556383 -0.10331015 -0.80927783  0.12499441 -0.98751639 -0.35988524]
 [ 0.19817988 -0.45922546  0.576693    0.07722012 -0.69331452  0.50711555
  -0.72649729 -0.42107871  0.11061721  0.62921197 -0.18912241  0.0481459 ]
 [ 0.97188928 -0.14066629  0.76407291  0.34176964  0.61553071 -0.5286163
  -0.55296714  0.58708495 -0.81573819  0.35846144  0.35560245  0.37255667]
 [-0.89698744 -0.87017568  0.18505403  0.05338574  0.33950137 -0.60822072
  -0.76926259 -0.50932219  0.08094858 -0.9654795   0.73594509  0.682256  ]]

[[-0.39923491 -0.40314456 -0.09065779  0.25927215 -0.12057671  0.29495508
  -0.52568524 -0.48933296 -0.88218007 -0.74549052 -0.28671921  0.01880833]
 [ 0.21320301  0.16513521  0.63581454 -0.03296338 -0.21420032  1.42637369
  -0.46816671 -0.28432895 -0.56925835  0.65725486  0.65330681 -0.13425774]
 [-0.54871914 -0.14819636 -0.25342677  0.37579934  0.0023619   0.03826907
  -0.69075535 -0.53576374  0.99324069  0.70563774  0.19095726  0.70618282]
 [ 0.62883571  0.78621618  0.22235801 -0.26210261  0.18353925 -0.27599379
   0.65424204  0.89320148  0.55736802 -0.94373355 -0.6395488   0.00468138]
 [-0.08606682 -0.04269413 -0.00414725  0.07347193 -0.09375977  0.33253974
  -0.13728664 -0.33713081  0.14112261 -0.57099061  0.39502698  0.86825208]
 [-0.0630933   0.21741722  0.2401898   0.03251663  0.18220847 -0.01342765
  -0.53519096  0.31509927  0.44249072  0.44362415  0.72447874  0.74161751]
 [-0.148081   -0.71896818 -0.034836    0.01146434 -0.18354385  0.09764968
  -0.00070541 -0.20172367 -0.32997694  0.03638606  0.35834461 -0.17227478]
 [-0.38189991  0.18524013 -0.52434899  0.48654857 -0.02475503 -0.20644569
  -0.12614839 -0.38366336 -0.87135396  0.82611149  0.3626625  -0.17825596]
 [-0.88218007 -0.56925835  0.99324069  0.55736802  0.14112261  0.44249072
  -0.32997694 -0.87135396 -0.4880295  -0.5043298   0.94069702  0.37985851]
 [-0.74549052  0.65725486  0.70563774 -0.94373355 -0.57099061  0.44362415
   0.03638606  0.82611149  0.31344938  0.32377463 -0.50514333 -0.57867671]
 [-0.28671921  0.65330681  0.19095726 -0.6395488   0.39502698  0.72447874
   0.35834461  0.3626625   0.37022828  0.09117893 -0.91139875  0.97216154]
 [ 0.01880833 -0.13425774  0.70618282  0.00468138  0.86825208  0.74161751
  -0.17227478 -0.17825596 -0.20192818  0.70730826 -0.10940694 -0.22291202]]

[[ 0.18926732 -0.28970914 -0.21212358 -0.13652907 -0.24950481  0.09488988
   0.77822089 -0.33860651 -0.00185239 -0.13854417  0.52068187  0.73225526]
 [ 0.03052676  0.13109616  0.22679816  0.05157365  0.22741971 -0.37944143
  -0.33455498  0.82835428  0.0258092  -0.83642203 -0.1407905  -0.24078335]
 [ 0.21745072  0.01846453  0.18186203 -0.49136876  0.01807074  0.16035434
   0.2349754  -0.34442217 -0.10937496  0.41029128 -0.68789809  0.80952465]
 [-0.25829865  0.07693257  0.00851739  0.4042685   0.07416955 -0.02779361
  -0.59173593  0.30471266  0.88442849 -0.20168897  0.60953354  0.52889061]
 [-0.02766882  0.13748084  0.14871361 -0.10522704  0.16136631 -0.11662713
  -0.29659049  0.1327076  -0.97427353 -0.38392851  0.86197306  0.7041471 ]
 [ 0.28966647  0.02492436  0.22449068 -0.29035247 -0.01771082  0.1507766
   0.27663108  0.12005676 -0.40039872 -0.26245774  0.76548219 -0.05090583]
 [ 0.09710631 -0.62738449 -0.72086392  0.34261702 -0.58293392  0.08442405
   1.35571751 -0.45580379  0.58886393 -0.04100305 -0.35695917 -0.1177978 ]
 [-0.1120611  -0.26974073 -0.2421224  -0.03819076 -0.19653562  0.23484677
   0.2355775  -0.76411963  0.59754742 -0.35907824  0.49640514  0.1416916 ]
 [-0.00185239  0.0258092  -0.10937496  0.88442849 -0.97427353 -0.40039872
   0.58886393  0.59754742  0.10160792 -0.82826385  0.9717473   0.38579111]
 [-0.13854417 -0.83642203  0.41029128 -0.20168897 -0.38392851 -0.26245774
  -0.04100305 -0.35907824  0.97869588  0.98559539 -0.42258146  0.91052807]
 [ 0.52068187 -0.1407905  -0.68789809  0.60953354  0.86197306  0.76548219
  -0.35695917  0.49640514  0.69373128  0.73216994  0.47905008 -0.64051672]
 [ 0.73225526 -0.24078335  0.80952465  0.52889061  0.7041471  -0.05090583
  -0.1177978   0.1416916   0.25025718  0.31609941  0.21720628  0.0129604 ]]

[[-0.02368303 -0.15297549  0.08717828 -0.06932688  0.05258156 -0.12414269
  -0.11612313  0.15311841  0.95189473 -0.0498149   0.13594668 -0.89588573]
 [ 0.00034065  1.16712336 -0.18292252  0.10111222  0.36752643 -0.45548063
  -0.14881453  0.13767022 -0.07657287  0.51297894  0.64284309  0.2747839 ]
 [-0.29125155 -0.36409914 -0.02507654 -0.14548869 -0.00042513  0.08659895
  -0.37336827 -0.64928873  0.15518517  0.83463725  0.48554661  0.98534336]
 [-0.22125239 -0.34361534 -0.32093603  0.25608933  0.08086701 -0.83082792
   0.0589154   0.51346047  0.19200927 -0.47142746  0.93239891  0.6568086 ]
 [ 0.0453185   0.37798095 -0.09603183  0.05385169 -0.03555812  0.2343197
   0.10716041 -0.31258649 -0.92355371 -0.68863991  0.58946774 -0.23485503]
 [-0.3972604  -0.32414842  0.15950405 -0.3134493   0.33022018 -0.48398111
  -0.85328918 -0.17468169 -0.58003703 -0.71470996  0.14889314  0.72167481]
 [ 0.38230045 -0.1038811   0.31838701 -0.01455602 -0.01064527 -0.10833995
   0.30131068  1.07738938 -0.10302843  0.84127417 -0.19821778  0.33077075]
 [-0.40211015 -1.12992076 -0.53818772  0.37264981 -0.21224424 -0.69058544
   0.26199611  0.11448275  0.00922051 -0.52868773  0.27165918 -0.38379091]
 [ 0.95189473 -0.07657287  0.15518517  0.19200927 -0.92355371 -0.58003703
  -0.10302843  0.00922051  0.46148856  0.18351203  0.74322106 -0.15599682]
 [-0.0498149   0.51297894  0.83463725 -0.47142746 -0.68863991 -0.71470996
   0.84127417 -0.52868773  0.76216078  0.55463097  0.31752599 -0.71828752]
 [ 0.13594668  0.64284309  0.48554661  0.93239891  0.58946774  0.14889314
  -0.19821778  0.27165918 -0.5698382   0.31186937  0.80094544 -0.06588247]
 [-0.89588573  0.2747839   0.98534336  0.6568086  -0.23485503  0.72167481
   0.33077075 -0.38379091 -0.40490567 -0.04148542  0.65909517  0.93104116]]

[[ 0.00446162 -0.07181744  0.07452015  0.08771433 -0.0290427   0.08228965
  -0.08422446  0.17895927 -0.01870078 -0.03734046 -0.12141433  0.87452708]
 [ 0.23749195 -0.76336895  0.12629959 -0.18331625 -0.39549199  0.56253354
   0.57136804 -0.22422814 -0.49348045  0.10795934  0.30294774 -0.88001332]
 [-0.20749471 -0.00906271 -0.19068947  0.71220001 -0.17068844  0.2095383
  -0.22159588  0.29370691 -0.80572207 -0.96483275  0.90022093 -0.56121434]
 [-0.01120046 -0.01344804 -0.54702017 -0.29097255 -0.12868211 -0.1714041
   0.79698902 -1.11102271  0.14580947  0.27419407 -0.27358232  0.82548017]
 [ 0.05916049 -0.1064882   0.21381217  0.17058473 -0.07819207  0.28687896
  -0.16954341  0.38271586  0.86229715 -0.37626806  0.90526893 -0.67158385]
 [-0.25908889 -0.23931076 -0.66425125  0.26572401 -0.22265393 -0.17550203
   0.47610106 -0.73272414 -0.01659856  0.291784    0.3899421  -0.22036539]
 [ 0.21586476  0.10679153  0.4231849  -0.72657572  0.3205807  -0.30143447
  -0.12630387  0.12992297  0.76781307 -0.34304307 -0.64432409 -0.98331841]
 [-0.10586845  0.24772636 -0.35791149  0.53193096 -0.19711848  0.25477817
   0.15862652 -0.19281197  0.01451198 -0.56073699 -0.92897871  0.67788026]
 [-0.01870078 -0.49348045 -0.80572207  0.14580947  0.86229715 -0.01659856
   0.76781307  0.01451198 -0.51556189  0.22301036 -0.39735989  0.52791516]
 [-0.03734046  0.10795934 -0.96483275  0.27419407 -0.37626806  0.291784
  -0.34304307 -0.56073699  0.48050953 -0.69798825  0.40455182 -0.43434177]
 [-0.12141433  0.30294774  0.90022093 -0.27358232  0.90526893  0.3899421
  -0.64432409 -0.92897871 -0.08715596  0.19557629  0.98672483  0.28465381]
 [ 0.87452708 -0.88001332 -0.56121434  0.82548017 -0.67158385 -0.22036539
  -0.98331841  0.67788026 -0.1807908   0.60349975  0.81532527  0.85858418]]

[[-0.00217944  0.02717212 -0.10872649  0.10608827 -0.05061926 -0.0057353
   0.12448234 -0.01061787 -0.06804087  0.35130985 -0.8491154  -0.59377298]
 [ 0.27249593  0.20964801  0.35599473 -0.91983096  0.27477893 -0.13241187
   0.08399581 -0.37916271 -0.46464674 -0.8720778   0.03016814 -0.66271364]
 [-0.00478659 -0.20005914 -0.01753904  0.50928681 -0.37771324  0.78089067
   0.04032048 -0.03678817  0.58791907  0.89188083 -0.47606214 -0.73472374]
 [-0.26391408 -0.39546399 -0.25051332 -0.06554943  0.00592359 -0.33365141
  -0.02716326 -0.40878812 -0.81515201 -0.4119604   0.17958571 -0.76890729]
 [ 0.24373885 -0.0203356   0.2291253  -0.30148319 -0.0062483   0.14369919
   0.19870615  0.06753416  0.61947584  0.62228979 -0.84670374 -0.24716915]
 [-0.4242812   0.13748533 -0.19324331  0.74161999 -0.18088124  0.62635879
  -0.65690221 -0.38904055 -0.01924182 -0.07694842  0.81613865 -0.44340877]
 [-0.06436009  0.34002525 -0.26400142 -0.18117059  0.34302793 -0.99077689
   0.1205902   0.19576627 -0.91906115  0.07976713  0.24438373  0.97961878]
 [-0.01653238 -1.03726937 -0.39993737  0.21783962 -0.49734587  0.08014015
   0.83363323 -0.21834649 -0.29888333  0.33229887  0.28779257  0.73916451]
 [-0.06804087 -0.46464674  0.58791907 -0.81515201  0.61947584 -0.01924182
  -0.91906115 -0.29888333 -0.77461883 -0.61831703 -0.20160539 -0.68080397]
 [ 0.35130985 -0.8720778   0.89188083 -0.4119604   0.62228979 -0.07694842
   0.07976713  0.33229887 -0.61231356  0.20853043 -0.24772503 -0.8018351 ]
 [-0.8491154   0.03016814 -0.47606214  0.17958571 -0.84670374  0.81613865
   0.24438373  0.28779257  0.95261531  0.64355917  0.06794753  0.47784783]
 [-0.59377298 -0.66271364 -0.73472374 -0.76890729 -0.24716915 -0.44340877
   0.97961878  0.73916451  0.08571623 -0.80949646  0.84863258 -0.47776265]]
