A: 
[[ 0.01063747  0.44726806 -0.22493748 -0.2280908   0.19415651  0.11451554
   0.35543614 -0.92981061 -0.31841824 -0.30985974 -0.48770781 -0.21244732]
 [ 0.52305563 -0.11694184  0.06070537 -0.12133108 -0.32741852  0.06517165
  -0.90680321 -0.27205999  0.70542258 -0.09615204  0.61231608  0.02997778]
 [ 0.11655749 -0.39811509  0.2006716   0.15965259 -0.2391246  -0.07913534
  -0.92355321  0.27745499  0.82790188 -0.52941834 -0.01664444 -0.41012857]
 [ 0.56032687 -0.27569162  0.14069071 -0.05450064 -0.41792655  0.0319509
   0.02352119 -0.13318287  0.18340467  0.857092   -0.85003721  0.94093682]
 [-0.079056    0.79990825 -0.40263847 -0.3741703   0.39883793  0.18706255
  -0.14798903 -0.25003272  0.2906386  -0.9185168   0.37886547  0.08831778]
 [-0.27022823 -0.4528058   0.22678813  0.32020793 -0.06005311 -0.16286399
   0.22445576 -0.42762136  0.97675858 -0.29263381  0.42867639 -0.35445557]
 [ 0.41817202 -0.27751565  0.14109627 -0.00466266 -0.34395028  0.00577896
  -0.006418    0.16405827  0.87180673  0.86927293 -0.35229179  0.32636199]
 [ 0.60806045 -0.46192238  0.23453666  0.02251856 -0.52621226 -0.00629525
   0.91020929  0.7610508  -0.8911283  -0.96437243  0.43986295 -0.57739605]
 [-0.60237085 -0.38135986  0.18965471  0.39866503  0.14660294 -0.20495631
   0.80875088 -0.00711579  0.92809927  0.08786478  0.8352983   0.19939756]
 [ 0.57622634 -0.09234416  0.04852422 -0.15197244 -0.34440733  0.08098111
  -0.33296541  0.05060573  0.96514178 -0.55841652  0.47174858  0.22766992]
 [-0.13315232 -0.00363685  0.00134983  0.04764939  0.06843021 -0.02499992
  -0.21999417  0.0947419  -0.18866035  0.51009554 -0.52649351 -0.38204309]
 [ 0.32846636  0.26579835 -0.13251367 -0.24641415 -0.05410616  0.12632236
  -0.70619466 -0.84870229 -0.20760099 -0.22597928 -0.64330832 -0.53222402]
 [-0.1854952  -0.66012015  0.33137236  0.39507306 -0.19722116 -0.19972514
  -0.21202183 -0.02549825 -0.57390118 -0.50387233  0.22276637 -0.62031213]
 [-0.56644803  0.42974086 -0.21819951 -0.02069149  0.48994653  0.00572095
   0.8822595   0.12280189  0.8371034   0.42554971 -0.50097053  0.23500461]
 [ 0.17535671  0.70957872 -0.35628653 -0.41640118  0.22464381  0.21034159
  -0.99627069 -0.87604835  0.0354094   0.22690201  0.55242322  0.0542674 ]
 [-0.48987404  0.55832105 -0.28259957 -0.1115634   0.50708405  0.05193923
   0.66372931  0.19367574  0.94667861  0.72683981  0.06815372  0.17696016]
 [-0.43037172 -0.39141733  0.19533302  0.344518    0.05161855 -0.17637712
   0.26001553 -0.64619999  0.76480821  0.32638613  0.92250961  0.55299702]
 [-0.5017848   0.14955094 -0.07703114  0.09764813  0.3307909  -0.05311548
  -0.92747934 -0.16326577  0.86487663 -0.15154305 -0.92184554 -0.09977232]
 [ 0.50854534 -0.11442597  0.05938763 -0.11759977 -0.31866071  0.06318037
  -0.78122602  0.6104857  -0.27672844 -0.54461913 -0.91030766  0.07633489]
 [-0.22897392  0.21430339 -0.10861917 -0.02873144  0.21617781  0.01253042
  -0.73062355 -0.77508286 -0.18467417 -0.17036445 -0.79412879  0.13821255]] 
x segnato:[[-0.23746066]
 [ 0.87995405]
 [-0.94368758]
 [-0.59108229]
 [ 0.22029019]
 [-0.15567942]
 [ 0.        ]
 [ 0.        ]
 [ 0.        ]
 [ 0.        ]
 [ 0.        ]
 [ 0.        ]]
Matrici Hi 

[[ 0.10156797 -0.48478343  0.24421179  0.20829964 -0.26994498 -0.10366377
  -0.62388449  0.40759596 -0.27686965 -0.26604463 -0.99890488  0.90175972]
 [-0.61710982  0.34639543 -0.17645921  0.03856484  0.47937818 -0.02442336
   0.97388497  0.61648066 -0.08283276  0.79347766 -0.38256558  0.37994434]
 [ 0.31077195 -0.17598267  0.08963842 -0.01864798 -0.24209931  0.01191163
  -0.55198518 -0.91014134  0.37849591  0.31287212 -0.23322396 -0.62354279]
 [ 0.2746983  -0.00697542  0.00449788 -0.09103756 -0.14764029  0.04793112
  -0.0729734  -0.42898542 -0.38847858 -0.42974469 -0.07833814  0.99794084]
 [-0.3290429   0.40975826 -0.20729332 -0.09236784  0.35611792  0.04363222
  -0.7188765   0.83085974  0.89296351 -0.45395976 -0.13442104  0.24627816]
 [-0.13697449 -0.00048834 -0.00024764  0.04738494  0.0718473  -0.02489869
  -0.62579794 -0.5644385  -0.73277528  0.05882454 -0.33988839 -0.19196211]
 [-0.62388449  0.97388497 -0.55198518 -0.0729734  -0.7188765  -0.62579794
   0.03038579 -0.99987709  0.66998586  0.94949959  0.22227408  0.69524791]
 [ 0.40759596  0.61648066 -0.91014134 -0.42898542  0.83085974 -0.5644385
  -0.86024633  0.05004163 -0.2506134  -0.89280258  0.91399932  0.92226671]
 [-0.27686965 -0.08283276  0.37849591 -0.38847858  0.89296351 -0.73277528
   0.89396302 -0.00801551 -0.38993028 -0.36127723  0.5689291  -0.66416395]
 [-0.26604463  0.79347766  0.31287212 -0.42974469 -0.45395976  0.05882454
   0.54575874 -0.96016192  0.40291053 -0.66180053  0.52320271  0.50560456]
 [-0.99890488 -0.38256558 -0.23322396 -0.07833814 -0.13442104 -0.33988839
   0.43484125  0.85872073  0.92591335 -0.02400813 -0.57434122 -0.89242145]
 [ 0.90175972  0.37994434 -0.62354279  0.99794084  0.24627816 -0.19196211
   0.60749801  0.79858095  0.48133448 -0.04284302  0.2353598   0.91986319]]

[[-0.05314729  0.32856548 -0.1654598  -0.14657671  0.1747017   0.07309707
  -0.12937943  0.43260974 -0.80949083  0.41429287  0.30202169 -0.86527432]
 [ 0.36707693 -0.7515914   0.37937232  0.25080322 -0.52879362 -0.12280284
  -0.97919847  0.16378483  0.36957983 -0.72602175 -0.02117277  0.10124718]
 [-0.18483105  0.37923363 -0.1914201  -0.12668185  0.26661228  0.06203305
  -0.38566916 -0.39428067 -0.71363224 -0.0005356   0.00642584 -0.00008837]
 [-0.16590096  0.26405697 -0.13341808 -0.07540338  0.205214    0.03646351
   0.7055331   0.12370426 -0.18687734  0.61009294  0.58461765  0.05390509]
 [ 0.19190119 -0.50853188  0.25648256  0.18912786 -0.32807756 -0.09330266
   0.31328321 -0.15957463 -0.0821552   0.29039537  0.11422912  0.63709743]
 [ 0.08279161 -0.12976874  0.06557181  0.03662247 -0.1015142  -0.01769164
  -0.61056526  0.13561426 -0.7977206   0.92328333 -0.08980977  0.73947969]
 [-0.12937943 -0.97919847 -0.38566916  0.7055331   0.31328321 -0.61056526
   0.94368498 -0.74938167 -0.07805922 -0.33063834 -0.77246377  0.68293725]
 [ 0.43260974  0.16378483 -0.39428067  0.12370426 -0.15957463  0.13561426
   0.27213527 -0.65092964 -0.23758276  0.19663272 -0.50891252  0.66771432]
 [-0.80949083  0.36957983 -0.71363224 -0.18687734 -0.0821552  -0.7977206
   0.08021003  0.43131733 -0.53512748  0.23458957  0.2778976  -0.37492518]
 [ 0.41429287 -0.72602175 -0.0005356   0.61009294  0.29039537  0.92328333
  -0.55863235  0.69048779 -0.6129289   0.94628162 -0.25747602  0.44484217]
 [ 0.30202169 -0.02117277  0.00642584  0.58461765  0.11422912 -0.08980977
   0.25176436  0.51542856 -0.83047204 -0.83174951  0.73519985  0.46399685]
 [-0.86527432  0.10124718 -0.00008837  0.05390509  0.63709743  0.73947969
   0.26612522 -0.3690762  -0.03954569 -0.65315875  0.41811312 -0.94847304]]

[[-0.37120263 -0.38513437  0.19238577  0.32100224  0.02329436 -0.16409308
   0.91686175 -0.42106047  0.44760707 -0.19601322 -0.63747049  0.5483419 ]
 [-0.2489161   0.21527936 -0.1091819  -0.02235804  0.22710572  0.00916898
  -0.24307326 -0.39662161  0.702306   -0.4928854  -0.43793957  0.59163655]
 [ 0.123868   -0.10967245  0.0556113   0.01240209 -0.11415027 -0.00520293
   0.46779491 -0.24662933 -0.29322224  0.22256477 -0.65425628  0.00409162]
 [ 0.25265072  0.02452161 -0.01142452 -0.09925442 -0.12197375  0.05187198
   0.35511423  0.62097752 -0.54144154 -0.34455355 -0.8332967   0.97181335]
 [ 0.08413041  0.29877325 -0.14997994 -0.17887183  0.08917136  0.09042803
   0.62261325 -0.26127133  0.86842453 -0.0481942   0.30029295  0.31095042]
 [-0.12980265 -0.01546999  0.00731396  0.05243423  0.06138311 -0.02737281
  -0.78481822  0.9896865   0.01158838 -0.88735151  0.33684291 -0.0887986 ]
 [ 0.91686175 -0.24307326  0.46779491  0.35511423  0.62261325 -0.78481822
  -0.89185681 -0.53658943 -0.73586165 -0.49208228  0.34211669 -0.82709277]
 [-0.42106047 -0.39662161 -0.24662933  0.62097752 -0.26127133  0.9896865
   0.73339313  0.66883743 -0.44299897  0.9776066  -0.28104585  0.36473365]
 [ 0.44760707  0.702306   -0.29322224 -0.54144154  0.86842453  0.01158838
  -0.02385834  0.15077536 -0.62599661  0.17852625 -0.20041274 -0.29763405]
 [-0.19601322 -0.4928854   0.22256477 -0.34455355 -0.0481942  -0.88735151
  -0.77459547 -0.46071945 -0.77662184  0.50152126 -0.34537096 -0.90050339]
 [-0.63747049 -0.43793957 -0.65425628 -0.8332967   0.30029295  0.33684291
  -0.01125624  0.00828115 -0.52978999 -0.37961697 -0.14509672  0.67841251]
 [ 0.5483419   0.59163655  0.00409162  0.97181335  0.31095042 -0.0887986
  -0.65788253  0.67977648 -0.65813465  0.47269092 -0.53440821 -0.12179154]]

[[ 0.43363699 -0.05086487  0.02714664 -0.12371364 -0.25086288  0.06563138
  -0.05070699  0.88381609  0.49860235 -0.92458838 -0.58474301  0.57880513]
 [ 0.02566723  0.44670121 -0.22459823 -0.23297888  0.18599585  0.11709141
  -0.9713247   0.73111285  0.25503948  0.46795536 -0.27220759  0.54751611]
 [-0.011349   -0.22487384  0.11307065  0.11674284 -0.09445931 -0.05866062
   0.82950007  0.32192879  0.89194578  0.22683856 -0.33338203 -0.37881798]
 [-0.16211587 -0.20664028  0.10335623  0.15948017 -0.00699419 -0.08134116
  -0.92513952  0.55387137  0.34604201  0.37002183 -0.99593235 -0.73637716]
 [-0.2166831   0.22626113 -0.11458965 -0.03896149  0.21505174  0.0177637
  -0.10441621  0.25309542  0.15903481 -0.85787724  0.04242352  0.57197926]
 [ 0.08489692  0.10324839 -0.0516282  -0.08102527  0.00144527  0.04134691
  -0.59910689  0.34250128 -0.49102604  0.7453724   0.54149881  0.97091058]
 [-0.05070699 -0.9713247   0.82950007 -0.92513952 -0.10441621 -0.59910689
   0.96987599  0.49629689  0.33996619 -0.40664868  0.2596769  -0.73870544]
 [ 0.88381609  0.73111285  0.32192879  0.55387137  0.25309542  0.34250128
   0.01678833  0.65920587  0.17361848 -0.0785799  -0.57853635 -0.67405151]
 [ 0.49860235  0.25503948  0.89194578  0.34604201  0.15903481 -0.49102604
   0.09845454  0.65798075  0.02349477 -0.77294123 -0.94111059 -0.64912255]
 [-0.92458838  0.46795536  0.22683856  0.37002183 -0.85787724  0.7453724
   0.63533628 -0.78175951  0.05523064 -0.85332327  0.1080222  -0.48617046]
 [-0.58474301 -0.27220759 -0.33338203 -0.99593235  0.04242352  0.54149881
   0.92292285  0.52704262  0.7519964  -0.59274048 -0.73259681 -0.60279   ]
 [ 0.57880513  0.54751611 -0.37881798 -0.73637716  0.57197926  0.97091058
   0.57696708 -0.15750711 -0.44703786 -0.3531095   0.45496817 -0.41839148]]

[[-0.15858762  0.16610122 -0.08412    -0.02876809  0.15761854  0.01312779
  -0.31961377 -0.49231235 -0.56680099 -0.07172959 -0.1031275   0.26307337]
 [ 0.15406991  0.5151594  -0.25857029 -0.31151969  0.14901421  0.1575498
  -0.50928774  0.20979528 -0.41449507 -0.16204677  0.99253083 -0.18350693]
 [-0.07806826 -0.25852696  0.1297579   0.15659078 -0.07438651 -0.07920026
   0.68378078 -0.89989118 -0.98213302 -0.06624412  0.442621    0.06407286]
 [-0.02273103 -0.31566028  0.15869523  0.16621474 -0.12901683 -0.08357319
   0.57458551  0.82440674 -0.02138001  0.96682713 -0.92113303 -0.48404449]
 [ 0.15224528  0.14268426 -0.0712219  -0.12399138 -0.01637588  0.06345604
  -0.71356916 -0.27639577 -0.85558249  0.16756682 -0.56203536  0.12499046]
 [ 0.01009913  0.159726   -0.08030579 -0.08362285  0.0660214   0.04203478
  -0.20225374  0.55300174 -0.44462786 -0.18184606 -0.06631263 -0.71167079]
 [-0.31961377 -0.50928774  0.68378078  0.57458551 -0.71356916 -0.20225374
   0.06123869  0.68379538  0.84340472 -0.16074416 -0.8692085   0.67864525]
 [-0.49231235  0.20979528 -0.89989118  0.82440674 -0.27639577  0.55300174
   0.83170726 -0.85028885  0.33197758  0.64691675 -0.66714433 -0.99446282]
 [-0.56680099 -0.41449507 -0.98213302 -0.02138001 -0.85558249 -0.44462786
   0.87325411 -0.47808504 -0.58803093 -0.41786062  0.04882332  0.60361814]
 [-0.07172959 -0.16204677 -0.06624412  0.96682713  0.16756682 -0.18184606
  -0.48814649 -0.77783243 -0.33198464  0.10565134  0.04360215  0.52236588]
 [-0.1031275   0.99253083  0.442621   -0.92113303 -0.56203536 -0.06631263
   0.8249869  -0.39102727 -0.01339798 -0.39164744  0.69567665  0.73627329]
 [ 0.26307337 -0.18350693  0.06407286 -0.48404449  0.12499046 -0.71167079
   0.07460058  0.47422185  0.45937847 -0.33614845  0.81633967  0.09266068]]

[[ 0.54006221 -0.66625946  0.33707332  0.14845237 -0.58169526 -0.07003276
   0.80974214  0.53853523  0.7066752   0.67169778  0.37897916  0.51974096]
 [ 0.19252884  0.32228432 -0.16141565 -0.22797462  0.0426407   0.11595347
   0.8476278  -0.39409185 -0.77669272  0.72267388  0.63742842 -0.38164886]
 [-0.09489711 -0.16450832  0.08240593  0.11520582 -0.02354307 -0.05857679
  -0.34328519  0.4303014  -0.92142615  0.1728056   0.11171149  0.60466253]
 [-0.28246993  0.06757819 -0.03500905  0.06330295  0.17879475 -0.03408122
  -0.5463415   0.77553149  0.63537834 -0.69519121 -0.30977022 -0.75183684]
 [-0.19815423  0.49446873 -0.24943132 -0.17991927  0.32508673  0.08863148
  -0.71200262 -0.49652061 -0.84359898  0.94887433  0.94183527 -0.4292567 ]
 [ 0.14615129 -0.039383    0.02033597 -0.03053653 -0.09448224  0.01652171
   0.55513278  0.84048433 -0.7529533  -0.28095406  0.9653221   0.96467777]
 [ 0.80974214  0.8476278  -0.34328519 -0.5463415  -0.71200262  0.55513278
   0.05020864 -0.746648    0.32153619 -0.58189467 -0.54280453 -0.36780675]
 [ 0.53853523 -0.39409185  0.4303014   0.77553149 -0.49652061  0.84048433
  -0.07358393  0.07232383  0.15350431 -0.24266323 -0.20461154  0.07027202]
 [ 0.7066752  -0.77669272 -0.92142615  0.63537834 -0.84359898 -0.7529533
  -0.98869734  0.69058665  0.83067073  0.85216566 -0.36944665 -0.39078914]
 [ 0.67169778  0.72267388  0.1728056  -0.69519121  0.94887433 -0.28095406
   0.61799389  0.59391451  0.14788832 -0.6827374   0.71339075  0.32417432]
 [ 0.37897916  0.63742842  0.11171149 -0.30977022  0.94183527  0.9653221
   0.46087553  0.10483868 -0.97370797  0.24059663 -0.42167978  0.69516831]
 [ 0.51974096 -0.38164886  0.60466253 -0.75183684 -0.4292567   0.96467777
  -0.29040267  0.20661927 -0.42326892  0.4654284   0.55006215 -0.09038421]]

[[-0.1026119   0.15874934 -0.08022043 -0.04434317  0.12488505  0.02140191
  -0.92914677 -0.01956738 -0.50981152 -0.71853569 -0.5527714   0.58838975]
 [ 0.41396661 -0.50310493  0.25455251  0.1099807  -0.44248751 -0.05176963
   0.59377657  0.41830907  0.18966514 -0.16741885  0.57149314  0.88103108]
 [-0.20859469  0.25363342 -0.12832878 -0.05547997  0.22302091  0.02611719
  -0.4077693  -0.49150482  0.42840651  0.53847947  0.39557093  0.7312784 ]
 [-0.17240594  0.19781396 -0.10012127 -0.03992531  0.17905182  0.01861145
   0.87603454 -0.60699387  0.33192398  0.10732114  0.24964939  0.03592834]
 [ 0.23886691 -0.30821191  0.15589077  0.07244812 -0.26332296 -0.03438072
  -0.77065436 -0.7489494  -0.8408814  -0.6426424  -0.57526695 -0.30983068]
 [ 0.08564813 -0.09793298  0.04956872  0.01966487 -0.088799   -0.0091609
  -0.59866497  0.08823098 -0.92569546  0.46957457  0.3572173  -0.25700582]
 [-0.92914677  0.59377657 -0.4077693   0.87603454 -0.77065436 -0.59866497
   0.34922134  0.95158108 -0.62189391 -0.39917196 -0.41604627  0.92519919]
 [-0.01956738  0.41830907 -0.49150482 -0.60699387 -0.7489494   0.08823098
  -0.15212437  0.65173633 -0.56348018  0.5143641   0.96265928 -0.708779  ]
 [-0.50981152  0.18966514  0.42840651  0.33192398 -0.8408814  -0.92569546
   0.94000263  0.67100555  0.4132978   0.46473853 -0.58283892 -0.36145707]
 [-0.71853569 -0.16741885  0.53847947  0.10732114 -0.6426424   0.46957457
  -0.11568301  0.27009799  0.80944936 -0.5308304   0.35686599 -0.42343658]
 [-0.5527714   0.57149314  0.39557093  0.24964939 -0.57526695  0.3572173
   0.438785    0.30590295  0.5625      0.31022101 -0.81103207 -0.55978066]
 [ 0.58838975  0.88103108  0.7312784   0.03592834 -0.30983068 -0.25700582
   0.87220364 -0.69363954 -0.86009338 -0.4944798  -0.23601639  0.89482844]]

[[ 0.6982476  -0.23830646  0.12238266 -0.1207253  -0.4737933   0.06630884
   0.05032002  0.82303632 -0.09010915 -0.45053497  0.57322124  0.53073303]
 [ 0.26611779 -0.32944833  0.16667082  0.0737257  -0.28714461 -0.03479749
   0.10201409  0.84043831  0.66746981  0.45992016  0.67135309  0.41536738]
 [-0.13134269  0.16485429 -0.08339468 -0.03751878  0.14272748  0.01774193
  -0.12086145  0.54743226 -0.97492298  0.59758175  0.71882425 -0.10326141]
 [-0.37383501  0.24732379 -0.1257501   0.00455369  0.30713967 -0.00535959
  -0.37117433  0.3629171  -0.96008612 -0.98584702 -0.35796052 -0.84603256]
 [-0.2485138  -0.02175555  0.01004809  0.09644275  0.12103257 -0.0504274
   0.95734522 -0.19233425 -0.78605863  0.52154805  0.54625112  0.18585272]
 [ 0.19328831 -0.12603707  0.0640927  -0.00327755 -0.15798243  0.00323423
   0.65368585  0.29314205 -0.49896933 -0.95726596 -0.69507446 -0.62177737]
 [ 0.05032002  0.10201409 -0.12086145 -0.37117433  0.95734522  0.65368585
  -0.46609816 -0.56564123 -0.03937046 -0.79430049 -0.75322974  0.90498339]
 [ 0.82303632  0.84043831  0.54743226  0.3629171  -0.19233425  0.29314205
  -0.05154506 -0.20875634 -0.61361155  0.84122546 -0.83036491 -0.69333081]
 [-0.09010915  0.66746981 -0.97492298 -0.96008612 -0.78605863 -0.49896933
   0.03176802  0.67189921 -0.21684472  0.88922187  0.03693318  0.22612852]
 [-0.45053497  0.45992016  0.59758175 -0.98584702  0.52154805 -0.95726596
   0.56766619  0.03058903 -0.9013357  -0.67636998 -0.9611945  -0.01124063]
 [ 0.57322124  0.67135309  0.71882425 -0.35796052  0.54625112 -0.69507446
  -0.16897487  0.77989265  0.51380634  0.80205271 -0.88179437  0.8593601 ]
 [ 0.53073303  0.41536738 -0.10326141 -0.84603256  0.18585272 -0.62177737
  -0.49920123 -0.91920685 -0.23930531  0.31502576 -0.58711444 -0.09070018]]

[[-0.07438132  0.24686722 -0.12444205 -0.09827449  0.14938638  0.04869026
   0.46373502  0.85322127 -0.57682195  0.35713922  0.09916137 -0.20219283]
 [-0.26171791 -0.42861601  0.21465131  0.30514116 -0.05372725 -0.15523532
  -0.75679123 -0.66588827  0.45193684 -0.40396843  0.53957251  0.47803798]
 [ 0.13137622  0.21648283 -0.10841773 -0.15383988  0.02756277  0.0782587
  -0.52653197 -0.0928993   0.02501712 -0.63985843 -0.30321026  0.93290355]
 [ 0.15692306  0.1301111  -0.06488076 -0.1192923  -0.02445224  0.06113709
   0.05079914 -0.14131862 -0.68857558  0.40004241 -0.63644611  0.37282923]
 [-0.0777514  -0.32130544  0.16133661  0.18798268 -0.10259054 -0.09494626
  -0.75209314  0.66436277  0.70523482 -0.49201929  0.47669726 -0.85475865]
 [-0.07933663 -0.06324313  0.03152558  0.05903788  0.01349597 -0.03027059
  -0.22087703  0.26725468 -0.28055211 -0.81733793  0.49665864  0.15861362]
 [ 0.46373502 -0.75679123 -0.52653197  0.05079914 -0.75209314 -0.22087703
   0.06336023 -0.21446306 -0.30544802 -0.44699485  0.14016608 -0.1750113 ]
 [ 0.85322127 -0.66588827 -0.0928993  -0.14131862  0.66436277  0.26725468
  -0.16362161 -0.28279991  0.55369775 -0.28173984 -0.39337899 -0.10342077]
 [-0.57682195  0.45193684  0.02501712 -0.68857558  0.70523482 -0.28055211
   0.20060343  0.68278682  0.99036395  0.05067381 -0.80119094 -0.7856052 ]
 [ 0.35713922 -0.40396843 -0.63985843  0.40004241 -0.49201929 -0.81733793
   0.26303633  0.12079049 -0.58477318 -0.33662944  0.88219408  0.2697779 ]
 [ 0.09916137  0.53957251 -0.30321026 -0.63644611  0.47669726  0.49665864
   0.57717048  0.25042874 -0.07397103  0.98116414 -0.59211171  0.96741588]
 [-0.20219283  0.47803798  0.93290355  0.37282923 -0.85475865  0.15861362
  -0.16829449  0.01286691 -0.74238771 -0.81191098 -0.26955239 -0.17289317]]

[[-0.84387342 -0.20583544  0.10049625  0.39370383  0.35205338 -0.20445394
  -0.22599122  0.61952983  0.0621225  -0.5093864  -0.54633674 -0.00482266]
 [-0.1862632  -0.01566205  0.00720724  0.07196155  0.09100252 -0.03763367
  -0.86470243 -0.1389965   0.96299542  0.52434339 -0.35455791  0.3044419 ]
 [ 0.09065141  0.00713675 -0.00326333 -0.03477885 -0.04450644  0.01819345
   0.27620403 -0.27404993  0.27516266  0.82259496  0.22665065 -0.7294401 ]
 [ 0.38388288  0.07869736 -0.03820232 -0.17160237 -0.1668227   0.08924682
   0.74332577 -0.29946347  0.43577679 -0.63297037 -0.81745605 -0.22502924]
 [ 0.36079449  0.10129992 -0.04965455 -0.17499798 -0.1445809   0.0907604
   0.67726581  0.11031551 -0.19679259  0.9661794   0.13286122  0.7805686 ]
 [-0.19952699 -0.04117387  0.01999191  0.08932761  0.08658714 -0.04645493
  -0.28631514  0.4670726   0.17350296 -0.73403879  0.47542403  0.28413638]
 [-0.22599122 -0.86470243  0.27620403  0.74332577  0.67726581 -0.28631514
   0.71131456  0.79413102 -0.29100863  0.3566943   0.98571531  0.78816682]
 [ 0.61952983 -0.1389965  -0.27404993 -0.29946347  0.11031551  0.4670726
   0.59983667  0.88038919  0.07079924  0.32069717  0.07668018  0.32959056]
 [ 0.0621225   0.96299542  0.27516266  0.43577679 -0.19679259  0.17350296
   0.56874408 -0.27009459 -0.8679205  -0.1792079   0.81311655  0.07293402]
 [-0.5093864   0.52434339  0.82259496 -0.63297037  0.9661794  -0.73403879
   0.08914054  0.69959776 -0.13850504 -0.3152265   0.79825411 -0.14775473]
 [-0.54633674 -0.35455791  0.22665065 -0.81745605  0.13286122  0.47542403
   0.89685164 -0.11700341 -0.96812098 -0.99010312 -0.13358256 -0.2747088 ]
 [-0.00482266  0.3044419  -0.7294401  -0.22502924  0.7805686   0.28413638
  -0.00546734  0.18772915 -0.93446518  0.12569872  0.4290645   0.95089044]]

[[ 0.52402823  0.35447175 -0.17641212 -0.35821144 -0.11739352  0.18401722
   0.84944615 -0.08315218  0.43216481  0.61023153 -0.87327909  0.57869885]
 [-0.81212819 -0.19696499  0.09614873  0.37832767  0.33931311 -0.19647894
   0.23413662  0.88452845  0.1896567  -0.80925992 -0.5837194   0.96147052]
 [ 0.41038754  0.1003499  -0.0489981  -0.19158877 -0.17109722  0.09949157
   0.78307386  0.84921397 -0.54450866 -0.07276458 -0.81986529  0.07597773]
 [ 0.2271644  -0.02315881  0.01246695 -0.06655823 -0.12985924  0.03525939
  -0.66000583 -0.43944609 -0.01412035 -0.24657522 -0.36669748 -0.81942035]
 [-0.63840543 -0.27446162  0.13575514  0.35742703  0.21330307 -0.18456454
   0.68089091  0.90772809  0.16454207 -0.66499973 -0.15030882  0.6303487 ]
 [-0.10965272  0.01453408 -0.00770552  0.03044418  0.06418181 -0.01617515
  -0.87822426  0.50474509 -0.02925494  0.81861519 -0.30498214  0.78135073]
 [ 0.84944615  0.23413662  0.78307386 -0.66000583  0.68089091 -0.87822426
   0.93132955 -0.72546183 -0.90011433  0.35620767  0.07130598  0.22130495]
 [-0.08315218  0.88452845  0.84921397 -0.43944609  0.90772809  0.50474509
   0.3440321  -0.45500855  0.07177882  0.4315241  -0.16555353  0.45327874]
 [ 0.43216481  0.1896567  -0.54450866 -0.01412035  0.16454207 -0.02925494
  -0.29296979  0.95792827 -0.8038428   0.61171966 -0.15195815  0.09732255]
 [ 0.61023153 -0.80925992 -0.07276458 -0.24657522 -0.66499973  0.81861519
  -0.00106991 -0.95377149 -0.32618593 -0.80922209 -0.23847519  0.91253945]
 [-0.87327909 -0.5837194  -0.81986529 -0.36669748 -0.15030882 -0.30498214
  -0.48534617 -0.25686797 -0.64710379  0.2204284  -0.89086008 -0.59059187]
 [ 0.57869885  0.96147052  0.07597773 -0.81942035  0.6303487   0.78135073
  -0.41147528  0.04404839  0.13000638  0.97577722  0.00201772 -0.12665398]]

[[-0.40890569  0.20544794 -0.10481285  0.03763573  0.30688909 -0.02224459
   0.19194073  0.60293245 -0.70562826 -0.29979226 -0.55233407 -0.79235521]
 [ 0.4722279  -0.05731758  0.03053133 -0.1337569  -0.27404827  0.0709873
   0.10192106 -0.6943622  -0.11502044  0.4249991  -0.14514215 -0.01731474]
 [-0.23900314  0.0295706  -0.01573471  0.06741524  0.13895142 -0.03578671
   0.37330686  0.81383882  0.98813237 -0.23553841  0.60455504  0.90011745]
 [-0.09622896 -0.04194432  0.02075145  0.05416409  0.03189561 -0.02796447
   0.59889965  0.73795863  0.95741563  0.71604073 -0.34253709 -0.27012847]
 [ 0.42603494 -0.13368927  0.06877993 -0.07953781 -0.28385325  0.04340683
  -0.95436852  0.09608881  0.17024764 -0.55418265  0.59173183 -0.38789326]
 [ 0.04491232  0.02273251 -0.01127271 -0.02686332 -0.01347689  0.01384617
  -0.071661    0.88383709 -0.47713418  0.96370055  0.72541039 -0.43214382]
 [ 0.19194073  0.10192106  0.37330686  0.59889965 -0.95436852 -0.071661
  -0.57266135 -0.11473664 -0.32836121 -0.99765567 -0.57364807 -0.52627109]
 [ 0.60293245 -0.6943622   0.81383882  0.73795863  0.09608881  0.88383709
  -0.62754892 -0.03959696  0.05424374 -0.93395972  0.4416108   0.7781165 ]
 [-0.70562826 -0.11502044  0.98813237  0.95741563  0.17024764 -0.47713418
   0.26596405 -0.3915635  -0.11500602 -0.5350504  -0.8184895  -0.06007014]
 [-0.29979226  0.4249991  -0.23553841  0.71604073 -0.55418265  0.96370055
   0.26593766 -0.73161424 -0.5822066  -0.87159589 -0.46954929  0.20255702]
 [-0.55233407 -0.14514215  0.60455504 -0.34253709  0.59173183  0.72541039
  -0.84674147 -0.91652027 -0.879607    0.8006762   0.99185148 -0.84945693]
 [-0.79235521 -0.01731474  0.90011745 -0.27012847 -0.38789326 -0.43214382
  -0.2607436   0.77525727  0.20734584 -0.98626081 -0.55400353  0.06428564]]

[[ 0.07055152  0.04432987 -0.02204385 -0.04652419 -0.01732072  0.02392049
  -0.20539307 -0.44801999 -0.55094455  0.41364408  0.23333494 -0.91094356]
 [ 0.02965548 -0.15701976  0.07908772  0.06858332 -0.08572857 -0.03416277
   0.7151726  -0.05839974  0.64044005  0.11591023  0.3642698   0.58178589]
 [-0.01466263  0.07914056 -0.0398605  -0.03466495  0.04305909  0.01727001
  -0.7847371  -0.41893649  0.83124659 -0.32271715  0.65946845  0.1052051 ]
 [-0.03916088  0.06353311 -0.03209818 -0.01840236  0.04897777  0.00890992
  -0.50492588 -0.10651194  0.69645452  0.71463252  0.94179158 -0.40624524]
 [-0.02387441 -0.0934491   0.04691891  0.05510724 -0.02917417 -0.02784245
  -0.044513   -0.54152603  0.04018256  0.48709148 -0.67799373 -0.63499096]
 [ 0.02022648 -0.03150849  0.01592161  0.00884935 -0.02471353 -0.00427314
   0.37182668  0.46954954  0.82481599 -0.39660365  0.04729479 -0.68576873]
 [-0.20539307  0.7151726  -0.7847371  -0.50492588 -0.044513    0.37182668
  -0.94250436  0.1540459  -0.10746097 -0.27269307  0.42040861  0.85292016]
 [-0.44801999 -0.05839974 -0.41893649 -0.10651194 -0.54152603  0.46954954
  -0.20621172  0.25800711  0.71227789  0.60748639  0.02175653 -0.34517249]
 [-0.55094455  0.64044005  0.83124659  0.69645452  0.04018256  0.82481599
  -0.19292844 -0.65716892 -0.91738519 -0.34370529 -0.6293655  -0.58673361]
 [ 0.41364408  0.11591023 -0.32271715  0.71463252  0.48709148 -0.39660365
  -0.9309423  -0.23852169  0.96939012  0.2515559  -0.1171667  -0.81106141]
 [ 0.23333494  0.3642698   0.65946845  0.94179158 -0.67799373  0.04729479
   0.78233147 -0.35039182  0.23305452  0.24375344  0.21733712 -0.29240059]
 [-0.91094356  0.58178589  0.1052051  -0.40624524 -0.63499096 -0.68576873
   0.43628551 -0.48829428  0.0581659  -0.93682268 -0.7891768   0.39030746]]

[[-0.19968428 -0.15733621  0.07842099  0.14766961  0.03479095 -0.0757251
   0.06283793 -0.35988725  0.98221823 -0.74523027 -0.76292481 -0.09830532]
 [-0.28929593  0.13321346 -0.06804817  0.03271769  0.21169925 -0.01879343
  -0.93491299  0.37377425 -0.6918796   0.56644921  0.63287858 -0.40161424]
 [ 0.14479672 -0.06757296  0.03451063 -0.01592521 -0.10635941  0.00918039
  -0.16818444  0.12283443  0.68515376 -0.70062874  0.07180047 -0.14044195]
 [ 0.21388428 -0.01269637  0.00715651 -0.0672377  -0.11819967  0.03549102
   0.90236958 -0.96708432 -0.90521708  0.53654103 -0.27044023  0.19517478]
 [-0.0241432   0.14227224 -0.07164987 -0.06308038  0.07624209  0.03144741
  -0.1608591  -0.3086454  -0.66555644  0.81134925 -0.99052715  0.9598397 ]
 [-0.10894351  0.00507526 -0.00294518  0.03494635  0.05958431 -0.01842795
  -0.25655201 -0.44739131 -0.21399721  0.93018739 -0.83303798 -0.66881564]
 [ 0.06283793 -0.93491299 -0.16818444  0.90236958 -0.1608591  -0.25655201
   0.32434391  0.03794751 -0.6229258   0.04499869 -0.18361404  0.23936752]
 [-0.35988725  0.37377425  0.12283443 -0.96708432 -0.3086454  -0.44739131
   0.43434303 -0.41501113 -0.55744688 -0.76748594  0.39668206 -0.16717732]
 [ 0.98221823 -0.6918796   0.68515376 -0.90521708 -0.66555644 -0.21399721
   0.21067358 -0.47291481 -0.99597094  0.62253591 -0.41071779 -0.21110619]
 [-0.74523027  0.56644921 -0.70062874  0.53654103  0.81134925  0.93018739
  -0.11649085  0.4793215   0.62554019 -0.07102048 -0.13969859  0.14261991]
 [-0.76292481  0.63287858  0.07180047 -0.27044023 -0.99052715 -0.83303798
  -0.90597606 -0.77459936  0.86977653  0.01382972 -0.26574945  0.77690524]
 [-0.09830532 -0.40161424 -0.14044195  0.19517478  0.9598397  -0.66881564
   0.28221416  0.34070238 -0.03280424 -0.60812546 -0.36949651  0.35947935]]

[[-0.43530739  0.01558563 -0.0094072   0.14199091  0.23598576 -0.07481442
  -0.04388995  0.30791425 -0.80929427  0.00574446 -0.14377434  0.89051745]
 [ 0.35236434 -0.56337582  0.28464692  0.16142387 -0.43699457 -0.07808425
  -0.60163632  0.36482835  0.97660865  0.38954926 -0.77363052  0.89488667]
 [-0.17880686  0.28343411 -0.14321125 -0.08068485  0.22065806  0.03900695
  -0.46990041  0.78728525 -0.06007616 -0.55267752  0.12822472 -0.5615886 ]
 [-0.02699772  0.27732658 -0.13959247 -0.12986548  0.13806016  0.06492852
  -0.45328462 -0.8522468  -0.95157356  0.87394454 -0.97734169 -0.35379844]
 [ 0.38639355 -0.25980764  0.1320747  -0.00261158 -0.31932238  0.00448858
   0.50313459  0.08085143 -0.10494515  0.51595627 -0.11912936  0.26872249]
 [ 0.00996339 -0.13900032  0.06995303  0.06631859 -0.06732051 -0.03318859
   0.89178975  0.68971636 -0.01679884  0.08728164 -0.45960987 -0.7825379 ]
 [-0.04388995 -0.60163632 -0.46990041 -0.45328462  0.50313459  0.89178975
   0.35662924 -0.84695567 -0.88691576  0.1875461   0.75227466  0.69541862]
 [ 0.30791425  0.36482835  0.78728525 -0.8522468   0.08085143  0.68971636
  -0.36906866  0.30317692 -0.60712879 -0.93996508 -0.41107314  0.276455  ]
 [-0.80929427  0.97660865 -0.06007616 -0.95157356 -0.10494515 -0.01679884
   0.8030647   0.5142456   0.01445122  0.06424892 -0.35341631 -0.11563976]
 [ 0.00574446  0.38954926 -0.55267752  0.87394454  0.51595627  0.08728164
   0.00094544 -0.45434117  0.51815866  0.31054538  0.76146583 -0.83190914]
 [-0.14377434 -0.77363052  0.12822472 -0.97734169 -0.11912936 -0.45960987
  -0.5601086  -0.41431925 -0.3791788  -0.09578586 -0.10311656 -0.01238155]
 [ 0.89051745  0.89488667 -0.5615886  -0.35379844  0.26872249 -0.7825379
   0.34033532  0.18675099  0.67806148  0.08595381 -0.12013914 -0.72773377]]

[[ 0.32711883  0.17156318 -0.08511824 -0.19866513 -0.0954833   0.10235667
  -0.51252786  0.58175139  0.60741498  0.48976733 -0.46345683 -0.14206108]
 [ 0.10331417 -0.0797527   0.04048766  0.00446259 -0.08997406 -0.00138894
  -0.02559255  0.11829162 -0.6348451   0.80023645 -0.12449094  0.62046174]
 [-0.05078899  0.04073343 -0.02067182 -0.00296012  0.04491309  0.00106724
  -0.6386029   0.31829669  0.97065352 -0.24895033  0.3924135   0.95730585]
 [-0.16441918 -0.01902537  0.00897765  0.06613156  0.0780078  -0.0345292
  -0.56362174 -0.70533506 -0.34330185 -0.49121172  0.83252949  0.09122916]
 [-0.1259638  -0.12588141  0.06286472  0.10651527  0.01005287 -0.05447248
   0.34336863  0.11119183 -0.31687131  0.43970105  0.07205024 -0.46260596]
 [ 0.08517624  0.01095585 -0.00520405 -0.0348109  -0.03992019  0.0181645
  -0.40644971 -0.72903553 -0.14918246  0.2225139   0.71485198  0.4504721 ]
 [-0.51252786 -0.02559255 -0.6386029  -0.56362174  0.34336863 -0.40644971
  -0.69835364  0.3538146   0.2766819   0.42060037 -0.04237571 -0.30365728]
 [ 0.58175139  0.11829162  0.31829669 -0.70533506  0.11119183 -0.72903553
  -0.78646718  0.81657762 -0.08821174  0.73782615  0.07709152  0.29046902]
 [ 0.60741498 -0.6348451   0.97065352 -0.34330185 -0.31687131 -0.14918246
   0.28476941  0.73247707  0.38961507 -0.04208858 -0.2278097  -0.73085457]
 [ 0.48976733  0.80023645 -0.24895033 -0.49121172  0.43970105  0.2225139
   0.6492054  -0.55859835 -0.30599963  0.49812765  0.83870064 -0.18227981]
 [-0.46345683 -0.12449094  0.3924135   0.83252949  0.07205024  0.71485198
  -0.98059841  0.58581747  0.58319054 -0.84532336 -0.42393757 -0.58850753]
 [-0.14206108  0.62046174  0.95730585  0.09122916 -0.46260596  0.4504721
   0.95504573  0.47490539 -0.60148394  0.35504638 -0.07921834 -0.69762205]]

[[ 0.3402505   0.1338555  -0.06610399 -0.18426347 -0.11923269  0.09523969
   0.568822   -0.82692958  0.97452576  0.57499228 -0.55850085 -0.17708536]
 [ 0.12338436  0.24337625 -0.1219739  -0.16458404  0.04377827  0.08358306
  -0.88185128  0.90555939 -0.25604623 -0.70134462 -0.95419113 -0.96434229]
 [-0.06083701 -0.12193619  0.06111481  0.08212219 -0.02244985 -0.04169929
   0.81174196 -0.27968639 -0.79505    -0.96140265  0.9104557  -0.29547534]
 [-0.17900927 -0.16818769  0.08395374  0.14599933  0.01906701 -0.07471709
  -0.86216861  0.86862669 -0.61933343  0.62244559 -0.19043616  0.07784586]
 [-0.12390917  0.03826917 -0.01969561  0.02344078  0.08228271 -0.01277897
  -0.18503653 -0.98367518  0.65751924  0.71261461  0.46500368  0.31258535]
 [ 0.09260378  0.08547707 -0.04266147 -0.07476031 -0.01054628  0.03826731
   0.40346058  0.5959115  -0.256324   -0.67638457  0.824031    0.28043109]
 [ 0.568822   -0.88185128  0.81174196 -0.86216861 -0.18503653  0.40346058
   0.74965148 -0.06878299  0.84301521 -0.11993286 -0.94950799 -0.79670945]
 [-0.82692958  0.90555939 -0.27968639  0.86862669 -0.98367518  0.5959115
  -0.5409151   0.95264342  0.61569627  0.2367001  -0.54351845 -0.14011117]
 [ 0.97452576 -0.25604623 -0.79505    -0.61933343  0.65751924 -0.256324
  -0.96392009  0.03115095 -0.47960003  0.13824439 -0.31999286 -0.7481374 ]
 [ 0.57499228 -0.70134462 -0.96140265  0.62244559  0.71261461 -0.67638457
  -0.39651815  0.46312031 -0.10374403 -0.94941426 -0.15648182 -0.21783107]
 [-0.55850085 -0.95419113  0.9104557  -0.19043616  0.46500368  0.824031
   0.950787   -0.15635523 -0.63340551  0.45879559  0.04483804  0.10927778]
 [-0.17708536 -0.96434229 -0.29547534  0.07784586  0.31258535  0.28043109
  -0.09344168  0.90223936 -0.37206459  0.45863264 -0.96312387 -0.32339301]]

[[ 0.04320582  0.18558965 -0.09319598 -0.10799439  0.0601541   0.05453377
   0.94643989  0.63483343  0.30204016 -0.16850322 -0.59365569 -0.10448933]
 [ 0.23825848  0.24544678 -0.12260169 -0.20515703 -0.0157349   0.10488255
   0.24665305  0.61200189  0.04668501 -0.27952079  0.16475259 -0.66165018]
 [-0.1196884  -0.12279136  0.06133302  0.10280505  0.00813128 -0.05255953
   0.8395314   0.40499974 -0.06379228 -0.35788114  0.26670125  0.72312332]
 [-0.13442253 -0.187031    0.09359249  0.14010995 -0.01280664 -0.07139576
  -0.60194999 -0.96943683  0.71994102 -0.39375341 -0.54403165 -0.16466425]
 [ 0.08367638  0.01197537 -0.00572227 -0.0348063  -0.03867576  0.01814985
  -0.38987478 -0.78796976  0.74535843 -0.761284   -0.51088123 -0.27013584]
 [ 0.06779217  0.09535589 -0.04771987 -0.07117836  0.00691962  0.03626623
  -0.82573895  0.33087313 -0.47231869  0.48223013 -0.81062027  0.19707411]
 [ 0.94643989  0.24665305  0.8395314  -0.60194999 -0.38987478 -0.82573895
   0.67211656 -0.92119668  0.92218883 -0.24207288  0.85559959 -0.27698085]
 [ 0.63483343  0.61200189  0.40499974 -0.96943683 -0.78796976  0.33087313
  -0.36930517  0.13009743 -0.310307    0.85285335 -0.66662251  0.02249456]
 [ 0.30204016  0.04668501 -0.06379228  0.71994102  0.74535843 -0.47231869
   0.24872835 -0.57601745  0.27200031  0.27179465 -0.83169098  0.63927198]
 [-0.16850322 -0.27952079 -0.35788114 -0.39375341 -0.761284    0.48223013
  -0.27658977 -0.96455067  0.66747657 -0.90035152  0.10563957  0.25841055]
 [-0.59365569  0.16475259  0.26670125 -0.54403165 -0.51088123 -0.81062027
   0.05754943  0.26185703  0.10148354 -0.79731836  0.95849146  0.56903685]
 [-0.10448933 -0.66165018  0.72312332 -0.16466425 -0.27013584  0.19707411
  -0.67469978 -0.07842027  0.45525151 -0.0684221   0.65901059 -0.14097291]]

[[-0.04832196 -0.13299353  0.06672172  0.08336347 -0.03397259 -0.04221907
  -0.82066639 -0.01790585  0.19683529  0.64033383  0.10917991 -0.88473364]
 [ 0.28221023 -0.6059423   0.30580522  0.20692646 -0.4190954  -0.10148895
  -0.78115441  0.54806027  0.49504348  0.62926226  0.4459119   0.67153927]
 [-0.14212574  0.30430998 -0.15357972 -0.10378378  0.2106826   0.05089689
   0.88567088 -0.1150091  -0.22383159  0.39947464 -0.13036811 -0.76978412]
 [-0.12497724  0.34981923 -0.17640911 -0.13252106  0.22198514  0.0654548
  -0.44075653 -0.32404436 -0.86653015 -0.02771792  0.87193116  0.68492711]
 [ 0.1514604  -0.20064727  0.101471    0.04855543 -0.16929727 -0.02311328
  -0.70269039 -0.7950782   0.56155751 -0.16259994  0.0969304  -0.59190157]
 [ 0.06230079 -0.17659044  0.08904933  0.06716858 -0.11164442 -0.03318449
   0.70146797 -0.33439061 -0.14491054 -0.28454476 -0.01812927 -0.79140454]
 [-0.82066639 -0.78115441  0.88567088 -0.44075653 -0.70269039  0.70146797
  -0.88197484 -0.7020876   0.65414986  0.54506715 -0.44501367  0.31495182]
 [-0.01790585  0.54806027 -0.1150091  -0.32404436 -0.7950782  -0.33439061
  -0.83953107  0.34444231  0.99100813  0.59916662  0.58368271  0.7629508 ]
 [ 0.19683529  0.49504348 -0.22383159 -0.86653015  0.56155751 -0.14491054
  -0.2695555  -0.05244238 -0.27618151  0.77364843  0.14972443  0.73657955]
 [ 0.64033383  0.62926226  0.39947464 -0.02771792 -0.16259994 -0.28454476
   0.02006509 -0.17690563  0.39315035  0.87867935  0.67273371  0.97200395]
 [ 0.10917991  0.4459119  -0.13036811  0.87193116  0.0969304  -0.01812927
   0.69768013  0.98624924  0.3187358  -0.4762613  -0.950329    0.14575982]
 [-0.88473364  0.67153927 -0.76978412  0.68492711 -0.59190157 -0.79140454
  -0.90692448  0.61651021  0.05612859 -0.90820996 -0.85385401 -0.303742  ]]

[[-0.35734659  0.65019476 -0.32833478 -0.20327318  0.47838981  0.09903812
   0.45882365  0.31278882  0.20103087  0.84094641  0.05056553 -0.99867646]
 [ 0.01075895 -0.36898015  0.18563573  0.18144394 -0.17044971 -0.09093786
  -0.4947529   0.48317805 -0.48416535 -0.58424153 -0.99496213 -0.49269961]
 [-0.00669863  0.18793847 -0.09455715 -0.09199832  0.08745897  0.04609839
   0.94161621 -0.01530442  0.87123385  0.59566231  0.3295521  -0.44378524]
 [ 0.11758255 -0.0386185   0.01984854 -0.02108818 -0.07911015  0.01154668
   0.67851809 -0.90272793 -0.70913743  0.22309227 -0.05842663  0.91075152]
 [ 0.19281318 -0.50687141  0.25565063  0.1879808  -0.32781581 -0.0927197
  -0.93287667 -0.09895243 -0.14814894  0.42507466  0.66997183 -0.08797672]
 [-0.061928    0.02472243 -0.01265839  0.00890738  0.04362294 -0.00497804
  -0.10834173 -0.74080408 -0.28562324 -0.13576475  0.50243954  0.81278063]
 [ 0.45882365 -0.4947529   0.94161621  0.67851809 -0.93287667 -0.10834173
  -0.82041044  0.07142749 -0.26489679  0.0144793  -0.03182693 -0.88665318]
 [ 0.31278882  0.48317805 -0.01530442 -0.90272793 -0.09895243 -0.74080408
  -0.17239414  0.89902745  0.26343726 -0.82217254  0.36365761  0.9944832 ]
 [ 0.20103087 -0.48416535  0.87123385 -0.70913743 -0.14814894 -0.28562324
  -0.67111616 -0.40809073 -0.62597018 -0.89056744 -0.94598233 -0.53838455]
 [ 0.84094641 -0.58424153  0.59566231  0.22309227  0.42507466 -0.13576475
   0.98762917 -0.66821456 -0.07380403 -0.68217721  0.72356124 -0.02743489]
 [ 0.05056553 -0.99496213  0.3295521  -0.05842663  0.66997183  0.50243954
  -0.99573502  0.29728993 -0.05646866  0.28712547  0.521578    0.79949039]
 [-0.99867646 -0.49269961 -0.44378524  0.91075152 -0.08797672  0.81278063
   0.94612237 -0.04122816 -0.42445662  0.34953188  0.33075646  0.32168678]]
