A: 
[[ 0.36776258  1.33614516  0.45264649 -0.35733763  0.32901244 -0.30050965
  -0.14036153 -0.27365102 -0.81784106  0.10449513  0.21649282 -0.49386542]
 [ 0.63481372 -0.48248729 -0.80813148 -0.00619846 -0.27093106  0.06976274
  -0.80104797  0.01942564 -0.42996868  0.07995832  0.26735297 -0.45305354]
 [ 0.0102459   0.30398161  0.45673753 -0.21143999  0.19939005  0.51674666
   0.26286714  0.03594555 -0.08209732 -0.61513909  0.56308155 -0.30176155]
 [ 0.00965415 -0.55635931  0.22136839  0.19717223 -0.18602722  0.59373235
  -0.06565738 -0.43052073  0.70231992  0.86048517 -0.34300563  0.40108644]
 [-0.10118071  0.73175035  0.49301555 -0.06172843  0.83327625  0.21302629
   0.730763   -0.06875837  0.73061435  0.33128277  0.92888748 -0.27638323]
 [-0.43901974 -0.06641328  0.45211786 -0.02498034 -0.22199276  0.0826611
   0.3003987   0.09188048  0.3104843   0.82166739  0.86200802  0.48034886]
 [-0.6014849  -0.08927815  0.2380602   0.01411333 -0.8279585  -0.77753914
  -0.13286548  0.13672897  0.52928524  0.73680136  0.93445853 -0.92236561]
 [ 0.19502444  0.20958957 -0.7686973   0.1439762   0.98895587 -0.34413805
   0.4159904   0.35147416 -0.41828705  0.42794696 -0.37862891 -0.21978881]
 [ 0.4522703   0.30959146  0.57848008 -0.47007392 -0.53877127  0.72443577
  -0.61343917 -0.23637001  0.79830579 -0.95985904  0.34791178 -0.05428416]
 [-0.1833376  -0.37312746  0.5918192   0.10649925 -1.02577779  0.03798143
  -0.55858989 -0.66090495  0.67562753  0.51854842  0.85512418 -0.85420003]] 
x segnato:[[ 0.3172892 ]
 [ 0.87063591]
 [-0.77726504]
 [ 0.20502361]
 [-0.23302213]
 [ 0.70868804]
 [ 0.56904315]
 [ 0.10707963]
 [ 0.        ]
 [ 0.        ]
 [ 0.        ]
 [ 0.        ]]
Matrici Hi 

[[ 0.35971297 -0.01192009  0.20944903 -0.14753705 -0.00353968  0.70715277
  -0.20274206 -0.21736684 -0.09190961 -0.99900837  0.98287049  0.46612347]
 [ 0.14553958  0.50478828  0.55551306 -0.17028048 -0.02383693  0.23079941
  -0.09658047 -0.36202833 -0.44838635 -0.06886561 -0.05406535  0.80745876]
 [-0.38931563 -0.08204103 -0.37407764  0.39581528  0.30119453 -0.85610299
   0.36755764  0.03069754 -0.10338198 -0.82303306  0.49565288  0.53482648]
 [ 0.09949885  0.18877319 -0.13644633 -0.41963198 -0.04201029  0.1732134
  -0.01256783  0.69828258  0.13272635  0.40625686  0.45034617  0.84791366]
 [ 0.49369465  0.81937741  0.11543234 -0.58928351  0.24443531  0.35234659
  -0.14729607  0.37718998 -0.39407042 -0.55148874  0.65675343 -0.27425506]
 [-0.06045507 -0.35651548 -0.71659481  0.59397982  0.60055094 -0.60756498
   0.26248927 -0.23059539 -0.00760315 -0.84770183 -0.22419611 -0.65442901]
 [-0.04088219  0.48178412 -0.23823373 -0.0742249   0.29533762 -0.6039627
   0.14854917  0.3039579  -0.16707445 -0.58364759 -0.90488885  0.83348991]
 [-0.1304294  -0.14860667  0.19717712  0.48213275 -0.04635226 -0.33522872
  -0.06321973 -0.86412577  0.8734266   0.04454485  0.74402803  0.09650625]
 [-0.09190961 -0.44838635 -0.10338198  0.13272635 -0.39407042 -0.00760315
  -0.16707445  0.8734266  -0.32211747 -0.11622726  0.4197367  -0.01647376]
 [-0.99900837 -0.06886561 -0.82303306  0.40625686 -0.55148874 -0.84770183
  -0.58364759  0.04454485  0.93424287  0.84385636 -0.40263099 -0.4407419 ]
 [ 0.98287049 -0.05406535  0.49565288  0.45034617  0.65675343 -0.22419611
  -0.90488885  0.74402803  0.78734288  0.62684173 -0.43485728  0.4823521 ]
 [ 0.46612347  0.80745876  0.53482648  0.84791366 -0.27425506 -0.65442901
   0.83348991  0.09650625 -0.8574499  -0.21143957  0.91132405  0.86518049]]

[[ 0.15480049 -0.06963009  0.01069384  0.4473802   0.4302069   0.00766388
   0.06040491 -0.8096067  -0.55733599 -0.09514289  0.2677924   0.11814872]
 [-0.0104601   0.52675004  0.17055605 -0.01039401 -0.54361581 -0.95093942
  -0.55909965 -0.40758947  0.99113295 -0.94260442 -0.4066047   0.06074803]
 [ 0.11360388  0.46882086  0.53581023 -0.65198843 -0.68793284  0.30813484
  -0.42171623  0.35356377 -0.16633279  0.61940013 -0.69275279 -0.92596343]
 [ 0.30584626 -0.27732077 -0.22299331  0.00068659  0.11292641  0.46205088
  -0.13487384 -0.02355013 -0.50347835 -0.4456173  -0.24586703 -0.55053085]
 [ 0.06395272  0.15933674  0.03139803  0.38504964  0.28168405 -0.38837699
  -0.01824072 -0.73458249 -0.08383421 -0.62738607  0.63342206  0.01285089]
 [-0.07539573  0.21943109  0.66106752 -0.02726257  0.41071442  0.71901346
   0.49800744 -0.26959382  0.22598929 -0.65419236 -0.73436292 -0.5197872 ]
 [-0.18756539  0.26947174  0.17367936 -0.17501341 -0.16484342 -0.23355206
   0.05834676  0.24796419  0.50019775  0.09906349 -0.72501982  0.80784239]
 [-0.75801747  0.14946975 -0.01640917  0.15719139  0.10647187 -0.92788766
   0.62854864  0.43774862  0.9552662  -0.6282209   0.34102736  0.47045631]
 [-0.55733599  0.99113295 -0.16633279 -0.50347835 -0.08383421  0.22598929
   0.50019775  0.9552662  -0.38669253 -0.34481299  0.61691594 -0.94696305]
 [-0.09514289 -0.94260442  0.61940013 -0.4456173  -0.62738607 -0.65419236
   0.09906349 -0.6282209   0.15507583 -0.6383439   0.75844957  0.51869284]
 [ 0.2677924  -0.4066047  -0.69275279 -0.24586703  0.63342206 -0.73436292
  -0.72501982  0.34102736  0.25869806 -0.58403896  0.73737462 -0.38312261]
 [ 0.11814872  0.06074803 -0.92596343 -0.55053085  0.01285089 -0.5197872
   0.80784239  0.47045631  0.90826815  0.98492792 -0.99889054 -0.39982167]]

[[ 0.20567367  0.49860869 -0.22626337 -0.23904896  0.24213711 -0.25451203
  -0.03779904  0.3396206   0.30873527  0.68860144 -0.46546209  0.2252323 ]
 [ 0.29520748  0.26805647 -0.03801092 -0.11419958  0.07364392  0.03543606
  -0.21713487 -0.09492553 -0.46650783  0.65794211 -0.43700961 -0.79035784]
 [-0.02361027 -0.7633546   0.09378324  0.34517808 -0.33815308  0.40004581
  -0.20278901 -0.57096644 -0.29172629  0.77567625  0.22746304  0.22975565]
 [-0.3475598  -0.22284026 -0.3226406   0.25439005  0.22470659 -0.46272761
   0.37530754  0.22560885  0.59411989 -0.4086724  -0.90868533 -0.30065471]
 [ 0.17006588  0.37210924 -0.65879507 -0.0017904   0.07421766 -1.01015547
  -0.30540504  0.22580616 -0.3893466  -0.67309897  0.46466884  0.35123871]
 [ 0.31431314 -0.20853137 -0.14696534  0.01393977 -0.49416946 -0.04290795
  -0.67256498 -0.32190176  0.40552652  0.31154798  0.91725224 -0.83360803]
 [ 0.04049109 -0.22636369 -0.20190875  0.18746649 -0.32660236 -0.37832068
  -0.37651881 -0.28057112  0.51351229  0.8642902   0.9977391  -0.7844751 ]
 [ 0.42695283  0.51263074  0.53378282 -0.44640741 -0.39695091  0.46813646
  -0.54249885 -0.23376849  0.30217618 -0.60954062  0.59876214 -0.32269836]
 [ 0.30873527 -0.46650783 -0.29172629  0.59411989 -0.3893466   0.40552652
   0.51351229  0.30217618  0.60614884  0.16288948 -0.10896341 -0.69186198]
 [ 0.68860144  0.65794211  0.77567625 -0.4086724  -0.67309897  0.31154798
   0.8642902  -0.60954062 -0.23095665  0.59104643 -0.83313732  0.93407111]
 [-0.46546209 -0.43700961  0.22746304 -0.90868533  0.46466884  0.91725224
   0.9977391   0.59876214 -0.98425867  0.97566822  0.12182646  0.00675208]
 [ 0.2252323  -0.79035784  0.22975565 -0.30065471  0.35123871 -0.83360803
  -0.7844751  -0.32269836 -0.00948785 -0.91109976 -0.18066719 -0.84437057]]

[[ 0.25558758  0.01079371 -0.16801983 -0.06387438 -0.09840848  0.00831623
  -0.31019922 -0.0430705  -0.3490026   0.08817     0.50174386 -0.23533628]
 [ 0.32079553  0.43071854  0.3792949  -0.14278005 -0.05339121  0.22065794
  -0.29832716 -0.4440563  -0.36184408  0.37299754  0.05776182  0.22574668]
 [-0.25816517  0.01304117  0.23019467  0.08914301 -0.61527748 -0.57687038
  -0.30562605 -0.27887177  0.34579678  0.75770054  0.67007232 -0.12538486]
 [ 0.49828871 -0.13162527 -0.73269205 -0.14629617  0.38841887  0.27592486
  -0.13460316  0.46622798  0.62809307  0.0628947  -0.07670446 -0.50101425]
 [ 0.86891759 -0.03282714 -0.69891798 -0.10481894  0.37693709  0.41082469
  -0.49947259 -0.01429469  0.17001275 -0.86538138  0.5052499  -0.88813513]
 [-0.43810686 -0.41473708 -0.02962336  0.33676854 -0.85445114 -0.92741397
  -0.4029413  -0.3366529   0.84378032  0.84062821  0.85355888  0.4572389 ]
 [ 0.17391637 -0.09047436 -0.18962945  0.08373812  0.13303134  0.05542436
  -0.08403314 -0.11694862 -0.04548985  0.69211904 -0.93096764 -0.05264688]
 [-0.77488166  0.09218328  1.00144569  0.26890662 -0.04623914 -0.03352461
   0.67304415 -0.49451741 -0.07954189 -0.97571457 -0.10587823 -0.95066241]
 [-0.3490026  -0.36184408  0.34579678  0.62809307  0.17001275  0.84378032
  -0.04548985 -0.07954189 -0.6000476  -0.28835959  0.09940527  0.22330711]
 [ 0.08817     0.37299754  0.75770054  0.0628947  -0.86538138  0.84062821
   0.69211904 -0.97571457 -0.82180872 -0.44528799 -0.62523428 -0.12771204]
 [ 0.50174386  0.05776182  0.67007232 -0.07670446  0.5052499   0.85355888
  -0.93096764 -0.10587823  0.56195315  0.23425636  0.25119031 -0.30209879]
 [-0.23533628  0.22574668 -0.12538486 -0.50101425 -0.88813513  0.4572389
  -0.05264688 -0.95066241  0.87413601  0.71822118  0.48019181  0.89186825]]

[[ 0.26848276 -0.43897221 -0.39528819  0.23933455  0.15428883  0.1968976
  -0.16280051 -0.24372422 -0.85767907 -0.10258973  0.31960928 -0.15996777]
 [ 0.23306821 -0.2320118   0.15917604  0.00353951 -0.40882525  0.3345037
  -0.46031337 -0.40652809 -0.65276305  0.80159418 -0.74599002 -0.84922604]
 [-0.46522824  0.18270995  0.29963273 -0.10627116 -0.54558803 -0.59133111
  -0.01401944  0.19971659  0.9051764  -0.07416981 -0.07202203 -0.55014185]
 [-0.09436604  0.48059311  0.09543641 -0.3217738   0.12920146 -0.10751871
   0.22488731  0.51769465  0.85790977 -0.07679306 -0.38310817  0.85321713]
 [ 0.15677206  0.20087367 -0.23455962 -0.16322151  0.26419841  0.01883306
   0.06647404  0.34197016 -0.90392471 -0.94072442 -0.00793805  0.53178458]
 [-0.35627108 -0.28309717 -0.51002441  0.34403058  0.13126297 -0.77749033
   0.24307977  0.188657   -0.86364751 -0.25801744 -0.32603682  0.89233928]
 [-0.20433654  0.43293547  0.11057215 -0.22475339  0.04094863 -0.30657232
   0.21605411  0.41983304  0.63641313 -0.80554287 -0.65127938 -0.54811997]
 [ 0.22938288 -0.4571104  -0.12671647  0.37851363  0.1965472   0.33759227
  -0.09799243 -0.62877582 -0.37448985 -0.76258     0.15275472  0.52378526]
 [-0.85767907 -0.65276305  0.9051764   0.85790977 -0.90392471 -0.86364751
   0.63641313 -0.37448985  0.87378208  0.70623091  0.86688952  0.41167109]
 [-0.10258973  0.80159418 -0.07416981 -0.07679306 -0.94072442 -0.25801744
  -0.80554287 -0.76258     0.676045   -0.632862   -0.42034347 -0.2946575 ]
 [ 0.31960928 -0.74599002 -0.07202203 -0.38310817 -0.00793805 -0.32603682
  -0.65127938  0.15275472 -0.52027425  0.77827287  0.13611468 -0.19285645]
 [-0.15996777 -0.84922604 -0.55014185  0.85321713  0.53178458  0.89233928
  -0.54811997  0.52378526 -0.25271531 -0.6452197  -0.55825945  0.48448168]]

[[-0.22408896  0.1619427   0.19894103 -0.04746271 -0.3516474  -0.40073138
  -0.09365384  0.0027072   0.1794493   0.50814639  0.54349938  0.5910718 ]
 [ 0.33068711  0.50373556 -0.02364096 -0.01407017  0.25369571 -0.21879055
  -0.1963134  -0.32666319 -0.35338271  0.64854896 -0.57568373 -0.34910271]
 [ 0.3566441  -0.19765041  0.19160761 -0.13403783  0.09952572  0.99946598
  -0.07209263 -0.1430702   0.87739167  0.01745022  0.53407616 -0.69973285]
 [-0.29984824 -0.16656499  0.3008872   0.18489544  0.23139172  0.26201153
   0.47550854 -0.14278371 -0.36275106 -0.16043481  0.32321888  0.52005259]
 [-0.2487955  -0.44331856 -0.07079253  0.5770126   0.17972037 -0.26073207
   0.21664733 -0.58437939 -0.23499861 -0.63470125 -0.12050275  0.05213092]
 [-0.05782358 -0.90334205 -0.04048366  0.06554776 -0.65733609  0.51301313
  -0.31336893 -0.00122137 -0.8956213   0.36663186  0.70163514 -0.95517878]
 [ 0.09140867 -0.61644136 -0.32038977  0.43257486  0.30574693  0.25325732
   0.0948841  -0.38250189  0.45028876 -0.25346061 -0.1056964  -0.18653419]
 [ 0.33768089  0.00855025 -0.88497467 -0.00831303 -0.16785495 -0.81934835
  -0.60139005  0.25824551  0.48509285 -0.05576241 -0.03432175  0.72131408]
 [ 0.1794493  -0.35338271  0.87739167 -0.36275106 -0.23499861 -0.8956213
   0.45028876  0.48509285 -0.39408189 -0.62356222  0.3503639   0.72871779]
 [ 0.50814639  0.64854896  0.01745022 -0.16043481 -0.63470125  0.36663186
  -0.25346061 -0.05576241 -0.28951799 -0.98968273  0.95886816  0.68248079]
 [ 0.54349938 -0.57568373  0.53407616  0.32321888 -0.12050275  0.70163514
  -0.1056964  -0.03432175 -0.0157291  -0.37606037 -0.18778943 -0.86109613]
 [ 0.5910718  -0.34910271 -0.69973285  0.52005259  0.05213092 -0.95517878
  -0.18653419  0.72131408 -0.36879344 -0.85559399  0.98360333  0.0263568 ]]

[[ 0.43781591 -0.0110521   0.30031027  0.01979769  0.12960329  0.76106008
  -0.21170675 -0.61628878 -0.57287121 -0.05539553  0.36783071  0.06271737]
 [-0.43260879  0.1870338   0.20698674 -0.38754673 -0.44224558 -0.23482473
   0.15155009  0.77615837  0.51104397 -0.18883239  0.54656311  0.36014978]
 [-0.46190513 -0.16249468 -0.4887476   0.20449663 -0.12314562 -1.0269806
   0.1488091   0.41294008  0.88106544  0.98612477  0.21014948  0.77425793]
 [-0.07020993  0.14129115  0.13385589  0.10862832  0.34826848  0.04071985
   0.29969957 -0.15114854 -0.70724438 -0.00341536  0.39863096 -0.3050619 ]
 [-0.40077293  0.06138846  0.47206115  0.13466377  0.03974423 -0.02862303
   0.39227257 -0.1989797  -0.73657387 -0.51108784  0.19545821 -0.14475543]
 [ 0.19643318 -0.56223093 -0.35679433  0.72492351  0.15574202 -0.26287342
  -0.27358051 -1.04998576  0.76084196  0.27222288  0.14530302 -0.76266699]
 [-0.6624766  -0.08040365 -0.0589654   0.1921532  -0.13710441 -0.82895655
   0.37471904  0.29793168 -0.34676522 -0.00525476 -0.78477596  0.47349675]
 [ 0.0249145  -0.16344278 -0.09056743 -0.21071021 -0.5360928  -0.02185929
  -0.36311553  0.29495052  0.2753748  -0.10644977  0.63570523  0.1232737 ]
 [-0.57287121  0.51104397  0.88106544 -0.70724438 -0.73657387  0.76084196
  -0.34676522  0.2753748  -0.93108255  0.40512541 -0.43271811 -0.17753559]
 [-0.05539553 -0.18883239  0.98612477 -0.00341536 -0.51108784  0.27222288
  -0.00525476 -0.10644977 -0.98792842  0.52389471 -0.66687063 -0.04396934]
 [ 0.36783071  0.54656311  0.21014948  0.39863096  0.19545821  0.14530302
  -0.78477596  0.63570523  0.84541382  0.53891182 -0.81674183  0.31262154]
 [ 0.06271737  0.36014978  0.77425793 -0.3050619  -0.14475543 -0.76266699
   0.47349675  0.1232737  -0.76007835 -0.08106482  0.99459057  0.45824209]]

[[ 0.2720844  -0.18520004 -0.44789748 -0.15045424 -0.05486977  0.12663383
  -0.25092056  0.36140986  0.0229813  -0.53974793 -0.33822871 -0.61143724]
 [ 0.20042845 -0.28515879 -0.67137999  0.39931138  0.87188812  0.01244918
   0.34756775 -0.08845799  0.53138743  0.66958512 -0.41109709 -0.44859913]
 [ 0.38060983  0.36847659 -0.19937049  0.00154944  0.96848675  0.36373655
   0.36952881 -0.01376092 -0.16907333  0.05302105 -0.30028237 -0.87113337]
 [-0.22029904  0.52589393  0.34260404 -0.21995766 -0.12302469 -0.33125616
   0.10687638  0.1861813   0.15724605 -0.37952047 -0.23018639 -0.85858985]
 [-0.07311677  0.10629555 -0.18116135  0.45553948  0.13356778 -0.86058917
  -0.08583635 -0.61702545  0.78308493  0.86066192 -0.88958729 -0.71182615]
 [ 0.57362926  0.05519351 -0.2438832  -0.0113131   0.09125504  0.2034207
  -0.46898287 -0.3380174  -0.98324775 -0.88376503  0.44535791  0.82861883]
 [-0.1785688   0.16424659  0.21581005  0.51162448  0.17177508 -0.63490072
   0.07340819 -0.90015237  0.0672041  -0.60025372  0.05226379 -0.92860857]
 [-0.20192304 -0.9255771   0.06604783  0.57824669 -0.59609958 -0.05206242
  -0.33665078 -0.84431371  0.89948993  0.85415925 -0.15203333  0.09715556]
 [ 0.0229813   0.53138743 -0.16907333  0.15724605  0.78308493 -0.98324775
   0.0672041   0.89948993  0.28051998  0.8668712   0.81962742 -0.18000678]
 [-0.53974793  0.66958512  0.05302105 -0.37952047  0.86066192 -0.88376503
  -0.60025372  0.85415925 -0.09280142 -0.18888205 -0.59035753  0.73274966]
 [-0.33822871 -0.41109709 -0.30028237 -0.23018639 -0.88958729  0.44535791
   0.05226379 -0.15203333  0.48375625 -0.10863113  0.97257443 -0.13686839]
 [-0.61143724 -0.44859913 -0.87113337 -0.85858985 -0.71182615  0.82861883
  -0.92860857  0.09715556 -0.35731939 -0.06776562  0.87890401  0.46013278]]

[[-0.35338008  0.22932054  0.2746451  -0.20600299 -0.39109243 -0.34369698
   0.0496425   0.32911132 -0.20501319 -0.09618857 -0.36692945  0.31875207]
 [-0.541426    0.13296082  0.17028271  0.19681155 -0.09727431 -0.74694639
   0.29100917 -0.0307338   0.38545676  0.59515511  0.27160096 -0.48232957]
 [-0.04448613  0.01446078  0.66992607 -0.01124446 -0.08828306  0.6088357
   0.09189693 -0.43831753  0.74117763  0.61344842 -0.96396072 -0.77496572]
 [ 0.1609037  -0.30040056 -0.17739913 -0.00133818  0.10995599  0.42783157
   0.00234791  0.09084943  0.20640774  0.42414394  0.70156013 -0.00017656]
 [-0.49423971 -0.04553144 -0.11168765  0.24851888 -0.29146032 -0.99370188
   0.05415486  0.01422281 -0.1565895  -0.20497002 -0.93030904  0.10534332]
 [-0.19841321  0.35965068  0.84204451 -0.23787086 -0.64379392  0.05184493
  -0.21140673 -0.27308887  0.99052291  0.74908909  0.45744179 -0.50769238]
 [-0.05843206 -0.13550363 -0.16931559  0.33622412  0.04491903 -0.43339187
  -0.05606642 -0.38539016  0.6015428  -0.08923263  0.56769346 -0.87238495]
 [ 0.06246969  0.26730017 -0.4888007   0.23161782  0.16571512 -0.99249259
  -0.17721973 -0.15715861  0.52407184  0.20644925 -0.32093506  0.00960068]
 [-0.20501319  0.38545676  0.74117763  0.20640774 -0.1565895   0.99052291
   0.6015428   0.52407184 -0.89450487  0.21319015 -0.40960317  0.43045362]
 [-0.09618857  0.59515511  0.61344842  0.42414394 -0.20497002  0.74908909
  -0.08923263  0.20644925  0.43635619  0.16712013 -0.23813375  0.42551533]
 [-0.36692945  0.27160096 -0.96396072  0.70156013 -0.93030904  0.45744179
   0.56769346 -0.32093506  0.57149114  0.47480912  0.53277675 -0.6279234 ]
 [ 0.31875207 -0.48232957 -0.77496572 -0.00017656  0.10534332 -0.50769238
  -0.87238495  0.00960068  0.41094623 -0.11896278  0.8401876  -0.65748123]]

[[ 0.44258558  0.01423358 -0.18841496 -0.03130869 -0.05868699  0.11998255
  -0.45529916 -0.2532822  -0.18157764  0.59433687 -0.12816672 -0.45578806]
 [ 0.23456545 -0.26108834 -0.15715315  0.27258047  0.0238323   0.04192573
  -0.26155134 -0.52859894  0.85751051 -0.33140623  0.30319904 -0.43777889]
 [-0.23909577 -0.02915752 -0.42877081  0.11564313  0.72095201 -0.17995921
   0.69805514  0.55532585 -0.84457991 -0.17974219  0.31345519 -0.0995396 ]
 [ 0.00662151 -0.02475242  0.06780037 -0.11267996 -0.25691706  0.04777436
  -0.15710999  0.07528998 -0.19470645 -0.15866575  0.6024282  -0.47978215]
 [ 0.76559447 -0.11561719 -0.15224828  0.12014668 -0.50185517  0.04314918
  -1.13761317 -0.96619819  0.59046689  0.80730316  0.09306457  0.86132829]
 [ 0.38084934  0.26821145 -0.60548888 -0.02776726  0.61865951 -0.18045431
   0.03049068  0.23853571  0.86948813  0.96855259 -0.09648088 -0.7287467 ]
 [ 0.16776006 -0.03735796 -0.04004908  0.12985436 -0.13556897 -0.13221908
  -0.31489398 -0.39990968  0.70300533 -0.03347231  0.35509362  0.64873149]
 [-0.08251746  0.08568428  0.34927422  0.11780333 -0.14956871 -0.07205192
  -0.06514716 -0.45118337 -0.52868661 -0.5323444  -0.13695764  0.13573148]
 [-0.18157764  0.85751051 -0.84457991 -0.19470645  0.59046689  0.86948813
   0.70300533 -0.52868661 -0.5480269   0.28970745  0.96563264 -0.76945645]
 [ 0.59433687 -0.33140623 -0.17974219 -0.15866575  0.80730316  0.96855259
  -0.03347231 -0.5323444   0.80870607  0.27049016  0.81200443 -0.04833637]
 [-0.12816672  0.30319904  0.31345519  0.6024282   0.09306457 -0.09648088
   0.35509362 -0.13695764  0.74520763 -0.9754762   0.54312489 -0.89294218]
 [-0.45578806 -0.43777889 -0.0995396  -0.47978215  0.86132829 -0.7287467
   0.64873149  0.13573148 -0.07290198 -0.13422115  0.85944047 -0.51235126]]
