A: 
[[-0.45880002 -0.15945126 -0.54124423  0.4307882  -0.31175648 -0.57841452
   0.41146586  0.05609219 -0.2962393   0.32210879  0.24801801 -0.1231608 ]
 [ 0.38414598 -0.23642111  0.60264523 -0.52170423  0.96449007  0.93165106
  -0.59034194 -0.44899558  0.67264526 -0.75228664  0.00959084  0.43839545]
 [ 0.05011197 -0.7769629  -0.41272651  0.21079252  0.22489972  0.02338213
   0.20989623 -0.03136057 -0.24149     0.8810911   0.95856711  0.52599974]
 [ 0.02063832  0.24270841  0.64746114 -0.43844289  0.43993915  0.17674869
  -0.67632795 -0.65434253 -0.59215304 -0.04995103 -0.12927277 -0.65294794]
 [ 0.29420584 -0.47183764 -0.64447844  0.1463878  -0.41480163 -0.25977511
   0.44897936  0.47541649  0.43739339 -0.86473474  0.08546749 -0.01408736]
 [-0.48204649  0.44348745 -0.4536833   0.42972782 -0.79885926 -0.76818379
   0.50384036  0.3726262   0.20789512  0.21731247 -0.80309293 -0.12913549]
 [ 0.13126042  0.23329747 -0.21738839 -0.8168272   0.35263363  0.15827726
  -0.20478279 -0.20177918  0.95016537  0.34196031  0.95024531 -0.79985793]
 [ 0.45081335 -0.40195835  0.30757149 -0.57244689  0.03461565 -0.51341346
  -0.80246676 -0.84879537  0.57723944 -0.66731167 -0.65606594 -0.430768  ]
 [ 0.28052457 -1.0367529  -0.38401683  0.52253303 -0.42754055 -0.59284017
   0.19029177  0.0227297  -0.7646509   0.00069431  0.43223093  0.87672617]
 [-0.81967473 -0.50124176 -0.35207107  0.08009391  0.9833399   0.06344428
  -0.01296186 -0.80871367  0.41510858 -0.79047838  0.22762931  0.39053092]] 
x segnato:[[ 0.13907132]
 [ 0.54722134]
 [-0.76988059]
 [-0.03198494]
 [-0.99343387]
 [ 0.91615885]
 [-0.97647214]
 [ 0.77040395]
 [ 0.        ]
 [ 0.        ]
 [ 0.        ]
 [ 0.        ]]
Matrici Hi 

[[-0.19449006 -0.09063421 -0.43290306 -0.78301062  0.48618419 -0.31138159
  -0.32042006 -0.73948444  0.54007834  0.27824352  0.50353094  0.01640839]
 [ 0.45229346  0.88840336  0.09888983 -0.56853425 -0.4679977   0.18056801
   0.01766668  0.6090772  -0.05484104 -0.37565767  0.47939803 -0.30375092]
 [-0.26875434  0.24258093 -0.00249103  0.33994489 -0.22027158 -0.08497051
   0.23033743  0.21660376  0.74653109  0.5203359  -0.83763169 -0.48349568]
 [-0.35973171 -0.026274    0.40115606  1.29448617 -0.18730522  0.44610883
   0.54880923  0.65464104  0.30752934 -0.21109399  0.09788471  0.80288261]
 [-0.10907634 -0.03014222  0.53278671  0.17899575  0.04345713 -0.16318448
  -0.39357667 -0.46046637  0.15516253 -0.49280101 -0.60411881 -0.28617125]
 [-0.25341108  0.62599703  0.76356057 -0.14413171  0.15955585  0.03436642
  -0.53746074 -0.49050721  0.06032418 -0.00705117 -0.84558374  0.10234417]
 [ 0.03626461  0.24897749  0.40063741  0.15288101  0.0382014   0.36588934
  -0.03208845  0.17990924 -0.29625692 -0.89476604  0.16260546  0.17603375]
 [-0.03072818  0.6265211   0.30878863 -0.35285903  0.16378025  0.33439335
  -0.17635453  0.01512603 -0.29488596 -0.10284669  0.81749776  0.21818746]
 [ 0.54007834 -0.05484104  0.74653109  0.30752934  0.15516253  0.06032418
  -0.29625692 -0.29488596  0.56628973 -0.34481411  0.10614653 -0.79275257]
 [ 0.27824352 -0.37565767  0.5203359  -0.21109399 -0.49280101 -0.00705117
  -0.89476604 -0.10284669  0.20032903 -0.50270427 -0.64503694 -0.78825037]
 [ 0.50353094  0.47939803 -0.83763169  0.09788471 -0.60411881 -0.84558374
   0.16260546  0.81749776  0.35106771  0.07924221 -0.2519472   0.51923206]
 [ 0.01640839 -0.30375092 -0.48349568  0.80288261 -0.28617125  0.10234417
   0.17603375  0.21818746  0.68192798  0.92192502  0.18694085 -0.82037796]]

[[-0.09586008  0.44829499  0.14577811 -0.20176682 -0.10089424 -0.11371791
  -0.13985428 -0.08137405 -0.35430187  0.49269958 -0.89156027  0.34045319]
 [ 0.0721957   0.06399334 -0.17372009  0.1645775   0.40928665  1.07338648
   0.56681718  0.80570765  0.91772461 -0.61888237 -0.66798312 -0.93576774]
 [ 0.42358976 -0.16285124  0.11670697  0.06076676 -0.29746629 -0.00861678
  -0.0198391   0.23750012 -0.14645571  0.19190489  0.04143233  0.10144671]
 [-0.13331125 -0.13416916 -0.1547543   0.22560912 -0.44673478 -0.70141333
   0.01370144 -0.15805498 -0.26776797  0.97905124 -0.63660218  0.4913759 ]
 [ 0.55753514 -0.30380736  0.77282172  0.12978444 -0.00302965  0.26905935
  -0.45682864 -0.11715073 -0.07145046  0.71280066  0.09416475 -0.48481729]
 [ 0.45845642  0.16549238  0.99584461  0.31330672 -0.0850796   0.6035627
  -0.28335296  0.26938856  0.0042894  -0.97007363  0.78463303  0.42380007]
 [-0.30914027  0.21228679  0.03117244  0.19372651  0.05167207  0.06543361
   0.12556744  0.04632832 -0.28528367 -0.735182   -0.34140592  0.51438214]
 [-0.33694842  0.5553771   0.12818466  0.20773616  0.03054156  0.32868405
   0.24209129  0.3225584   0.83923083  0.03210332 -0.80899168 -0.83628058]
 [-0.35430187  0.91772461 -0.14645571 -0.26776797 -0.07145046  0.0042894
  -0.28528367  0.83923083 -0.85576288  0.8950834  -0.1209436  -0.72556918]
 [ 0.49269958 -0.61888237  0.19190489  0.97905124  0.71280066 -0.97007363
  -0.735182    0.03210332  0.73293639 -0.12671881  0.91972008  0.22189613]
 [-0.89156027 -0.66798312  0.04143233 -0.63660218  0.09416475  0.78463303
  -0.34140592 -0.80899168  0.99602805 -0.95908325  0.34239876  0.09603662]
 [ 0.34045319 -0.93576774  0.10144671  0.4913759  -0.48481729  0.42380007
   0.51438214 -0.83628058  0.62632292  0.07376159  0.07498836 -0.21500176]]

[[-0.01168206 -0.04636765  0.58099381  0.3292516  -0.05938338 -0.05138939
  -0.28879153 -0.23971224  0.56123167  0.08230818  0.2225822  -0.04597281]
 [-0.03003276 -0.52220654 -0.63098154  0.28739943 -0.50448591 -0.76631972
   0.30759002  0.05507094  0.30076211  0.58071448 -0.80181629 -0.31738106]
 [ 0.10711895 -0.25939243 -0.4057682  -0.14910265 -0.24825816 -0.48956017
   0.03560643 -0.08682256  0.32492862  0.30695939 -0.99640637  0.8766203 ]
 [-0.27986278  0.63102933 -0.13169457 -0.48595734  0.18549099  0.06471645
  -0.03048373 -0.08288472 -0.55164809 -0.19802916  0.26999038 -0.37407787]
 [-0.14508515 -0.21401914 -0.52470373 -0.15578857  0.60035021  0.55882566
   0.35822271  0.17866692  0.32828815 -0.47045605  0.66397002  0.64436179]
 [-0.64020413 -0.11997059 -0.61060814  0.0560135   0.63371929  0.27617798
   0.4156175  -0.06396541  0.2497377  -0.963648   -0.61373646  0.68277802]
 [-0.45028474  0.39481995 -0.01117407 -0.00456528  0.29131527  0.22250621
   0.1043542  -0.03502019 -0.35107396 -0.79297609 -0.06963711 -0.21588895]
 [-0.61348696  0.28678683  0.04750722  0.24390616  0.14476571 -0.10031622
   0.06013854 -0.21665054 -0.26129887  0.13768277 -0.81424871  0.24522913]
 [ 0.56123167  0.30076211  0.32492862 -0.55164809  0.32828815  0.2497377
  -0.35107396 -0.26129887  0.00066434 -0.46338517 -0.34673102  0.58381615]
 [ 0.08230818  0.58071448  0.30695939 -0.19802916 -0.47045605 -0.963648
  -0.79297609  0.13768277 -0.93135778 -0.10106551 -0.41420495  0.24661968]
 [ 0.2225822  -0.80181629 -0.99640637  0.26999038  0.66397002 -0.61373646
  -0.06963711 -0.81424871  0.3826787   0.10097087  0.77219539  0.46071456]
 [-0.04597281 -0.31738106  0.8766203  -0.37407787  0.64436179  0.68277802
  -0.21588895  0.24522913 -0.82500798  0.80016496  0.44047626  0.76088736]]

[[ 0.18116565 -0.23534337 -0.36512836  0.06312909 -0.70160446 -0.83880012
   0.07730366  0.0384232  -0.33531189 -0.72672206 -0.59238485  0.35973416]
 [-0.07046617  0.75768386 -0.00581715 -0.4113708   0.176756    0.51454263
   0.12615615  0.3505049  -0.06235499  0.56012013 -0.72538314  0.57553249]
 [-0.3259105   0.17299367  0.13620587  0.78963414 -0.58802846 -0.36590065
   0.30225458  0.30301522  0.56566713 -0.25938147 -0.69942697 -0.7735496 ]
 [-0.07497746 -0.11362511  0.52554793  0.55107943  0.14720717  0.38327267
  -0.02420921  0.05304343 -0.67658707 -0.93151705 -0.35083972  0.66023554]
 [-0.40603453 -0.21193891 -0.07406002  0.31826619  0.0651745  -0.3148913
   0.018717   -0.32403603 -0.19562759  0.19555489 -0.57678588 -0.25447495]
 [-0.37938465 -0.07081326 -0.11429217  0.41027649 -0.28614674 -0.54888623
   0.10863314 -0.15359042  0.95285313  0.82529453  0.42540402 -0.61016839]
 [ 0.13327111 -0.01248142  0.11995845 -0.30853388  0.40536219  0.40321974
  -0.17026434 -0.1154226   0.75444816  0.92787536 -0.35802754 -0.28895376]
 [ 0.17851299  0.10467748 -0.02841667 -0.25682552 -0.02655335  0.04937591
  -0.05436655  0.06161936 -0.14278599 -0.47283833 -0.38601467 -0.61694217]
 [-0.33531189 -0.06235499  0.56566713 -0.67658707 -0.19562759  0.95285313
   0.75444816 -0.14278599  0.19256878  0.08917502 -0.22713293 -0.31847433]
 [-0.72672206  0.56012013 -0.25938147 -0.93151705  0.19555489  0.82529453
   0.92787536 -0.47283833  0.34973665 -0.22461048  0.42131563  0.84304989]
 [-0.59238485 -0.72538314 -0.69942697 -0.35083972 -0.57678588  0.42540402
  -0.35802754 -0.38601467  0.99681198 -0.37140598  0.46040898 -0.54229937]
 [ 0.35973416  0.57553249 -0.7735496   0.66023554 -0.25447495 -0.61016839
  -0.28895376 -0.61694217  0.82938441  0.4103802   0.20926428 -0.84903014]]

[[-0.42311741  0.70629173 -0.12854421  0.09270878  0.07936588  0.42793363
   0.43604531  0.4999685  -0.36601117 -0.5910413   0.62852497 -0.03417038]
 [ 0.40594904  0.16142586  0.46072579 -0.35915378 -0.46772535 -0.58715491
  -0.61175992 -0.39913213 -0.79912126  0.11796546  0.58730604  0.79467826]
 [ 0.18422881 -0.25927772 -0.41151452  0.08920695 -0.19542757 -0.02354565
   0.33510927  0.38153866 -0.6404635   0.39854796  0.22913784  0.25636727]
 [ 0.30735802 -0.82304166  0.23428528  0.79715827  0.1079883   0.53191867
   0.24262793  0.37598866  0.44991859 -0.53042023 -0.89387354  0.93409846]
 [-0.59616958 -0.25942884 -0.27116946  0.2042687   0.18680949 -0.48962006
  -0.00163745 -0.5532581  -0.51780319 -0.53371518  0.7824639   0.36908176]
 [-0.83967471 -0.0266886   0.33780456  0.93147506  0.11906718 -0.15328405
   0.09721392 -0.31070121  0.00019457  0.32344485  0.9962302   0.08352589]
 [-0.11407324 -0.11784315  0.71390933  0.58336451  0.10916119  0.21364455
  -0.21047881 -0.17443472  0.95135985  0.24472546  0.84971238 -0.65609194]
 [-0.26047906  0.25876375  0.91798004  0.80248688  0.00630797  0.39813275
  -0.08138664  0.08585159  0.64663869  0.48694181 -0.55971413 -0.32582229]
 [-0.36601117 -0.79912126 -0.6404635   0.44991859 -0.51780319  0.00019457
   0.95135985  0.64663869 -0.72463135  0.07340248  0.36094835  0.59251782]
 [-0.5910413   0.11796546  0.39854796 -0.53042023 -0.53371518  0.32344485
   0.24472546  0.48694181 -0.30929258 -0.07903723  0.79212214  0.91771562]
 [ 0.62852497  0.58730604  0.22913784 -0.89387354  0.7824639   0.9962302
   0.84971238 -0.55971413 -0.89043251  0.07559801  0.12207887  0.51704206]
 [-0.03417038  0.79467826  0.25636727  0.93409846  0.36908176  0.08352589
  -0.65609194 -0.32582229  0.13265268  0.87615732 -0.12958803 -0.63720135]]

[[ 0.90411297 -0.05694648  0.48511072 -0.3229176  -0.43415205 -0.01907122
  -0.4266062   0.12960113  0.0759272   0.80194699 -0.56758422 -0.78789166]
 [-0.26440648 -0.41412393  0.09273843  0.33209563  0.18777959 -0.19614989
  -0.11820629 -0.42855323  0.79857416  0.72206478  0.17249475  0.91954279]
 [ 0.50671057  0.07269955  0.34563941 -0.04118548  0.01303197  0.62295776
  -0.00529332  0.4552785   0.95018028  0.99290977 -0.96489467 -0.93330286]
 [-0.70898488  0.78754145 -0.07991033 -0.19364335  0.57601933  0.52599222
   0.19801149  0.02088182  0.12334338 -0.8748522  -0.6797465   0.81055961]
 [ 0.27462311  0.32280456 -0.32329493 -0.20352815 -0.52251834 -0.15423663
   0.26877956  0.54450857  0.25600834  0.13675863 -0.83955257 -0.05009743]
 [ 0.41276148  0.83787877  0.04732883 -0.62896694 -0.59024546 -0.16469929
  -0.09678106  0.39122925 -0.5574309  -0.52245331 -0.94160813  0.40920298]
 [-0.66149791  0.51225324 -0.177327   -0.20959567  0.18467092 -0.27889386
  -0.03052352 -0.38122251 -0.87823724 -0.91762404 -0.41515024  0.40926177]
 [-0.2507083   0.58427431  0.20482339 -0.42143804  0.03266367 -0.26121286
  -0.35637743 -0.42676701  0.85911249  0.83076067  0.22855672  0.78997921]
 [ 0.0759272   0.79857416  0.95018028  0.12334338  0.25600834 -0.5574309
  -0.87823724  0.85911249  0.18923344 -0.30572652 -0.75182532 -0.62418484]
 [ 0.80194699  0.72206478  0.99290977 -0.8748522   0.13675863 -0.52245331
  -0.91762404  0.83076067  0.58883801 -0.45631513  0.75587851  0.83227921]
 [-0.56758422  0.17249475 -0.96489467 -0.6797465  -0.83955257 -0.94160813
  -0.41515024  0.22855672 -0.37581938  0.81294747  0.61565459 -0.20222234]
 [-0.78789166  0.91954279 -0.93330286  0.81055961 -0.05009743  0.40920298
   0.40926177  0.78997921 -0.65914615 -0.97145101 -0.31493164  0.20300652]]

[[ 0.06314402  0.33057569  0.84553784  0.27665448 -0.26136557 -0.03709557
  -0.38107046 -0.12612173  0.06742789 -0.28431422 -0.91591604 -0.9473279 ]
 [ 0.54089648  0.43547062 -0.18109475 -0.729096   -0.4518128  -0.20171521
  -0.1032015   0.27570283  0.66865436  0.53005335 -0.6549643   0.75978587]
 [ 0.31598774  0.09498576 -0.2911399  -0.53105616  0.11644281  0.26876901
   0.06353685  0.22994404 -0.83967636 -0.33056342 -0.53839743  0.40832019]
 [-0.01209834 -0.65796592 -0.56950085 -0.17928382  0.80946844  0.59703103
   0.25835415 -0.01762961 -0.65664384  0.47975157  0.86494039  0.4264561 ]
 [-0.2951723  -0.13901451 -0.3460696   0.39247082 -0.14928938 -0.20155393
   0.36970897  0.17344113 -0.34039771  0.00698967 -0.55694935  0.37413192]
 [ 0.04945471 -0.06547515 -0.02251522  0.2730278  -0.2246794  -0.02717383
   0.17828538  0.25501158  0.47443925 -0.12624776  0.22517356  0.91025231]
 [-0.04159096 -0.29357669 -0.01669626  0.18318877  0.15599617  0.08530423
   0.04014359 -0.06132766  0.77579846 -0.01608648  0.54628023  0.15413144]
 [ 0.24098926 -0.03869665  0.38094632  0.05561411 -0.04687912  0.12200004
  -0.20085369 -0.01349629 -0.02825739  0.67521917  0.13827292  0.40783536]
 [ 0.06742789  0.66865436 -0.83967636 -0.65664384 -0.34039771  0.47443925
   0.77579846 -0.02825739 -0.09370627 -0.97808635 -0.38240069 -0.99485906]
 [-0.28431422  0.53005335 -0.33056342  0.47975157  0.00698967 -0.12624776
  -0.01608648  0.67521917 -0.72083002  0.84415047  0.56991567 -0.02305794]
 [-0.91591604 -0.6549643  -0.53839743  0.86494039 -0.55694935  0.22517356
   0.54628023  0.13827292  0.67814881  0.40445677 -0.70010149  0.91867671]
 [-0.9473279   0.75978587  0.40832019  0.4264561   0.37413192  0.91025231
   0.15413144  0.40783536  0.48780023  0.49237326 -0.88955209 -0.32588083]]

[[-0.33340294  0.17580539 -0.17746956  0.54684526 -0.03446978  0.35386043
   0.58325853  0.59400134  0.28185286  0.69107668  0.76788538  0.44245086]
 [ 0.64842922 -0.02719628  0.73093715 -0.58904361 -0.08758928 -0.23260042
  -0.90412608 -0.61766853  0.50339075  0.43381559 -0.36551316 -0.62708155]
 [-0.61653939  0.19866488  0.2790468   0.61507555 -0.02987815 -0.15482958
   0.06910324 -0.15812751  0.90857196  0.68054653 -0.70103044 -0.63064211]
 [-0.36590222  0.1760809  -0.52219938 -0.04449796  0.0570579  -0.06291405
   0.35971329  0.14940247  0.87998878  0.16507942 -0.84944231  0.84304673]
 [-0.2453491  -0.04333307  0.4382458   0.42612166 -0.06145946 -0.21305455
  -0.20292909 -0.31675521 -0.90458156 -0.22868718  0.2651535   0.34326821]
 [-0.30424445  0.26583416  0.48142818  0.49113427 -0.15981286 -0.06803696
  -0.05906621 -0.04991704 -0.38902873  0.92299739 -0.95354327 -0.64255151]
 [ 0.34139941  0.0531277  -0.2209862  -0.49154697 -0.01914889  0.06313113
  -0.03013888  0.12508859 -0.15879369  0.21037889  0.21943961 -0.80490247]
 [ 0.25142054  0.24477949 -0.12131115 -0.30508508 -0.08465728  0.20113907
   0.09611919  0.33093162  0.04299375  0.67852917  0.59725942 -0.65261236]
 [ 0.28185286  0.50339075  0.90857196  0.87998878 -0.90458156 -0.38902873
  -0.15879369  0.04299375 -0.44673586 -0.23468561  0.09849533 -0.46455099]
 [ 0.69107668  0.43381559  0.68054653  0.16507942 -0.22868718  0.92299739
   0.21037889  0.67852917 -0.23163116  0.957467    0.58789874 -0.39171283]
 [ 0.76788538 -0.36551316 -0.70103044 -0.84944231  0.2651535  -0.95354327
   0.21943961  0.59725942  0.34016778  0.6972645  -0.592305   -0.06236396]
 [ 0.44245086 -0.62708155 -0.63064211  0.84304673  0.34326821 -0.64255151
  -0.80490247 -0.65261236 -0.29639104  0.04855966  0.73576534 -0.41963515]]

[[-0.15395571 -0.49053142 -0.28571257  0.3882078   0.01005575 -0.15686011
   0.23404317 -0.00714049 -0.41708631 -0.81899096  0.26707806  0.62665321]
 [-0.12999311  0.17457593 -0.5340759  -0.35560665 -0.05928167 -0.25209591
   0.1690439   0.03150841  0.76957039  0.87935391 -0.78831673  0.70392955]
 [-0.16055927 -0.1882924  -0.25879062  0.5460369  -0.6009688  -0.62670398
   0.30246214  0.17912303 -0.8673382   0.42838291  0.96573794 -0.43748081]
 [ 0.14631145  0.0120167   0.28217961 -0.19128041 -0.06482182 -0.22300211
  -0.37526433 -0.33660611  0.37582676  0.92897004  0.83250895 -0.14876118]
 [ 0.0530888   0.63003257  0.51386112  0.28150139 -0.47529448  0.09228694
   0.03163279  0.42586738  0.15162707  0.18643719 -0.38542901 -0.07147065]
 [-0.0383504   0.55593367  0.25615955  0.1514309  -0.58408908 -0.31645004
   0.00225762  0.22042802 -0.76300849 -0.47437148 -0.28235284  0.2828932 ]
 [ 0.13465272  0.2565213   0.20351942 -0.57123565  0.27578241  0.15404432
  -0.37751856 -0.3001302   0.15950837  0.80098892  0.71709948 -0.71310974]
 [-0.00098594  0.03206862 -0.13823316 -0.4748063   0.18138738 -0.16066107
  -0.22989512 -0.35714129 -0.80628297 -0.02807932  0.3638946  -0.44898288]
 [-0.41708631  0.76957039 -0.8673382   0.37582676  0.15162707 -0.76300849
   0.15950837 -0.80628297  0.96856645 -0.64500603  0.76702606 -0.81854526]
 [-0.81899096  0.87935391  0.42838291  0.92897004  0.18643719 -0.47437148
   0.80098892 -0.02807932 -0.1661768   0.46930527 -0.72752327  0.91884722]
 [ 0.26707806 -0.78831673  0.96573794  0.83250895 -0.38542901 -0.28235284
   0.71709948  0.3638946  -0.18734923 -0.87998938  0.19676717 -0.1980489 ]
 [ 0.62665321  0.70392955 -0.43748081 -0.14876118 -0.07147065  0.2828932
  -0.71310974 -0.44898288 -0.56312632  0.53948935  0.07282454  0.31130967]]

[[-0.60529953  0.3992774  -0.4720896  -0.02759276  0.30865505  0.21581161
   0.42864665  0.17181166 -0.09962147  0.86419836  0.93343829  0.69680385]
 [ 0.05896954 -0.39708363 -0.14329973  0.0266476  -0.1938823  -0.54207109
  -0.13677793 -0.31559951 -0.36363727 -0.07963756 -0.3067658  -0.62306488]
 [-0.53399552 -0.3571674  -0.60868365 -0.25666822  0.88324165  0.20907169
   0.12927572 -0.4636141   0.30947797  0.42691446  0.8401315  -0.11412021]
 [-0.40628018  0.05945294 -0.26941602  0.01598228  0.47139882  0.35053845
   0.2493851   0.01691356 -0.02709985  0.1946995   0.66258115 -0.68814434]
 [ 0.78121374 -0.13102958  0.68684561 -0.01144633 -0.51376178 -0.13798303
  -0.47149788  0.02932108 -0.91522557 -0.22197909  0.32599838  0.81319022]
 [ 0.18650953  0.18130577  0.20646615  0.10653761 -0.42885826 -0.17772691
  -0.0356405   0.18937522  0.88340357  0.7192927   0.14967574 -0.42984568]
 [ 0.09903174  0.32331884  0.21187382  0.25018388 -0.51938352 -0.13302321
   0.09755752  0.36178493  0.99503169 -0.67250743 -0.5106527  -0.20861287]
 [-0.40755284  0.4827874  -0.24577708  0.2579951  -0.30146388 -0.13710393
   0.41634435  0.37844816 -0.59723187 -0.86647647 -0.59757278  0.6020722 ]
 [-0.09962147 -0.36363727  0.30947797 -0.02709985 -0.91522557  0.88340357
   0.99503169 -0.59723187  0.35728497  0.35607449 -0.54932172 -0.43169926]
 [ 0.86419836 -0.07963756  0.42691446  0.1946995  -0.22197909  0.7192927
  -0.67250743 -0.86647647 -0.05478485 -0.69644798  0.09273489  0.72114227]
 [ 0.93343829 -0.3067658   0.8401315   0.66258115  0.32599838  0.14967574
  -0.5106527  -0.59757278 -0.06358334  0.09652707 -0.88090481  0.38724493]
 [ 0.69680385 -0.62306488 -0.11412021 -0.68814434  0.81319022 -0.42984568
  -0.20861287  0.6020722  -0.15450806  0.9556328  -0.18457338 -0.62936357]]
