A: 
[[ 0.34625848  0.00419118 -0.59755264  0.1185465  -0.03793266 -0.66092616
  -0.09051134  0.14732383 -0.43229707  0.92203298  0.52839653  0.32683602]
 [-0.8720531  -0.17995348 -0.2251122  -0.45490952  0.77798805 -0.86845076
  -0.35587354 -0.3861555   0.35064752  0.6924368  -0.30122837 -0.43919355]
 [ 0.29881811 -0.03962602 -0.95732053  0.06239251  0.14147766 -0.81065212
   0.94305239  0.47093161 -0.08974403  0.54404659  0.41365877 -0.73994239]
 [-0.69119635 -0.16790481 -0.43652924 -0.38389055  0.71845394  0.57303015
   0.72947618  0.40692589  0.25445155 -0.55929199 -0.67362636 -0.89046227]
 [-0.4601383  -0.0164298   0.6831653  -0.16755854  0.09416074  0.94953846
   0.72153623 -0.24950682 -0.10065469 -0.30017704  0.31446664  0.08276578]
 [ 0.41377243  0.11698914  0.4295879   0.24501609 -0.4964663   0.06995231
   0.1137399   0.17155302 -0.70166485 -0.27381256 -0.73795424  0.84322955]
 [-0.43735804  0.00869103  0.89759383 -0.13682804 -0.00842843 -0.50517363
   0.07371632 -0.12305623  0.85872075 -0.12393089  0.39408837 -0.58633506]
 [-0.39161944  0.03874816  1.11997808 -0.09393785 -0.13229998 -0.00146592
  -0.39941509  0.15410194 -0.16786212 -0.72647355 -0.2090995  -0.36233812]
 [ 0.17641584 -0.0569724  -0.90811191  0.00584358  0.21880141 -0.10437224
  -0.97807414  0.62214466 -0.4128856   0.24485134 -0.15296992 -0.11378049]] 
x segnato:[[ 0.31703433]
 [-0.28960206]
 [ 0.96921269]
 [ 0.68597817]
 [ 0.15569977]
 [ 0.        ]
 [ 0.        ]
 [ 0.        ]
 [ 0.        ]
 [ 0.        ]
 [ 0.        ]
 [ 0.        ]]
Matrici Hi 

[[-0.36440136 -0.0349551   0.31691549 -0.15294955  0.16297425 -0.31793484
   0.43695579  0.94183359  0.08078631  0.94559938 -0.70932342  0.87261363]
 [-0.06070377 -0.00429981  0.06834953 -0.02407323  0.02101259 -0.57384649
  -0.72758677  0.66046687  0.69448784 -0.69184152  0.91337416 -0.3036431 ]
 [ 0.05394605  0.02073095  0.1119581   0.03700062 -0.08679803  0.83355248
  -0.40098768 -0.05082243  0.59382979 -0.66552685 -0.07005523 -0.78477405]
 [-0.17671488 -0.01554547  0.16804475 -0.07287466  0.07336987  0.1580177
  -0.52708827 -0.21811115 -0.57574127 -0.11033375  0.33245073 -0.14842096]
 [ 0.26670804  0.01944743 -0.29462408  0.10628111 -0.09456005  0.31631309
   0.47094764  0.99251013  0.27108166 -0.43552863  0.05467058 -0.24960703]
 [-0.31793484 -0.57384649  0.83355248  0.1580177   0.31631309 -0.53986536
  -0.88092389 -0.69006566 -0.18087834  0.52644927  0.27674408  0.01469702]
 [ 0.43695579 -0.72758677 -0.40098768 -0.52708827  0.47094764 -0.48769998
   0.94938312  0.32290646  0.31727803  0.38362694  0.72485294  0.04846906]
 [ 0.94183359  0.66046687 -0.05082243 -0.21811115  0.99251013  0.14905643
   0.07386276 -0.84687367 -0.60095176  0.06293295  0.94165029  0.68587367]
 [ 0.08078631  0.69448784  0.59382979 -0.57574127  0.27108166 -0.01509617
   0.91047613  0.61530981  0.89616383 -0.03817775 -0.45758138 -0.11281897]
 [ 0.94559938 -0.69184152 -0.66552685 -0.11033375 -0.43552863 -0.09992132
  -0.20351199  0.36768039 -0.06485596  0.49381321  0.51346529 -0.84811177]
 [-0.70932342  0.91337416 -0.07005523  0.33245073  0.05467058 -0.17683453
   0.04735054  0.7123313  -0.43354083  0.01805911 -0.92345983  0.96548119]
 [ 0.87261363 -0.3036431  -0.78477405 -0.14842096 -0.24960703  0.76385765
  -0.03081395  0.01288244 -0.38854297 -0.3839352  -0.48375434 -0.11776879]]

[[-0.10225433 -0.05887149 -0.41214547 -0.08820265  0.24339148 -0.05026258
   0.83587836  0.99144986 -0.97343146 -0.58381669 -0.62202227  0.08734283]
 [ 0.02473161 -0.00139482 -0.05998288  0.00690354  0.00411599  0.26479354
   0.68126177 -0.2541135  -0.29013769 -0.71656158  0.49003501 -0.3391651 ]
 [ 0.44168744  0.09462942  0.14960453  0.2336239  -0.40808239 -0.38442094
   0.15205534 -0.42518851 -0.94791514 -0.53269042 -0.55113665 -0.50725696]
 [-0.01103924 -0.02078517 -0.191862   -0.02284026  0.08440834  0.24591641
  -0.86814094  0.74871106 -0.87518624  0.70467056 -0.99764476 -0.33167023]
 [-0.09342074  0.00919787  0.26670595 -0.02245084 -0.03137686 -0.52750347
   0.75594193 -0.16559744 -0.64034931 -0.73981162  0.19765295  0.53379157]
 [-0.05026258  0.26479354 -0.38442094  0.24591641 -0.52750347 -0.5263905
   0.15023921 -0.73346511 -0.76229854 -0.53626515 -0.21706882 -0.15687917]
 [ 0.83587836  0.68126177  0.15205534 -0.86814094  0.75594193 -0.52017895
  -0.00669658 -0.46354808 -0.79683137 -0.51652407  0.5769461   0.92526094]
 [ 0.99144986 -0.2541135  -0.42518851  0.74871106 -0.16559744  0.9262291
  -0.95287713  0.09818322  0.80102412  0.16568896 -0.6655424  -0.47789629]
 [-0.97343146 -0.29013769 -0.94791514 -0.87518624 -0.64034931  0.46930122
  -0.28144279  0.65078701  0.01511307  0.37512034  0.31149146  0.15585901]
 [-0.58381669 -0.71656158 -0.53269042  0.70467056 -0.73981162  0.19170465
  -0.49764427 -0.55961423  0.69031885  0.96619357 -0.28149659  0.27307909]
 [-0.62202227  0.49003501 -0.55113665 -0.99764476  0.19765295  0.44352889
  -0.91751393  0.84026321  0.99750667 -0.87856478 -0.1411115  -0.61399589]
 [ 0.08734283 -0.3391651  -0.50725696 -0.33167023  0.53379157 -0.62720717
  -0.27891776 -0.81592035 -0.47271894  0.37630796 -0.68738994  0.971428  ]]

[[ 0.1505343  -0.03518555 -0.63774001  0.01738049  0.13260187  0.01896812
  -0.2610443  -0.56585204 -0.80096957 -0.95504331  0.53513804  0.71189061]
 [ 0.00071628 -0.00268741 -0.02877095 -0.00224318  0.01078323 -0.58366652
  -0.40873083 -0.33338875 -0.03240613 -0.92758737 -0.30205361  0.40233677]
 [-0.27107698  0.03762449  0.88557568 -0.05505222 -0.13510035 -0.33464197
  -0.58681187 -0.34376424  0.45888491  0.93602603 -0.09604349  0.25669709]
 [ 0.05051691 -0.01413359 -0.23776941  0.00368589  0.05386935  0.16117346
   0.97871653  0.60147049 -0.46234607 -0.21041168  0.33675069 -0.53363813]
 [-0.01203602  0.01296555  0.15467524  0.00798062 -0.05150276  0.23368833
   0.05247621  0.23555807 -0.57232891 -0.41991414 -0.36569596  0.63312579]
 [ 0.01896812 -0.58366652 -0.33464197  0.16117346  0.23368833  0.74175357
  -0.2850311  -0.902782   -0.00611143  0.35963574 -0.2456075   0.69469225]
 [-0.2610443  -0.40873083 -0.58681187  0.97871653  0.05247621  0.75916872
  -0.59663398  0.68694207 -0.21388652  0.25138231 -0.25618549 -0.35994534]
 [-0.56585204 -0.33338875 -0.34376424  0.60147049  0.23555807 -0.57507837
   0.33748043  0.25859964  0.21993463 -0.67725965  0.05283842  0.06218059]
 [-0.80096957 -0.03240613  0.45888491 -0.46234607 -0.57232891 -0.84533317
  -0.66302102  0.58223631 -0.40034753 -0.26442526 -0.32875111 -0.70310728]
 [-0.95504331 -0.92758737  0.93602603 -0.21041168 -0.41991414  0.57237587
  -0.57709721 -0.70021556  0.37020297  0.55816842  0.67261877 -0.71612565]
 [ 0.53513804 -0.30205361 -0.09604349  0.33675069 -0.36569596 -0.0687663
  -0.10513799  0.22113659  0.5744666  -0.30240715  0.69583112  0.2168276 ]
 [ 0.71189061  0.40233677  0.25669709 -0.53363813  0.63312579 -0.30084939
   0.01273637  0.46567996 -0.69917054  0.60936907 -0.17193038  0.13757403]]

[[-0.01882374 -0.00750344 -0.0418203  -0.01315975  0.03137338  0.71944193
   0.40143765  0.04097859  0.38364748  0.2227779   0.30024119  0.49953263]
 [ 0.05212224  0.00057243 -0.0905466   0.01779083 -0.00547446 -0.83766533
  -0.97195704  0.20944492  0.43788233 -0.54692529  0.76704712  0.59330073]
 [ 0.56713286  0.0197228  -0.84740568  0.20603367 -0.11393102 -0.0527841
   0.42381734  0.41491195 -0.9544975   0.93778425  0.16526289  0.21339678]
 [ 0.04187314 -0.00195674 -0.09742264  0.01206204  0.00533784 -0.15032692
  -0.73388224 -0.62504773 -0.34515786  0.48888102  0.01171353 -0.95594029]
 [-0.20884091 -0.00185006  0.36732766 -0.07087407  0.02014793  0.11811834
   0.10316991  0.08796491 -0.38893671  0.56600503  0.50990489 -0.6379287 ]
 [ 0.71944193 -0.83766533 -0.0527841  -0.15032692  0.11811834  0.28597671
   0.50309062  0.10114362 -0.89777476 -0.39697734 -0.59690609  0.25405254]
 [ 0.40143765 -0.97195704  0.42381734 -0.73388224  0.10316991  0.38550808
  -0.68154796 -0.80214372  0.71323805 -0.59362731  0.17470161  0.19392992]
 [ 0.04097859  0.20944492  0.41491195 -0.62504773  0.08796491  0.3875332
   0.408932    0.07868495  0.9483838   0.2663951   0.37912458 -0.05501975]
 [ 0.38364748  0.43788233 -0.9544975  -0.34515786 -0.38893671  0.24249964
   0.47852476 -0.94349651 -0.34464379  0.71987371  0.2131001   0.21743901]
 [ 0.2227779  -0.54692529  0.93778425  0.48888102  0.56600503 -0.38467522
   0.17281793 -0.14237207  0.15950711 -0.85054705 -0.50882972  0.4000223 ]
 [ 0.30024119  0.76704712  0.16526289  0.01171353  0.50990489  0.85743405
   0.71076238 -0.24354215  0.64594842 -0.51615985 -0.45113035 -0.1506156 ]
 [ 0.49953263  0.59330073  0.21339678 -0.95594029 -0.6379287   0.301664
  -0.38934471  0.98066223 -0.55407961  0.4260231   0.44268538 -0.50430835]]

[[ 0.31429282  0.08965622  0.33441223  0.18684165 -0.38030305  0.96979554
  -0.69926262  0.97392242  0.21027221  0.27771433  0.19444497  0.1298765 ]
 [ 0.04706373  0.00501401 -0.0358301   0.02021494 -0.02306077  0.35116256
   0.43322728 -0.9855518  -0.88028488  0.34553196 -0.42691296  0.90878958]
 [-0.10058208 -0.11459899 -0.98437938 -0.13908379  0.46779952  0.15188247
  -0.2929525  -0.95751931  0.17712441  0.89562096 -0.19244533 -0.69116874]
 [ 0.14752993  0.03432125  0.07768455  0.08053837 -0.14723792  0.73763567
   0.88317899 -0.06671332  0.16767292  0.04923867 -0.11981137  0.0353294 ]
 [-0.20871046 -0.02564979  0.12402138 -0.09279737  0.11602208  0.100518
   0.40614568 -0.64231153  0.42747362 -0.44445346 -0.26714946  0.45128816]
 [ 0.96979554  0.35116256  0.15188247  0.73763567  0.100518   -0.13381974
   0.51775161 -0.74289751 -0.45161269  0.23122125 -0.83321464  0.95104753]
 [-0.69926262  0.43322728 -0.2929525   0.88317899  0.40614568  0.34577776
   0.93523618  0.01609075 -0.85083308  0.09290317 -0.34861565 -0.91365361]
 [ 0.97392242 -0.9855518  -0.95751931 -0.06671332 -0.64231153 -0.98253909
  -0.88021708  0.09694643  0.03652396 -0.04396126 -0.65818469  0.75104972]
 [ 0.21027221 -0.88028488  0.17712441  0.16767292  0.42747362  0.32398351
  -0.38781613 -0.02152985 -0.88141783  0.51030149 -0.04078782 -0.81254814]
 [ 0.27771433  0.34553196  0.89562096  0.04923867 -0.44445346  0.83623556
   0.75028709  0.07525213  0.82650022 -0.79170189 -0.26395713 -0.91679664]
 [ 0.19444497 -0.42691296 -0.19244533 -0.11981137 -0.26714946  0.66340031
   0.4825645   0.1119712   0.66970838  0.16211227 -0.27059223  0.29410365]
 [ 0.1298765   0.90878958 -0.69116874  0.0353294   0.45128816 -0.91390548
  -0.17455648 -0.4787442   0.43797884  0.33250299  0.27150708  0.09231016]]

[[ 0.05426034 -0.03432778 -0.45093432 -0.01371301  0.13499824 -0.37370632
  -0.73496228 -0.10501735 -0.4811046   0.47533269 -0.03759067 -0.63664726]
 [-0.0387835  -0.01274366 -0.05842552 -0.02460686  0.05369795  0.34101271
  -0.72670791  0.73799299  0.70880963 -0.65944086 -0.5624344   0.50078507]
 [-0.49644029 -0.06666575  0.23724434 -0.22594791  0.29875321  0.00958415
   0.19986527  0.78107419 -0.83277918  0.0146607   0.73078626 -0.69023267]
 [-0.01782552 -0.02313116 -0.20327117 -0.02725311  0.09427215  0.2485233
   0.87248589 -0.21511657  0.32676884  0.93117054 -0.84956911  0.27924875]
 [ 0.15294902  0.05342711  0.26278962  0.09996733 -0.22453922 -0.2661449
   0.29470977 -0.52506693  0.09131319 -0.48389126 -0.85870925  0.26745431]
 [-0.37370632  0.34101271  0.00958415  0.2485233  -0.2661449   0.19243723
   0.72728673 -0.73157202  0.49808502  0.65570869  0.2536034  -0.4372894 ]
 [-0.73496228 -0.72670791  0.19986527  0.87248589  0.29470977  0.58726658
  -0.09867881  0.51932147 -0.8117682   0.04606925 -0.70898965 -0.66001698]
 [-0.10501735  0.73799299  0.78107419 -0.21511657 -0.52506693 -0.86803055
   0.06109484 -0.68936793  0.57467881  0.52206035  0.27443972  0.07482516]
 [-0.4811046   0.70880963 -0.83277918  0.32676884  0.09131319  0.94239594
   0.19409271  0.32696779 -0.57869305 -0.11754203 -0.21932707 -0.38451384]
 [ 0.47533269 -0.65944086  0.0146607   0.93117054 -0.48389126  0.47103857
  -0.72902347 -0.14429808  0.45856168  0.93663559  0.47776537  0.01706594]
 [-0.03759067 -0.5624344   0.73078626 -0.84956911 -0.85870925 -0.92674074
   0.97128686 -0.108005    0.42532241 -0.43534894  0.10446092 -0.77583235]
 [-0.63664726  0.50078507 -0.69023267  0.27924875  0.26745431 -0.5124112
  -0.74181583 -0.87944486  0.61419199  0.07142259 -0.96684283 -0.33700608]]

[[ 0.3503795   0.09441008  0.31622578  0.20318096 -0.4016485   0.58339515
   0.22755937 -0.07797792 -0.27126969 -0.95542714  0.39033771 -0.72864526]
 [-0.02067994  0.0056853   0.09630826 -0.00160166 -0.02164735  0.33114104
  -0.60222667  0.15460437  0.29735855 -0.652792   -0.25227265  0.41004123]
 [-0.85918103 -0.11653472  0.39877436 -0.39211258  0.52171011  0.35847776
   0.4295158  -0.39428407 -0.94905466  0.01700967  0.42317392  0.94747089]
 [ 0.09695598  0.03651527  0.19362149  0.06581369 -0.15300282  0.32945824
  -0.57954606 -0.67960693  0.63101569  0.98568605 -0.09587151 -0.70904107]
 [ 0.06201526 -0.02864319 -0.40721967 -0.00589792  0.11162534 -0.15651855
   0.31454263 -0.10225764 -0.60322877  0.22449257  0.12559231  0.08314377]
 [ 0.58339515  0.33114104  0.35847776  0.32945824 -0.15651855  0.28606019
  -0.41217301 -0.14930846  0.81877126  0.32575933 -0.12309171  0.79649169]
 [ 0.22755937 -0.60222667  0.4295158  -0.57954606  0.31454263  0.19479164
  -0.59863875  0.1794128  -0.70948744  0.84861595 -0.75931037 -0.97848838]
 [-0.07797792  0.15460437 -0.39428407 -0.67960693 -0.10225764 -0.73952107
  -0.42887121 -0.98603972  0.90355107  0.67513027 -0.11780669 -0.06983809]
 [-0.27126969  0.29735855 -0.94905466  0.63101569 -0.60322877  0.86280439
  -0.38936843  0.02611944  0.20678057 -0.88166693 -0.77421546  0.82028125]
 [-0.95542714 -0.652792    0.01700967  0.98568605  0.22449257  0.16341713
   0.37589178 -0.06284026  0.31615629  0.66100382  0.33439565  0.57262561]
 [ 0.39033771 -0.25227265  0.42317392 -0.09587151  0.12559231 -0.24381612
   0.85414329  0.34522051  0.12121321 -0.87493961 -0.89766966  0.29542147]
 [-0.72864526  0.41004123  0.94747089 -0.70904107  0.08314377 -0.18145961
  -0.45199067 -0.59240585 -0.62087345 -0.26782989  0.72140956 -0.32459818]]

[[ 0.4997815   0.05245396 -0.38856753  0.21393739 -0.2417012   0.14954459
   0.41817234 -0.72995303 -0.1671714   0.87131308 -0.48716679  0.22792893]
 [ 0.1082713   0.01625709 -0.03420008  0.05086349 -0.07207641  0.30181775
   0.82407656 -0.90435924 -0.49779966 -0.27933072  0.1370218  -0.43049883]
 [ 0.18149132  0.06902633  0.36931844  0.12381798 -0.28911885  0.50200602
   0.31207312  0.15142897  0.32848445 -0.51951764  0.21594265 -0.85926496]
 [ 0.2654553   0.03237721 -0.16025634  0.11780005 -0.14657417  0.78495398
  -0.35657699 -0.56985367 -0.98071886 -0.09254541 -0.63797175  0.33158443]
 [-0.46657282 -0.0686835   0.16140145 -0.21791836  0.30506661 -0.58929298
   0.81426281  0.87904739 -0.78013641 -0.65948944 -0.7535858  -0.11216957]
 [ 0.14954459  0.30181775  0.50200602  0.78495398 -0.58929298 -0.89533863
  -0.92392215 -0.98048155 -0.27245927 -0.01196303  0.56977859 -0.48612786]
 [ 0.41817234  0.82407656  0.31207312 -0.35657699  0.81426281  0.47349784
  -0.94542209  0.44590336  0.0132018  -0.69716336 -0.46561856 -0.52274391]
 [-0.72995303 -0.90435924  0.15142897 -0.56985367  0.87904739 -0.62490694
  -0.14550058  0.76823921  0.1954071  -0.92377646 -0.9733318  -0.50803954]
 [-0.1671714  -0.49779966  0.32848445 -0.98071886 -0.78013641 -0.85511989
  -0.24841157 -0.6814766  -0.16721432 -0.48683313  0.83045759  0.51086401]
 [ 0.87131308 -0.27933072 -0.51951764 -0.09254541 -0.65948944 -0.05278061
  -0.6081158  -0.54564849 -0.16683955 -0.98528457  0.98108659 -0.16073243]
 [-0.48716679  0.1370218   0.21594265 -0.63797175 -0.7535858   0.3792531
   0.40415453  0.52364576  0.25785472 -0.45958647 -0.78808674  0.29966331]
 [ 0.22792893 -0.43049883 -0.85926496  0.33158443 -0.11216957  0.94552606
  -0.48734491  0.07362851 -0.13168182 -0.70925432  0.23597531  0.93892056]]

[[ 0.21317274  0.00204754 -0.373322    0.072491   -0.0212068  -0.17651081
   0.04169856 -0.99517016  0.57181642  0.79455689 -0.87471241 -0.62404107]
 [-0.03190852 -0.01226837 -0.0662857  -0.02189123  0.05136524  0.43076691
  -0.31665289  0.6365195   0.71392906 -0.68468177  0.18214593  0.9925906 ]
 [-0.72011295 -0.1290827   0.01343557 -0.35763575  0.56380886 -0.5745413
  -0.41491382 -0.1873033   0.00197555  0.36853588 -0.74499354 -0.52950543]
 [ 0.04115047 -0.01064525 -0.1848213   0.00380344  0.0403852   0.62989238
  -0.6351913  -0.1688178   0.90868509 -0.5806893   0.1157514   0.6048855 ]
 [ 0.11559213  0.04930119  0.28973827  0.0837869  -0.20564634 -0.26952542
  -0.1625633  -0.65826726 -0.86332751  0.78461536  0.65681183  0.01895441]
 [-0.17651081  0.43076691 -0.5745413   0.62989238 -0.26952542 -0.09398483
   0.6387438   0.3562766   0.14896368  0.67671453 -0.37848263  0.83270269]
 [ 0.04169856 -0.31665289 -0.41491382 -0.6351913  -0.1625633  -0.94209899
  -0.77195888 -0.43459497 -0.9292316   0.11983362 -0.78465009  0.15600065]
 [-0.99517016  0.6365195  -0.1873033  -0.1688178  -0.65826726  0.84481636
  -0.55947317 -0.18051639  0.36836972 -0.24630941 -0.22870415 -0.5965737 ]
 [ 0.57181642  0.71392906  0.00197555  0.90868509 -0.86332751  0.72328017
  -0.66670154 -0.44075873  0.44445734  0.23046212  0.86535325 -0.04321127]
 [ 0.79455689 -0.68468177  0.36853588 -0.5806893   0.78461536 -0.46407261
  -0.81942899  0.06108724  0.06855038 -0.20502042 -0.71522947  0.33273672]
 [-0.87471241  0.18214593 -0.74499354  0.1157514   0.65681183  0.78739141
  -0.61057249 -0.77663701 -0.32725585 -0.76291891  0.13518281 -0.38426039]
 [-0.62404107  0.9925906  -0.52950543  0.6048855   0.01895441 -0.66536587
  -0.21018201 -0.91869019  0.20794638 -0.51571662 -0.12758854  0.26833541]]
