A: 
[[-0.29612644  0.08981972  0.54101817 -0.05451342  0.35059087  0.88841898
   0.10221331  0.45716471 -0.72111715  0.9438047   0.72417838 -0.58981279]
 [ 0.0374327  -0.10731768  0.11600371  0.00579397 -0.1263289  -0.43049741
  -0.09255653 -0.33655548 -0.77177679  0.4823938  -0.33011054  0.55650718]
 [ 0.17486846 -0.11439262 -0.32160438  0.23258081 -0.20018559 -0.56289114
   0.08005876 -0.31252457  0.08957459  0.2449697  -0.55670746 -0.97892649]
 [ 0.17558021  0.28070976  0.35773787  0.1375545  -0.5457082   0.52700197
   0.37342027 -0.18502345  0.48207436 -0.23763178 -0.69361582  0.67181413]
 [ 0.14777543  0.34790742  0.37768614 -0.11873091 -0.57220501  0.34106389
   0.20677012 -0.28951759 -0.94259903 -0.15818129 -0.23821043 -0.45491361]
 [ 0.26073841 -0.28143854  0.58843644  0.51041863 -0.29477662  0.78854153
   0.09580184  0.11074863 -0.17323056 -0.9507815   0.79235861 -0.10574455]
 [ 0.35463699 -0.56962156 -0.45669512 -0.40214113  0.06440682 -0.71165002
  -1.13242521  0.07206275 -0.6122478   0.73353153 -0.74887458 -0.23589858]
 [-0.88478407  0.58626946  0.17911101 -0.32433714  0.83993472  0.27638591
   0.59729058  0.31082993  0.05646071 -0.05806946 -0.21424955  0.4178235 ]
 [ 0.44222372 -0.35227484 -0.56045206  1.08583046 -0.25602146  0.14019218
   0.54954742  0.10622576 -0.52110298 -0.34395982 -0.95743187  0.10109151]
 [-0.524962    0.00134663  0.65302705 -0.62735941  0.57220535 -0.0564584
  -0.4425719   0.06736225  0.01618358 -0.69196757 -0.35869587 -0.76519401]] 
x segnato:[[-0.48472361]
 [-0.20987976]
 [ 0.49913619]
 [ 0.02496881]
 [-0.17317542]
 [-0.20606924]
 [ 0.91499935]
 [ 0.55116409]
 [ 0.        ]
 [ 0.        ]
 [ 0.        ]
 [ 0.        ]]
Matrici Hi 

[[-0.3572272  -0.33512001  0.23019287  0.27913662  0.64025179 -0.04841468
   0.04450658  0.20289551 -0.77535475  0.62543948 -0.22374976 -0.75664368]
 [ 0.37225772 -0.37931833  0.5696921   0.41640894 -0.57714434 -0.10453561
  -0.08753029 -0.50737438  0.12013283  0.36735833 -0.03452976 -0.17921577]
 [ 0.11736405 -0.03309977 -0.15315634  0.05722193  0.02852127  0.44225053
  -0.05173066  0.35587632  0.00816668 -0.31249462 -0.01441536  0.23928735]
 [ 0.16135917 -0.19868602 -0.7590666   0.37451902  0.18792217 -0.06866649
   0.08772927  0.34967268  0.32309898  0.74658951 -0.54388135  0.20900108]
 [ 0.04176604  0.72492756 -0.54852945 -0.62496159 -0.35767644 -0.14907948
   0.13797525 -0.13774406 -0.57108929  0.82420032  0.09659319  0.20288169]
 [-0.3103701  -0.54017987  0.25655245  0.90282204  0.51000032 -0.48172377
   0.47257472 -0.20088987 -0.91671149 -0.95012593 -0.64353949 -0.66416409]
 [ 0.72200908 -0.48023858 -0.24671896  0.69743372 -0.69148284 -0.1222118
  -0.05502631 -0.24402489 -0.72033558 -0.20048033  0.93079408  0.40405243]
 [-0.40086288  0.16379525 -0.04456346  0.04417096  0.32796211 -0.50221968
   0.39120362 -0.22893223  0.35792446 -0.70382259 -0.74028329 -0.10275695]
 [-0.77535475  0.12013283  0.00816668  0.32309898 -0.57108929 -0.91671149
  -0.72033558  0.35792446  0.78682618 -0.19216713 -0.78949407 -0.82336761]
 [ 0.62543948  0.36735833 -0.31249462  0.74658951  0.82420032 -0.95012593
  -0.20048033 -0.70382259 -0.92747584  0.41153807 -0.72638666 -0.81427827]
 [-0.22374976 -0.03452976 -0.01441536 -0.54388135  0.09659319 -0.64353949
   0.93079408 -0.74028329 -0.905784   -0.74655565  0.87564254 -0.23300046]
 [-0.75664368 -0.17921577  0.23928735  0.20900108  0.20288169 -0.66416409
   0.40405243 -0.10275695 -0.06562028 -0.06149958  0.87711835 -0.34262072]]

[[-0.09056592  0.18421364  0.40566079 -0.3078859  -0.24295409 -0.36128779
  -0.04310731 -0.50289987 -0.81571033 -0.58943225 -0.64882206  0.51046636]
 [-0.41139897 -0.14921777  0.35527827  0.61622061  0.5312836   0.29596136
   0.59710519  0.17715959 -0.62027357  0.57754956 -0.96684769  0.33186799]
 [-0.28030467  0.46521077 -0.47407312 -0.82204317  0.45161279  0.30144833
  -0.27410329  0.59666812  0.83318917 -0.68412309  0.01676901  0.83667685]
 [ 0.46945919 -0.03396259 -0.10879506  0.01463562 -0.59803264  0.04482239
  -0.18443566 -0.16928398  0.9703114  -0.4066226  -0.80048749 -0.97314079]
 [ 0.42403972 -0.15703071 -0.64178656  0.20559752 -0.19055207  0.17207399
  -0.13799493  0.31365731  0.68606875  0.17013944  0.63727427 -0.92088187]
 [-0.3847626   0.72714678  0.08063152 -0.32383842  0.0047382   0.15952667
   0.59350718 -0.12628282  0.18121349 -0.09527331  0.94943234 -0.34540591]
 [ 0.0710673  -0.29246132  0.12587231  0.79173578  0.07142852  0.49434922
   0.43778457  0.21895604 -0.93965256 -0.87207267 -0.44847635  0.02486814]
 [ 0.10262771  0.25596921 -0.12450124  0.00439106 -0.33197092 -0.07381383
   0.25516506 -0.22886774  0.84855186 -0.89613778 -0.21303453 -0.90767507]
 [-0.81571033 -0.62027357  0.83318917  0.9703114   0.68606875  0.18121349
  -0.93965256  0.84855186  0.12824691  0.71681648  0.16024007  0.81337148]
 [-0.58943225  0.57754956 -0.68412309 -0.4066226   0.17013944 -0.09527331
  -0.87207267 -0.89613778 -0.34227743  0.13273884  0.2746928   0.95719307]
 [-0.64882206 -0.96684769  0.01676901 -0.80048749  0.63727427  0.94943234
  -0.44847635 -0.21303453  0.42734494 -0.80462232  0.81858703 -0.16270007]
 [ 0.51046636  0.33186799  0.83667685 -0.97314079 -0.92088187 -0.34540591
   0.02486814 -0.90767507 -0.87778699 -0.46681644 -0.88537695 -0.08774647]]

[[ 0.31030159 -0.03887683  0.48588005  0.25838023 -0.60516348  0.30773853
   0.1177974  -0.312968   -0.04379147 -0.89377158  0.1259051  -0.3740118 ]
 [ 0.22351911 -0.09798822 -0.38369686 -0.24870029  0.00542757  0.11915555
  -0.46039914  0.33279496 -0.64458519 -0.65949796 -0.32571174 -0.40118391]
 [ 0.11573208 -0.19561894  0.05818398 -0.52618574 -0.04447349 -0.4400124
  -0.7649629  -0.13205209 -0.8994602   0.1227181   0.77645625  0.67959167]
 [-0.14989167  0.03653992 -0.11544938  0.14878635  0.22113287  0.03617683
   0.23628311  0.11913247 -0.25642942 -0.47755861 -0.74076375  0.8890935 ]
 [-0.63098309  0.10661158 -0.35349134  0.00458999  0.86254525 -0.48368838
   0.35016558  0.17084448 -0.78881921  0.79944098 -0.60732115 -0.8970771 ]
 [ 0.14256725 -0.44703561  0.12724379 -0.1527872   0.02074036 -0.48271546
  -0.66356134 -0.15198048  0.17973305 -0.08561937  0.19863096  0.47236945]
 [-0.01346044 -0.03589767 -0.71119598 -0.21765744  0.4298773   0.08385244
  -0.29123342  0.60037453 -0.39244711  0.61812722 -0.63454834  0.95401114]
 [-0.27518743 -0.12557855  0.07232066  0.18827255  0.34593307 -0.37326355
   0.17243602 -0.11586555  0.90375555 -0.25508062  0.58862087 -0.52498836]
 [-0.04379147 -0.64458519 -0.8994602  -0.25642942 -0.78881921  0.17973305
  -0.39244711  0.90375555 -0.19646801  0.37629665  0.25952255 -0.89170337]
 [-0.89377158 -0.65949796  0.1227181  -0.47755861  0.79944098 -0.08561937
   0.61812722 -0.25508062  0.58114956  0.13279652  0.54987793 -0.63515977]
 [ 0.1259051  -0.32571174  0.77645625 -0.74076375 -0.60732115  0.19863096
  -0.63454834  0.58862087  0.79971864 -0.68824323  0.51556212  0.80571668]
 [-0.3740118  -0.40118391  0.67959167  0.8890935  -0.8970771   0.47236945
   0.95401114 -0.52498836 -0.13990768 -0.08623456  0.79374666  0.6003554 ]]

[[ 0.42753379 -0.30231163 -0.50792769 -0.12481559 -0.19368182 -0.30581255
  -0.60342252  0.08072639 -0.54946865  0.7260125  -0.35815623 -0.51842951]
 [ 0.29363924  0.15003039 -0.66051649  0.18547316 -0.37317883 -0.30756561
   0.25645212 -0.16646342 -0.48658007 -0.90769596 -0.78342924 -0.52718251]
 [-0.76555484  0.49760341  1.07208492 -0.5883967   0.40358342  0.32832122
   0.21771051 -0.13099275 -0.95338732  0.3207524  -0.15056004 -0.96301345]
 [ 0.15942908 -0.10468572  0.08365402  0.23950652 -0.22834708 -0.015421
   0.08164137 -0.15719296  0.78274104  0.87380928 -0.20865645  0.97351966]
 [-0.57299195  0.18647545  0.62583103  0.14483563  0.51758899  0.57683405
   0.52968394  0.21510215 -0.39269431  0.6685693   0.65932766  0.29562081]
 [-0.04944832  0.30152533 -0.71424483 -0.38458408  0.21764353  0.0496514
  -0.0742382   0.40369404 -0.73150418 -0.79342047 -0.43399914  0.82128788]
 [ 0.32388579  0.15697545 -0.39250474  0.49711358 -0.58479337 -0.24763567
   0.58062058 -0.40481645  0.35931034 -0.78702463 -0.60241404 -0.28361919]
 [-0.0902383   0.0250342  -0.41977184 -0.05158549  0.37203664  0.25166071
  -0.02785158  0.49788567 -0.70603197 -0.53773301 -0.42845182 -0.21056413]
 [-0.54946865 -0.48658007 -0.95338732  0.78274104 -0.39269431 -0.73150418
   0.35931034 -0.70603197  0.41640503  0.48277085  0.7148815  -0.28711308]
 [ 0.7260125  -0.90769596  0.3207524   0.87380928  0.6685693  -0.79342047
  -0.78702463 -0.53773301 -0.08814533  0.80248205  0.16279314  0.59419991]
 [-0.35815623 -0.78342924 -0.15056004 -0.20865645  0.65932766 -0.43399914
  -0.60241404 -0.42845182 -0.10845032 -0.43914738 -0.99526175  0.00802052]
 [-0.51842951 -0.52718251 -0.96301345  0.97351966  0.29562081  0.82128788
  -0.28361919 -0.21056413 -0.71397827 -0.33714715 -0.07196853  0.4301137 ]]

[[ 0.22223063  0.27267762 -0.17711368 -0.30645744 -0.37288527  0.189033
  -0.10481912  0.00537595  0.67958403 -0.12057153 -0.37430292 -0.1080597 ]
 [ 0.24372604 -0.07780981  0.2079006   0.41046984 -0.38794969  0.26989744
   0.24511249 -0.14583724 -0.95010647  0.13936397 -0.86674441  0.85839106]
 [ 0.77950038 -0.09095523 -0.19319299 -0.93097104 -0.72695515  0.29410508
  -1.34203515  0.20145591 -0.22722965  0.58810976 -0.65838741  0.86583781]
 [-0.32529071 -0.03104701 -0.17449164 -0.12079853  0.46790909 -0.51933201
  -0.02335782 -0.01667354  0.59361113 -0.02284659 -0.19395718  0.08163278]
 [-0.77090373 -0.16331711  0.16507711  0.27212841  1.02679252 -0.44069622
   0.38811222  0.08539279  0.03608054 -0.8014627   0.42409689  0.54457369]
 [ 0.1970355   0.47421259 -0.13350289 -1.02794752 -0.34225303  0.39754042
  -0.62694864  0.21839577  0.1028606  -0.27106054 -0.19221566 -0.76494124]
 [-0.12133834 -0.24315517  0.11148703  0.46640164  0.16915566 -0.31225131
   0.27457957 -0.18789443 -0.00691258 -0.99748518 -0.89963076 -0.13926001]
 [-0.55176438  0.30436418  0.03083292 -0.25944089  0.56713133 -0.04445865
   0.25712123  0.14515611  0.61866175 -0.39110925 -0.73123781  0.53206258]
 [ 0.67958403 -0.95010647 -0.22722965  0.59361113  0.03608054  0.1028606
  -0.00691258  0.61866175  0.7431746  -0.73096673  0.90410048 -0.69668239]
 [-0.12057153  0.13936397  0.58810976 -0.02284659 -0.8014627  -0.27106054
  -0.99748518 -0.39110925 -0.3025732   0.20548352  0.4630078  -0.33815976]
 [-0.37430292 -0.86674441 -0.65838741 -0.19395718  0.42409689 -0.19221566
  -0.89963076 -0.73123781 -0.25464059 -0.38314437  0.44193458  0.01968215]
 [-0.1080597   0.85839106  0.86583781  0.08163278  0.54457369 -0.76494124
  -0.13926001  0.53206258 -0.24319576  0.88691483  0.33367099  0.43033003]]

[[-0.02339014  0.2387871   0.06098971  0.14883781 -0.08286084  0.55120115
   0.391437    0.16580003 -0.09591868 -0.81067124 -0.05621143  0.45988719]
 [ 0.41701976 -0.55941065 -0.38653654  0.4455426  -0.17084422 -0.5134006
  -0.2805574  -0.12540614  0.19803515  0.14935147  0.70647957  0.06343805]
 [-0.05416562  0.39431431 -0.43392006 -0.87858315  0.10672565  0.03607937
  -0.46634082  0.30469792 -0.79692058  0.62692062  0.11997516  0.29205383]
 [-0.28031904  0.67829711 -0.10312952 -0.64753316  0.01717612  0.08779992
   0.16993304  0.00238317  0.35102557 -0.69088599  0.6187971   0.06138746]
 [-0.27920344 -0.10342344  0.45629197 -0.19785533  0.18934705 -0.53818781
  -0.1734653  -0.37211404  0.3849609  -0.76817772 -0.66943594 -0.16826218]
 [-0.12909931  0.26568819  0.00940617 -0.43884329 -0.10260298 -0.54726048
  -0.07694584 -0.39226121 -0.54666787  0.26638584 -0.09732167 -0.55416812]
 [ 0.18903142 -0.00533903 -0.5720451  -0.22367842 -0.1339064  -0.62363296
  -0.27797015 -0.154001   -0.7589144   0.93280576  0.0304854  -0.38099644]
 [-0.26697448  0.009295    0.54927492 -0.00440624  0.02871431 -0.41979118
   0.14214541 -0.48967708 -0.66411658 -0.12489759 -0.68253936  0.41536283]
 [-0.09591868  0.19803515 -0.79692058  0.35102557  0.3849609  -0.54666787
  -0.7589144  -0.66411658  0.14736646 -0.89881005 -0.31688603 -0.42377501]
 [-0.81067124  0.14935147  0.62692062 -0.69088599 -0.76817772  0.26638584
   0.93280576 -0.12489759  0.87131255 -0.42402308 -0.70080534 -0.24059006]
 [-0.05621143  0.70647957  0.11997516  0.6187971  -0.66943594 -0.09732167
   0.0304854  -0.68253936  0.99038502  0.65135908 -0.89693376  0.64737948]
 [ 0.45988719  0.06343805  0.29205383  0.06138746 -0.16826218 -0.55416812
  -0.38099644  0.41536283  0.7327177   0.1883814   0.88974491 -0.23948495]]

[[-0.25696153  0.18521187 -0.29168182 -0.27091082  0.46705356  0.27427048
  -0.01734172  0.48787609  0.52650247 -0.2248613  -0.32615965  0.22365902]
 [-0.14219514  0.01389196  0.264368    0.50681449  0.11089207  0.49332298
   0.56043306  0.1270778  -0.64494661 -0.32269741 -0.31588094 -0.73716356]
 [-0.05373584 -0.07670295  0.42388226  0.14457805 -0.0009147   0.27896418
   0.0783924  -0.00951716  0.9778907   0.75972553  0.85899731  0.92383701]
 [ 0.1959171   0.14507068 -0.64602015 -0.42401797 -0.04979532 -0.02763339
  -0.36169525  0.2787713   0.28643758 -0.35630499 -0.6997015  -0.94751265]
 [ 0.49690979 -0.15217073  0.07204514 -0.15503142 -0.77828531 -0.7011082
  -0.44281122 -0.71220831 -0.05066347 -0.77766237  0.26116359 -0.73691187]
 [ 0.04959318  0.4758292  -0.21896962 -0.50940686 -0.0476192   0.93444741
  -0.08224946  0.60204229 -0.26295152 -0.27093591  0.36187542 -0.27870275]
 [ 0.12300227  0.06901591 -0.24433036  0.25525478 -0.07891264  0.37701791
   0.26438345  0.22648632 -0.06089149  0.33779064  0.34211356  0.14008014]
 [ 0.27307156  0.23105446 -0.24143795 -0.54008044 -0.38876224 -0.00124947
  -0.39774799 -0.02650789 -0.84659332 -0.39708714 -0.71137897 -0.95268368]
 [ 0.52650247 -0.64494661  0.9778907   0.28643758 -0.05066347 -0.26295152
  -0.06089149 -0.84659332  0.08444326  0.44157942 -0.42813597  0.87173942]
 [-0.2248613  -0.32269741  0.75972553 -0.35630499 -0.77766237 -0.27093591
   0.33779064 -0.39708714  0.02284124 -0.89690506  0.70894435  0.58546084]
 [-0.32615965 -0.31588094  0.85899731 -0.6997015   0.26116359  0.36187542
   0.34211356 -0.71137897  0.63323326 -0.74994117 -0.86893218 -0.11200676]
 [ 0.22365902 -0.73716356  0.92383701 -0.94751265 -0.73691187 -0.27870275
   0.14008014 -0.95268368  0.47022199  0.02607976  0.29852711  0.64195381]]

[[ 0.30891387  0.21219675  0.06793269 -0.13995412 -0.64030599 -0.01582199
  -0.00658278 -0.35672037 -0.69524821  0.87007641 -0.21425486 -0.56029759]
 [ 0.1898526  -0.08033558 -0.33223725 -0.28633392  0.05480504  0.24209724
  -0.47467739  0.41121982  0.36680702  0.27769088 -0.07908182  0.22171679]
 [-0.41768203 -0.44450013  0.57514138  0.23027005  0.70806617  0.07584265
  -0.10271854  0.21375027  0.44958106  0.94997984  0.45259952 -0.25037105]
 [ 0.19226852  0.39634376  0.37699778 -0.32933431 -0.74513399 -0.07086353
   0.05671539 -0.59309856  0.35323174 -0.76894077 -0.5208583  -0.05188826]
 [-0.4336206  -0.29193045 -0.03502083  0.44308541  0.77017329 -0.17864752
   0.28505546  0.23654211 -0.03147396  0.02675385 -0.48254485 -0.84807895]
 [ 0.10511415 -0.69300221  0.41759761  0.14689954  0.24987829  0.10064723
  -0.64418682  0.21246194  0.27041358  0.57931141 -0.0821272  -0.06474307]
 [ 0.28415521  0.2780664  -0.01003272 -0.61165782 -0.48466213  0.19724681
  -0.42743572 -0.04196036 -0.70514457 -0.42702683  0.13795657 -0.52310779]
 [-0.05150598 -0.43003748  0.04079403  0.36054353  0.32763616 -0.11753631
  -0.08037228  0.12444879  0.54346452 -0.56335863  0.21271522  0.40817553]
 [-0.69524821  0.36680702  0.44958106  0.35323174 -0.03147396  0.27041358
  -0.70514457  0.54346452 -0.99290713  0.95568027  0.89153314  0.02092584]
 [ 0.87007641  0.27769088  0.94997984 -0.76894077  0.02675385  0.57931141
  -0.42702683 -0.56335863 -0.13241713 -0.30719854 -0.34933175 -0.85592396]
 [-0.21425486 -0.07908182  0.45259952 -0.5208583  -0.48254485 -0.0821272
   0.13795657  0.21271522  0.36977319  0.72767084  0.67010767 -0.18235489]
 [-0.56029759  0.22171679 -0.25037105 -0.05188826 -0.84807895 -0.06474307
  -0.52310779  0.40817553 -0.44047934 -0.11575656  0.77104444 -0.82980528]]

[[-0.13621813  0.27670179 -0.29438292 -0.11993453 -0.03321947 -0.58349096
   0.25670059 -0.33125331  0.49321825  0.16497126 -0.57699451 -0.03530601]
 [ 0.27174464  0.09309528  0.36157466  0.06462953 -0.62414438  0.09819774
   0.08712772 -0.40529974 -0.28973723  0.13107317 -0.12552992 -0.84593714]
 [-0.28924232 -0.59463842 -0.19189285  0.54974152  0.96014105  0.1786425
  -0.01855774  0.6966475  -0.8138639  -0.86888871  0.6269366  -0.5164941 ]
 [-0.21840718  0.10419089 -0.46213813 -0.05060986  0.27899449 -0.65060631
   0.16179195 -0.12194749  0.6180943  -0.3036236  -0.1707298   0.15006959]
 [ 0.0997272  -0.23563663  0.30182616  0.02887105  0.10991813  0.75991213
  -0.30419283  0.47712108  0.21260934 -0.0136149   0.94355581  0.74246195]
 [-0.14241666  0.00039378  0.04149877  0.56961992  0.03852284 -0.17984955
   0.64665298 -0.24218816 -0.11236461  0.58072764 -0.21920332 -0.1140516 ]
 [ 0.12075608  0.09717924  0.01336222  0.04173173 -0.362017   -0.34905483
   0.13473892 -0.42419078 -0.41420107  0.61904438 -0.93355006 -0.87780803]
 [ 0.02493184  0.09697943  0.20642154  0.12445048 -0.17242409  0.24121215
   0.21903089 -0.07232971  0.21635224  0.39323633  0.67125523  0.17390415]
 [ 0.49321825 -0.28973723 -0.8138639   0.6180943   0.21260934 -0.11236461
  -0.41420107  0.21635224  0.41622737  0.3346592   0.63063176  0.9635103 ]
 [ 0.16497126  0.13107317 -0.86888871 -0.3036236  -0.0136149   0.58072764
   0.61904438  0.39323633 -0.8737319  -0.3343849  -0.7156872  -0.64675227]
 [-0.57699451 -0.12552992  0.6269366  -0.1707298   0.94355581 -0.21920332
  -0.93355006  0.67125523 -0.33814813  0.24937078 -0.79094475  0.71681049]
 [-0.03530601 -0.84593714 -0.5164941   0.15006959  0.74246195 -0.1140516
  -0.87780803  0.17390415 -0.77055733  0.93222342  0.56471668 -0.25451881]]

[[ 0.33228684 -0.23218817 -0.02929136 -0.15407024 -0.24015964  0.01953287
  -0.52814399  0.04273297  0.10864095  0.60518588  0.00641645  0.80544238]
 [ 0.02775392  0.13255852  0.40463629 -0.39519768 -0.22951163  0.12842699
  -0.26189225 -0.14935042  0.26852359  0.91790784 -0.78147542 -0.64433764]
 [-0.18433448  0.05017605  0.13437626  0.37179695  0.00362776 -0.36773315
   0.52827567 -0.38926883  0.02518462  0.89971243  0.46036972 -0.07710005]
 [ 0.01146729  0.05918431 -0.22687502  0.17710317 -0.15356949 -0.60704051
   0.27604453 -0.41239617  0.2055536  -0.19167991 -0.74322861  0.71737899]
 [-0.33717387  0.13517407 -0.29343318  0.29394664  0.4731696   0.07507499
   0.54759939  0.25779636 -0.07793515 -0.22178156 -0.61256771  0.73057842]
 [ 0.35353629 -0.22254179  0.10807037 -0.26930803 -0.38727774 -0.24385094
  -0.62030124 -0.2222051  -0.52604674 -0.1532207  -0.0756799  -0.87536384]
 [-0.09731707  0.30125413  0.22339446 -0.17411962 -0.3076429  -0.48550418
   0.22811933 -0.60363703 -0.26838023  0.37195761 -0.62699293 -0.32132833]
 [ 0.14626315 -0.16644983 -0.21125972 -0.09874899  0.0729465   0.12335653
  -0.35061957  0.28204502 -0.07029471  0.28194004 -0.02978006  0.9994731 ]
 [ 0.10864095  0.26852359  0.02518462  0.2055536  -0.07793515 -0.52604674
  -0.26838023 -0.07029471 -0.03289362 -0.7782877  -0.80953466 -0.00281763]
 [ 0.60518588  0.91790784  0.89971243 -0.19167991 -0.22178156 -0.1532207
   0.37195761  0.28194004 -0.28657096  0.97116233  0.40877503 -0.01190789]
 [ 0.00641645 -0.78147542  0.46036972 -0.74322861 -0.61256771 -0.0756799
  -0.62699293 -0.02978006 -0.00515263  0.2322615  -0.98414807  0.20433344]
 [ 0.80544238 -0.64433764 -0.07710005  0.71737899  0.73057842 -0.87536384
  -0.32132833  0.9994731   0.20407023 -0.5227087  -0.44536719 -0.18116831]]
