A: 
[[-0.51504093  0.71501543  0.39172091  0.70364329 -0.37563882  0.65575576
  -0.68019451  0.63965353  0.59317913  0.37163079  0.52858564  0.56693048]
 [ 0.82437708 -0.53749486  0.3894504   0.4631145  -0.54446384 -0.16551591
   0.06882797 -0.39757415  0.58545618 -0.97050446 -0.85098048 -0.59052253]
 [-0.1211114   0.18970662  0.21467722 -0.13951716  0.77551666 -0.66006052
  -0.2100297   0.73739783  0.43584333 -0.01581475 -0.86198601 -0.74694459]
 [-0.20588026  0.77771193  0.39936414  0.54286889 -0.15177188  0.85899977
  -0.35723075  0.28759139  0.63867963 -0.61265458 -0.88872661  0.1356915 ]
 [-0.55903987 -0.14977499 -0.83236766 -0.72846775  0.00260521 -0.40316462
   0.61496661 -0.17477909 -0.78076257  0.39373009 -0.80965179  0.08253441]
 [-0.26818713  0.40447504 -0.31977713 -0.41973286  0.3508753   0.34556312
   0.3843497  -0.16853074  0.35593461  0.8940134  -0.94119992  0.01947841]
 [ 0.22061464 -0.44113638 -0.31300688 -0.29884909 -0.1331409   0.11779931
   0.27013627 -0.65513533 -0.96838743 -0.6581136  -0.13212834  0.98313603]
 [-0.62839471  0.27764467 -0.58509098 -0.35348976 -0.15640716  0.92512449
   0.06029033 -0.43955826 -0.59075662  0.0881762   0.11952714 -0.82740486]
 [-0.45523931  0.81830571  0.06453685 -0.09886713  0.57405277  0.22402213
  -0.01422742  0.53566991 -0.76535074  0.54257961  0.01201959 -0.32801732]
 [ 0.14238545  0.59165586  0.08843309 -0.11915832  0.36805959 -0.13163491
   0.70843354  0.12349768  0.17566288 -0.53696504  0.53458879  0.01668717]] 
x segnato:[[-0.35582834]
 [-0.26214022]
 [ 0.39485815]
 [-0.62075162]
 [ 0.73194291]
 [ 0.31005056]
 [-0.88394278]
 [ 0.92582889]
 [ 0.        ]
 [ 0.        ]
 [ 0.        ]
 [ 0.        ]]
Matrici Hi 

[[-0.11493268 -0.08498366  0.17014173  0.17967754  0.01507061 -0.39201275
  -0.36042067  0.46222422  0.55775625  0.31530125 -0.12812656  0.52987339]
 [ 0.44981954 -0.03123374  0.49325359  0.22701613  0.37788569  0.25350306
  -0.4633057   0.00212634  0.19424351 -0.90152708 -0.58649679 -0.50121418]
 [-0.26658518  0.09845727  0.24918559  0.36193588 -0.12494418 -0.28037484
  -0.48751874  0.64532283 -0.2640997  -0.37695533 -0.28452599 -0.45293627]
 [-0.07661536  0.35726198  0.50221514  0.45534771  0.15716462  0.21063735
  -0.64381835  0.55477368  0.20879555 -0.23538704 -0.81944282  0.95807498]
 [-0.30303075 -0.52432051 -0.58279371 -0.25217706 -0.61897356 -0.85745802
   0.49320372 -0.03563633  0.90666524 -0.84929757 -0.50317969 -0.21175563]
 [ 0.91640751 -0.30444983  0.51432218  0.41142004 -0.19530335  0.10624241
   0.04099501 -0.42445647  0.70034964  0.57179765  0.6951662   0.72659909]
 [ 0.48481157 -0.02268392  0.34186646 -0.19619403  0.94506873  0.43041802
  -0.40223354 -0.22511319 -0.71054985  0.54994066  0.82689909 -0.11803878]
 [-0.57474967  0.27975011 -0.12974269  0.02290995 -0.05776959 -0.0158864
  -0.20753464  0.44015009 -0.0782339  -0.2006737   0.12739534 -0.48020133]
 [ 0.55775625  0.19424351 -0.2640997   0.20879555  0.90666524  0.70034964
  -0.71054985 -0.0782339   0.14320423 -0.1760009   0.78801702 -0.27939834]
 [ 0.31530125 -0.90152708 -0.37695533 -0.23538704 -0.84929757  0.57179765
   0.54994066 -0.2006737   0.7508697   0.18075742  0.5943807   0.73319952]
 [-0.12812656 -0.58649679 -0.28452599 -0.81944282 -0.50317969  0.6951662
   0.82689909  0.12739534  0.6262984   0.1152162  -0.02811576 -0.15279167]
 [ 0.52987339 -0.50121418 -0.45293627  0.95807498 -0.21175563  0.72659909
  -0.11803878 -0.48020133  0.29604038  0.45515967 -0.26141036  0.73342426]]

[[ 0.22446163  0.23293683  0.32782713  0.00429929  0.60055868  0.23051083
  -0.23528131  0.10163525 -0.56361614  0.15061041 -0.65109117 -0.73013828]
 [-0.17154798  0.00173108 -0.17699846 -0.01952995 -0.24215959  0.26730111
   0.00714686 -0.17049689 -0.25922827 -0.93806707 -0.36001352 -0.8001166 ]
 [ 0.13626769  0.02618951  0.11595541 -0.24460063  0.7080544   0.08422335
  -0.21751871  0.01531648  0.77784122  0.85538551 -0.32461297  0.13115285]
 [-0.27996261 -0.25933565 -0.11238392 -0.22477164  0.36244115 -0.08985728
  -0.56757191  0.1857695  -0.7015106   0.63779025  0.05019172  0.12358758]
 [ 0.7691828   0.46817842  0.31904636 -0.04778724  0.4362531   0.22037186
   0.84983979 -0.39881876 -0.84578059  0.88511179  0.30851562 -0.40033454]
 [-0.2015515  -0.51485831 -0.24865349  0.02062219 -0.52426978 -0.75896406
   0.02085583  0.18154613  0.50012513  0.43041274  0.39120111 -0.95610781]
 [-0.25365999  0.37634373  0.06470963  0.38829687 -0.52259441  0.77864591
  -0.20788087 -0.0594878  -0.95696437  0.26749349  0.49476173 -0.21687229]
 [ 0.06988799  0.09096628 -0.0638665  -0.27629761  0.4324079   0.28126219
   0.05395802 -0.21870612  0.94981557 -0.38644714  0.64450706 -0.81548057]
 [-0.56361614 -0.25922827  0.77784122 -0.7015106  -0.84578059  0.50012513
  -0.95696437  0.94981557  0.62414312  0.7663014  -0.66733388  0.31701455]
 [ 0.15061041 -0.93806707  0.85538551  0.63779025  0.88511179  0.43041274
   0.26749349 -0.38644714 -0.35857737  0.92351625  0.74797369  0.30972678]
 [-0.65109117 -0.36001352 -0.32461297  0.05019172  0.30851562  0.39120111
   0.49476173  0.64450706 -0.62729984  0.10502812  0.08398223  0.37447408]
 [-0.73013828 -0.8001166   0.13115285  0.12358758 -0.40033454 -0.95610781
  -0.21687229 -0.81548057  0.24253987 -0.98124115 -0.19742143  0.19829193]]

[[ 0.26116985 -0.19258602 -0.21883864 -0.56671597  0.60724123 -0.07058432
   0.3402918  -0.41430388 -0.11504035 -0.42162675 -0.24244653 -0.36996634]
 [-0.36360767  0.1792983  -0.01086227  0.19734155 -0.25464999  0.29881099
  -0.32457878  0.1894005   0.62321499  0.69148917 -0.53330509 -0.53986845]
 [-0.2970223   0.28266902 -0.35884968 -0.56468845  0.56478106 -0.07315311
   0.39490573  0.01829248  0.35833331  0.3167422   0.51368714  0.48631997]
 [-0.42286225  0.04548614 -0.43912904 -0.46617284  0.22845802 -0.33018943
   0.28833545  0.11720366  0.11963259  0.79820987  0.86476736 -0.78891578]
 [ 0.15740137  0.60059576  0.28780806  0.05115021  0.46609206  0.5722255
   0.06012395 -0.00522704  0.58445402 -0.00307227  0.22023474 -0.5829256 ]
 [ 0.3359685   0.02607013  0.39238926  0.09967298  0.46648976 -0.08487225
  -0.25344252  0.17748136  0.09193474  0.99872943  0.68211825  0.02872851]
 [ 0.20720611 -0.69602656  0.01611161  0.33430169 -0.75765205  0.25517083
  -0.47557026 -0.44518476  0.49972922 -0.65413164  0.56584446  0.40861882]
 [-0.74618431  0.53574767 -0.33358436 -0.07862732 -0.19121174  0.11319173
   0.17961029  0.34662406  0.4955419   0.21306439 -0.77562528 -0.47238847]
 [-0.11504035  0.62321499  0.35833331  0.11963259  0.58445402  0.09193474
   0.49972922  0.4955419   0.79194516 -0.26695716 -0.26434252 -0.44841535]
 [-0.42162675  0.69148917  0.3167422   0.79820987 -0.00307227  0.99872943
  -0.65413164  0.21306439 -0.3732916   0.8948617  -0.60057429 -0.75660756]
 [-0.24244653 -0.53330509  0.51368714  0.86476736  0.22023474  0.68211825
   0.56584446 -0.77562528 -0.89239536  0.04835276 -0.52888764 -0.94854874]
 [-0.36996634 -0.53986845  0.48631997 -0.78891578 -0.5829256   0.02872851
   0.40861882 -0.47238847 -0.18158369 -0.95933492  0.28054201  0.45763516]]

[[ 0.24273558  0.15800643 -0.08354249 -0.33324598  0.39313985 -0.37707877
   0.7145752  -0.08546098 -0.56256549  0.02682977 -0.08296994 -0.69065173]
 [ 0.42910682 -0.63324539 -0.09769281 -0.18505537 -0.00638433  0.20504471
  -0.1069537  -0.679378    0.78530367  0.74607031  0.88049188  0.42998549]
 [ 0.40367524 -0.32133323 -0.17295032 -0.2170353  -0.11519795 -0.28476746
   0.61122878 -0.47390801 -0.27255213 -0.50306577  0.25362619  0.64755961]
 [ 0.0448261  -0.32803726 -0.20253108 -0.06038277 -0.33626948 -0.1718139
   0.17756233 -0.24059374 -0.99826276 -0.67878338  0.66793221 -0.86366216]
 [ 0.6630869  -0.03211676  0.11294738 -0.16457294  0.2758982  -0.07403767
   0.62883058 -0.45005235 -0.69027955  0.49179894 -0.03480872  0.83824437]
 [ 0.13492194  0.60994071  0.25788707  0.28216699 -0.11521791 -0.09987181
   0.56682847  0.25538888 -0.93368282  0.4717594   0.86090527 -0.00030475]
 [-0.07489127 -0.28588757 -0.09712107 -0.39837036  0.68734992  0.26879431
  -0.60528986 -0.13661379  0.07306605 -0.26617971 -0.13997362  0.95321078]
 [ 0.23811226 -0.85272369 -0.22721365 -0.08405496 -0.41314117  0.12156225
  -0.25932464 -0.65657958 -0.94399093  0.44446735  0.34780798 -0.10820374]
 [-0.56256549  0.78530367 -0.27255213 -0.99826276 -0.69027955 -0.93368282
   0.07306605 -0.94399093 -0.87828632 -0.60743202  0.42148341 -0.41600171]
 [ 0.02682977  0.74607031 -0.50306577 -0.67878338  0.49179894  0.4717594
  -0.26617971  0.44446735  0.00070099  0.65372631 -0.61871509 -0.07399347]
 [-0.08296994  0.88049188  0.25362619  0.66793221 -0.03480872  0.86090527
  -0.13997362  0.34780798  0.03751746  0.01043493 -0.28395403 -0.27827502]
 [-0.69065173  0.42998549  0.64755961 -0.86366216  0.83824437 -0.00030475
   0.95321078 -0.10820374 -0.21004308  0.88202779 -0.64829057  0.20129118]]

[[-0.00231319  0.43213839  0.45834045  0.16381645  0.62626957 -0.15686565
  -0.34805549  0.66053007  0.38931271 -0.81466232 -0.67184539  0.40555632]
 [ 0.37855347 -0.85497532  0.12999858  0.31808273 -0.55638387  0.31491256
  -0.70574251 -0.51764521  0.61505178 -0.13311882 -0.24228067 -0.52915091]
 [ 0.32943013 -0.07424845  0.40569003  0.34283459  0.00757735  0.36873586
  -0.48016427 -0.06682791  0.04535694  0.87322133  0.25479318 -0.1263943 ]
 [ 0.6149891  -0.12058408  0.64287152  0.5773265  -0.11823218  0.32759446
  -0.48280277 -0.08288959 -0.815174    0.75900146  0.31094667  0.93575449]
 [-0.58970898 -0.10564726 -0.71245367 -0.5815645  -0.00367637  0.20722478
   0.15031072 -0.30401203 -0.45598805 -0.72936851 -0.92118461 -0.2048318 ]
 [ 0.15099048  0.00429802 -0.04254444 -0.25134788  0.41036409  0.69643884
  -0.15928956 -0.48103078  0.23025408 -0.43930801 -0.67181565 -0.36789596]
 [ 0.00876522 -0.28506699  0.33521012  0.32230882 -0.0161671  -0.82189398
  -0.49594053  0.6953137  -0.15580087 -0.71177146 -0.42427839  0.54304443]
 [ 0.27331346 -0.59793297 -0.02791135  0.31493233 -0.84157374  0.25965323
  -0.17450977 -0.55043128 -0.48386462 -0.3048827   0.57870581 -0.86467034]
 [ 0.38931271  0.61505178  0.04535694 -0.815174   -0.45598805  0.23025408
  -0.15580087 -0.48386462  0.51543293 -0.63361379  0.47247177  0.66661699]
 [-0.81466232 -0.13311882  0.87322133  0.75900146 -0.72936851 -0.43930801
  -0.71177146 -0.3048827  -0.90838633 -0.191404    0.02285066 -0.70154732]
 [-0.67184539 -0.24228067  0.25479318  0.31094667 -0.92118461 -0.67181565
  -0.42427839  0.57870581 -0.52296597 -0.12934721 -0.1574291   0.08842644]
 [ 0.40555632 -0.52915091 -0.1263943   0.93575449 -0.2048318  -0.36789596
   0.54304443 -0.86467034  0.32469947 -0.25703961 -0.77948943 -0.70331115]]

[[ 0.5816308   0.01347794  0.25068069  0.14607215 -0.05290432 -0.12580959
   0.46553885 -0.22643428 -0.2270916  -0.5172181   0.84187164  0.55587267]
 [ 0.30251672 -0.1755429   0.30029706 -0.00751061  0.46850133 -0.86726298
  -0.02896686  0.4578067  -0.0774225  -0.14081116  0.65472756 -0.363063  ]
 [ 0.41302025  0.18234537  0.18826913 -0.14253586  0.50334964 -0.15213228
   0.39284481 -0.05479779  0.6546696   0.96285042  0.39868949  0.43181066]
 [ 0.2034174  -0.16290044  0.08389111 -0.26929013  0.65558309  0.00063742
  -0.24610188 -0.06908762  0.6320823   0.34115185 -0.14137176 -0.05738361]
 [ 0.16664973  0.74433887  0.10287331  0.1865811  -0.26761789 -0.2492695
   1.13739166  0.13763719  0.01765357 -0.5916212   0.3434494   0.58709843]
 [-0.24070642  0.26046117 -0.08508113 -0.19625763  0.36599529  0.33755873
  -0.13627832  0.03903447 -0.05254781 -0.19537855  0.20109265  0.26502842]
 [ 0.533664   -0.82518762  0.39848333  0.45928851 -0.42967191 -1.03946864
  -0.31431568  0.2721599  -0.67759377  0.4277032   0.31601691 -0.82117095]
 [ 0.0511379   0.09524505  0.04718304 -0.17915022  0.43882028 -0.3268106
   0.12926165  0.20362019 -0.95234239  0.54932343  0.96502648  0.40904247]
 [-0.2270916  -0.0774225   0.6546696   0.6320823   0.01765357 -0.05254781
  -0.67759377 -0.95234239 -0.10433135 -0.01207447 -0.95418549 -0.22125677]
 [-0.5172181  -0.14081116  0.96285042  0.34115185 -0.5916212  -0.19537855
   0.4277032   0.54932343 -0.63116418 -0.520161    0.08032648 -0.92587096]
 [ 0.84187164  0.65472756  0.39868949 -0.14137176  0.3434494   0.20109265
   0.31601691  0.96502648  0.10897508  0.87792362  0.76105361  0.57890313]
 [ 0.55587267 -0.363063    0.43181066 -0.05738361  0.58709843  0.26502842
  -0.82117095  0.40904247 -0.61791754  0.18082328  0.03994914  0.1665896 ]]

[[-0.34823043 -0.25282195 -0.07472915  0.08935807 -0.19367889 -0.1314447
  -0.53449197  0.26389237  0.8907603   0.18547178  0.60183108  0.45521778]
 [ 0.27796808 -0.65646365 -0.00049529  0.0476409  -0.23030336  0.03982156
  -0.35831607 -0.37894533  0.38581385  0.10185913  0.04244108  0.02215656]
 [-0.13582629 -0.03360407  0.06280394  0.04510248  0.12615068  0.42204182
  -0.55771243  0.00008709  0.49439545  0.88389856 -0.97781114 -0.27772077]
 [-0.09999688  0.20741022  0.10137554  0.11957768  0.03151403  0.37840291
  -0.23737404  0.04899906  0.17045847  0.0494309   0.16442244 -0.11179507]
 [ 0.09872586 -0.41278014 -0.05438581 -0.22711005  0.32728375  0.14719931
  -0.43196249 -0.24238643  0.68147025 -0.06239189  0.12550957  0.22778278]
 [ 0.25175742 -0.34453469 -0.15785196 -0.50139347  0.5922041  -0.27493549
   0.14437109 -0.26473191  0.28951222  0.56110915 -0.02856872 -0.90232202]
 [-0.06113947 -0.7934383  -0.11659011  0.40004389 -1.11118908 -0.73922935
  -0.1780772   0.0965725  -0.36460512  0.57535534 -0.88283156 -0.06998152]
 [ 0.10742758  0.25102188  0.20595945  0.18742906  0.03296284  0.71230086
  -0.23004282 -0.18845472 -0.90918071 -0.14710815 -0.25772134 -0.03966142]
 [ 0.8907603   0.38581385  0.49439545  0.17045847  0.68147025  0.28951222
  -0.36460512 -0.90918071  0.76470699 -0.2596335  -0.31375554 -0.70275928]
 [ 0.18547178  0.10185913  0.88389856  0.0494309  -0.06239189  0.56110915
   0.57535534 -0.14710815  0.30660581 -0.04648239  0.95946576  0.3869124 ]
 [ 0.60183108  0.04244108 -0.97781114  0.16442244  0.12550957 -0.02856872
  -0.88283156 -0.25772134 -0.1186762   0.0671625  -0.80703274  0.5467651 ]
 [ 0.45521778  0.02215656 -0.27772077 -0.11179507  0.22778278 -0.90232202
  -0.06998152 -0.03966142 -0.95213632  0.08865624 -0.44976493  0.60039098]]

[[-0.03219622  0.12132533 -0.15546504  0.14529385 -0.62992325 -0.0690727
   0.56993364 -0.13713831 -0.06151536 -0.29813168 -0.8413902   0.68752225]
 [ 0.51486616 -0.29827423  0.10882349 -0.12270546  0.28243726  0.54512681
  -0.16962557 -0.63972563 -0.77067421 -0.96189554 -0.18804236 -0.74072952]
 [-0.03352938  0.20740436 -0.12828074  0.0947683  -0.46389329 -0.06917276
   0.57842152 -0.08322076  0.38262288 -0.70415534  0.03449156  0.81140282]
 [-0.09921398 -0.06327204 -0.28441759 -0.09318501 -0.38503418 -0.36044773
   0.53382097 -0.07389396 -0.45245432 -0.81336166 -0.53233308 -0.21609446]
 [ 0.19240211  0.48411499  0.42966911  0.34732238  0.12787825  0.62161892
  -0.18953169  0.04515288  0.30327561  0.87190591 -0.40758437 -0.94734226]
 [ 0.68837254 -0.66617433  0.50049836  0.2647093   0.15991802 -0.48869013
  -0.50584063  0.04147314  0.1458347  -0.05626068 -0.87757924 -0.57433396]
 [ 0.25395382 -0.36543838 -0.22427857 -0.32723238  0.13499046  0.71626784
  -0.09263082 -0.84501117 -0.44575544 -0.57666343  0.15728322  0.16062111]
 [-0.25177375  0.42185144 -0.17639001 -0.14846456  0.07445467  0.34079828
   0.27390987 -0.05215144 -0.47241092 -0.18366801 -0.43165483  0.04067605]
 [-0.06151536 -0.77067421  0.38262288 -0.45245432  0.30327561  0.1458347
  -0.44575544 -0.47241092  0.4088511   0.62747401 -0.82570148 -0.84940203]
 [-0.29813168 -0.96189554 -0.70415534 -0.81336166  0.87190591 -0.05626068
  -0.57666343 -0.18366801 -0.97213723  0.90789659 -0.79928006 -0.82256166]
 [-0.8413902  -0.18804236  0.03449156 -0.53233308 -0.40758437 -0.87757924
   0.15728322 -0.43165483  0.1834833   0.53674371  0.68540794  0.47245671]
 [ 0.68752225 -0.74072952  0.81140282 -0.21609446 -0.94734226 -0.57433396
   0.16062111  0.04067605 -0.69070332  0.52355839 -0.69032011  0.62436977]]

[[ 0.47092936  0.0253507   0.30097125 -0.07856669  0.61446668  0.43056734
  -0.20125039 -0.27639234 -0.7213191  -0.96742065 -0.5735865   0.65104498]
 [-0.41606211  0.07183358 -0.14329398  0.20207448 -0.54880215 -0.14927733
  -0.01556185  0.27436161 -0.9005506   0.73379972 -0.64262964  0.6928585 ]
 [ 0.20136673 -0.06223095 -0.10559744 -0.23362736  0.18644301  0.20264354
   0.22476214 -0.38752129  0.49900462  0.38961237 -0.88724318  0.08512092]
 [-0.07570845 -0.02064413 -0.20770819 -0.03780898 -0.31683231  0.21834401
   0.20471315 -0.27832642 -0.97491289  0.34080896  0.7791714   0.09253599]
 [ 0.38992253 -0.08833073  0.09262052 -0.35095995  0.74868665 -0.20270323
   0.14788394 -0.12210874  0.51144633  0.68659279 -0.54572606  0.03920255]
 [ 0.33856167  0.23224959  0.34328709  0.57554312 -0.61616761  0.50872736
   0.11611375 -0.22104425  0.42862486 -0.38199608 -0.093819    0.68926077]
 [-0.45765035  0.14089069  0.22526081  0.35481823 -0.06154101 -0.10320433
  -0.75616499  0.72619438  0.73142017  0.29375353  0.76506191 -0.89369829]
 [-0.40941112 -0.19727184 -0.56503238 -0.44733348 -0.09511297 -0.46701085
   0.37967838 -0.01880963  0.84796849 -0.35330476  0.08173729 -0.57215869]
 [-0.7213191  -0.9005506   0.49900462 -0.97491289  0.51144633  0.42862486
   0.73142017  0.84796849 -0.77931909  0.66556362 -0.79284818 -0.36419503]
 [-0.96742065  0.73379972  0.38961237  0.34080896  0.68659279 -0.38199608
   0.29375353 -0.35330476 -0.58698001 -0.50994329  0.91299505  0.82337111]
 [-0.5735865  -0.64262964 -0.88724318  0.7791714  -0.54572606 -0.093819
   0.76506191  0.08173729  0.62113385 -0.35263956  0.15209    -0.98029441]
 [ 0.65104498  0.6928585   0.08512092  0.09253599  0.03920255  0.68926077
  -0.89369829 -0.57215869  0.64579167 -0.10739292 -0.40632573 -0.03422562]]

[[-0.31877161  0.31371152 -0.38846249 -0.04791528 -0.57293748  0.13823057
   0.6821159  -0.18217924  0.55908865 -0.03236815 -0.22711641  0.70599572]
 [-0.33744726 -0.44819618 -0.30064993 -0.18631327 -0.09484167 -0.08065695
  -0.43419122 -0.02247773  0.81378775 -0.48545133 -0.41233982 -0.48635571]
 [-0.07965908  0.05030811 -0.1239019   0.05116551 -0.35544479 -0.33779997
   0.4134819   0.0814336  -0.72312973 -0.46157923  0.91720522 -0.49775549]
 [ 0.28391095  0.0512223   0.24647004  0.08563863  0.19013153 -0.40739575
   0.17368566  0.20619259 -0.56181472  0.87118819 -0.10574944  0.15932162]
 [-0.65410283 -0.13697438 -0.64805861 -0.0761757  -0.91524447  0.07416763
   0.24419396 -0.1921747  -0.34485121  0.02932888  0.44131253  0.8943315 ]
 [-0.54707022  0.19834367 -0.74925416 -0.47305887 -0.34621253 -0.03467882
   0.84149942 -0.2595086  -0.86156599  0.75827406  0.87943452 -0.79099205]
 [-0.26350663 -0.24449258 -0.15008327 -0.13173049  0.11750826  0.63995171
  -0.73073629 -0.23243181  0.87934362  0.92279085  0.96104698 -0.12792448]
 [ 0.37928151 -0.40117343  0.49885153  0.29318383  0.2419531  -0.47083618
  -0.63728014  0.36030952  0.33171825  0.79045486 -0.74283833  0.88732113]
 [ 0.55908865  0.81378775 -0.72312973 -0.56181472 -0.34485121 -0.86156599
   0.87934362  0.33171825  0.94439571  0.32807161 -0.74193607  0.96445151]
 [-0.03236815 -0.48545133 -0.46157923  0.87118819  0.02932888  0.75827406
   0.92279085  0.79045486 -0.47303241  0.7632327  -0.77784804 -0.5099638 ]
 [-0.22711641 -0.41233982  0.91720522 -0.10574944  0.44131253  0.87943452
   0.96104698 -0.74283833 -0.69993479 -0.23722812  0.3190343  -0.00610849]
 [ 0.70599572 -0.48635571 -0.49775549  0.15932162  0.8943315  -0.79099205
  -0.12792448  0.88732113 -0.39528886  0.4071315   0.83804808  0.69063769]]
